0: 23 144 176 210 211 240 914 -1
1: 7 144 221 223 224 225 226 227 228 229 230 231 232 238 240 243 244 923 970 995 1470 1716 -1
2: 46 97 180 244 266 279 288 289 296 376 384 698 1470 2163 2585 -1
3: 6 23 65 135 228 229 231 238 311 312 313 314 315 316 317 318 320 321 322 323 324 325 326 327 328 329 330 331 332 333 334 335 336 337 338 339 340 341 342 343 344 345 346 347 348 349 350 351 352 353 354 356 487 914 961 1615 1616 1685 2118 -1
4: 2 7 24 54 79 177 180 227 235 240 244 245 251 265 303 337 374 376 377 378 379 380 381 382 383 384 385 386 387 388 389 390 391 392 393 395 396 397 398 399 400 401 402 403 404 405 406 407 408 410 411 412 413 414 415 416 417 418 447 505 506 515 568 678 681 683 686 694 695 713 714 971 1208 1392 1395 1409 1459 1470 1685 1722 2007 2013 2015 2105 2163 2525 2547 2556 2579 2580 2587 2591 2592 -1
5: 105 427 429 430 431 433 434 435 436 437 1223 -1
6: 503 504 505 506 -1
7: 624 625 -1
8: 83 429 633 634 635 636 638 641 642 -1
9: 645 -1
10: 15 657 659 660 661 810 -1
11: 77 79 662 664 -1
12: 434 509 624 625 645 677 684 715 740 1028 1096 1104 1142 1166 1167 1168 1171 1173 1176 1181 1185 1192 1194 1311 1319 1414 1420 1421 1422 1429 1479 1695 1833 1834 1835 1836 1837 1838 1857 1863 1864 2062 2226 2321 2340 2436 2441 2443 2447 2450 2506 2567 -1
13: 734 735 736 740 -1
14: 6 23 34 55 66 67 88 94 121 135 147 191 206 228 229 231 238 274 320 321 337 346 351 353 376 396 414 505 694 701 748 749 750 752 753 754 756 757 758 759 760 761 762 763 764 765 766 767 769 770 771 772 774 775 776 777 778 779 780 781 782 783 784 785 786 787 788 789 790 791 792 793 794 795 914 926 992 1103 1105 1389 1409 1615 1618 1685 2076 2084 2420 2580 2585 2587 2592 2594 -1
15: 24 816 825 826 827 828 829 -1
16: 850 -1
17: 852 -1
18: -1
19: -1
20: -1
21: -1
22: -1
23: 70 144 175 206 224 691 960 961 964 965 966 970 972 979 986 988 2591 -1
24: -1
25: -1
26: 5 6 7 34 46 54 67 70 79 97 102 135 150 181 183 192 197 203 205 206 221 227 231 240 244 250 251 255 274 294 308 321 335 336 337 351 353 375 376 382 385 387 388 390 395 396 401 402 407 430 432 436 444 445 449 474 487 503 505 506 515 520 523 527 554 560 577 678 680 682 683 686 690 693 694 695 713 714 748 750 754 758 762 766 768 774 775 778 779 782 784 792 793 795 926 938 961 970 992 1031 1078 1079 1080 1084 1085 1086 1087 1088 1089 1090 1091 1092 1093 1094 1095 1096 1097 1098 1099 1100 1101 1102 1103 1104 1105 1149 1189 1202 1227 1350 1389 1397 1406 1409 1420 1421 1454 1460 1461 1618 1684 1685 1759 2081 2131 2163 2323 2325 2337 2344 2351 2426 2479 2512 2514 2572 2583 2585 2587 2591 2592 2594 2597 -1
27: 1115 1116 -1
28: 84 105 -1
29: 1133 -1
30: 1134 -1
31: -1
32: 1142 -1
33: -1
34: -1
35: 1153 -1
36: 642 1155 1156 -1
37: 1159 -1
38: 1164 1166 1167 1168 1169 1172 1173 1174 1177 1179 1181 1183 1184 1185 1186 1188 1189 1190 1193 -1
39: 1200 -1
40: -1
41: 1207 1208 -1
42: -1
43: 70 1222 -1
44: 645 1227 -1
45: 429 1232 1233 -1
46: 142 1237 1238 -1
47: 1302 -1
48: -1
49: -1
50: -1
51: 1223 1313 1314 1315 1316 1317 1318 1319 -1
52: 1348 -1
53: -1
54: 56 1364 -1
55: -1
56: 1397 1402 1405 -1
57: -1
58: -1
59: -1
60: -1
61: 27 1451 1452 -1
62: -1
63: -1
64: -1
65: -1
66: -1
67: -1
68: 1424 1656 1658 -1
69: -1
70: -1
71: -1
72: -1
73: -1
74: -1
75: -1
76: -1
77: -1
78: -1
79: -1
80: -1
81: -1
82: -1
83: -1
84: -1
85: -1
86: -1
87: 1912 -1
88: -1
89: 1918 1983 -1
90: -1
91: 240 2013 2015 -1
92: -1
93: -1
94: 1238 -1
95: -1
96: -1
97: -1
98: -1
99: -1
100: -1
101: 354 1238 2080 2081 2082 -1
102: -1
103: -1
104: -1
105: 2110 2111 -1
106: 2113 2114 2115 2116 2117 2118 -1
107: -1
108: -1
109: -1
110: -1
111: -1
112: 2163 -1
113: -1
114: -1
115: -1
116: -1
117: -1
118: 2217 -1
119: -1
120: -1
121: -1
122: -1
123: -1
124: -1
125: -1
126: 2308 -1
127: -1
128: -1
129: -1
130: -1
131: 634 2318 2319 2320 2322 2323 2324 2325 2327 2328 2329 2330 2331 2332 2333 2334 2335 2336 2337 2338 2340 2341 2342 2343 2344 2345 2346 2347 2348 2349 2350 -1
132: -1
133: -1
134: -1
135: -1
136: -1
137: 2417 -1
138: -1
139: 2434 2435 2437 2438 2439 2441 2442 2443 2444 2445 2446 2447 2448 2449 2450 2451 2452 2453 2454 -1
140: -1
141: -1
142: -1
143: -1
144: -1
145: 134 779 2496 2497 2499 2500 2501 2502 2503 2504 2505 2506 2507 2509 2510 2512 2513 2514 2517 2518 2519 2520 2521 2522 2526 2527 2528 2529 2530 2531 2532 2533 2534 2594 -1
146: -1
147: -1
148: 2535 2538 2539 2540 2541 2542 2543 2544 2545 2546 2547 2548 2549 2550 2551 2552 2553 2554 2555 2556 2557 2558 2559 2560 2561 2562 2563 2564 2565 2566 -1
149: -1
150: -1
151: 395 506 2571 2572 2573 2574 2575 2576 2577 2578 2581 2582 2584 2585 2586 2587 2589 2590 2591 2592 2593 2594 2595 -1
152: 2597 -1
153: 0 1 15 25 154 155 167 182 222 258 384 422 423 426 662 726 804 805 824 850 855 859 860 907 908 909 910 986 989 1032 1045 1068 1093 1178 1200 1210 1218 1219 1220 1222 1238 1364 1456 1472 1481 2059 2097 2132 2542 2591 -1
154: -1
155: 7 24 54 62 79 93 95 98 109 113 188 192 209 215 217 223 224 225 226 227 230 231 243 337 385 407 505 577 678 682 683 686 690 694 695 701 713 714 826 915 917 923 938 962 964 965 966 970 981 984 992 995 1052 1053 1134 1145 1176 1397 1399 1406 1469 1470 1685 1716 1759 2011 2013 2015 2062 2169 2329 2494 2587 -1
156: 0 258 855 907 908 909 910 1222 1481 -1
157: 0 258 855 907 908 909 910 -1
158: 0 258 855 907 908 909 910 1481 -1
159: 0 258 805 855 860 907 908 909 910 -1
160: 0 162 176 182 233 237 258 804 855 907 908 909 910 913 965 972 1369 2059 -1
161: 0 156 240 258 855 859 907 908 909 910 989 1816 2576 -1
162: 79 91 100 829 -1
163: 0 258 855 907 908 909 910 -1
164: 0 176 258 855 907 908 909 910 965 972 -1
165: 0 258 855 907 908 909 910 -1
166: 0 258 855 907 908 909 910 965 -1
167: -1
168: 0 176 258 855 907 908 909 910 965 2059 -1
169: 0 258 855 907 908 909 910 965 -1
170: 0 258 855 907 908 909 910 965 -1
171: 0 82 100 258 855 907 908 909 910 1759 -1
172: 0 18 100 218 240 258 855 907 908 909 910 -1
173: 0 79 258 855 907 908 909 910 962 -1
174: 0 236 258 855 907 908 909 910 962 -1
175: 0 258 855 907 908 909 910 -1
176: 0 258 855 907 908 909 910 -1
177: -1
178: -1
179: -1
180: -1
181: -1
182: -1
183: -1
184: 24 -1
185: -1
186: -1
187: -1
188: -1
189: -1
190: -1
191: -1
192: -1
193: -1
194: -1
195: -1
196: 215 -1
197: -1
198: -1
199: -1
200: -1
201: 216 2169 -1
202: 2431 -1
203: -1
204: -1
205: -1
206: -1
207: -1
208: -1
209: -1
210: -1
211: -1
212: 23 914 2217 -1
213: -1
214: -1
215: -1
216: 18 -1
217: -1
218: -1
219: -1
220: 1 1456 1472 -1
221: -1
222: -1
223: -1
224: -1
225: -1
226: -1
227: -1
228: -1
229: -1
230: -1
231: -1
232: -1
233: -1
234: -1
235: -1
236: -1
237: -1
238: -1
239: -1
240: -1
241: -1
242: -1
243: -1
244: 825 -1
245: 2 226 252 303 923 995 1418 1420 1421 1604 1716 -1
246: 2 303 1604 -1
247: 2 303 1604 -1
248: 2 303 1604 -1
249: 2 303 1604 -1
250: 2 26 177 228 229 238 265 303 405 431 740 1082 1460 1479 1604 2163 2226 2351 2512 2549 -1
251: 2 24 177 265 303 392 1082 1351 1463 1470 1606 -1
252: 2 177 265 278 303 1420 1421 -1
253: 2 4 6 7 34 53 54 67 78 88 94 122 127 135 142 177 183 192 205 221 231 255 265 274 282 291 303 308 321 322 337 353 355 370 375 382 401 407 444 445 474 503 505 520 563 680 682 683 686 690 695 698 713 714 748 750 754 762 766 771 774 775 777 778 782 789 853 884 970 1080 1083 1092 1097 1103 1105 1237 1350 1363 1397 1409 1413 1419 1420 1421 1429 1468 1521 1606 1615 1618 1684 1685 2013 2015 2110 2111 2131 2163 2175 2329 2346 2512 2572 2585 2587 2591 2597 -1
254: 2 4 177 256 265 303 388 624 625 694 1418 1419 1739 2329 2587 2591 -1
255: 2 7 56 79 177 179 183 186 227 240 265 303 376 385 387 401 407 563 577 678 679 680 682 686 693 694 698 706 710 711 713 740 748 750 754 758 762 782 853 974 992 1092 1097 1103 1149 1350 1351 1455 1463 1465 1521 1606 1723 1724 2109 2163 2334 2474 2512 2585 2587 2591 -1
256: 2 21 177 253 265 303 388 505 515 589 624 625 686 768 891 937 939 941 1111 1186 1392 1468 1739 2163 2578 2582 2587 2591 -1
257: 2 177 265 303 686 -1
258: 2 23 71 177 178 179 180 187 198 200 203 204 207 209 214 217 243 265 303 914 992 1003 1709 -1
259: 2 177 178 180 265 303 -1
260: 2 177 178 180 265 303 -1
261: 2 177 178 265 303 -1
262: 2 177 178 180 265 303 -1
263: 2 177 178 180 265 303 -1
264: 2 177 178 265 303 -1
265: -1
266: -1
267: 244 251 1031 1470 -1
268: 255 -1
269: -1
270: -1
271: -1
272: -1
273: -1
274: -1
275: -1
276: -1
277: -1
278: -1
279: -1
280: -1
281: -1
282: -1
283: -1
284: -1
285: -1
286: -1
287: -1
288: -1
289: -1
290: -1
291: -1
292: -1
293: -1
294: -1
295: 701 -1
296: -1
297: -1
298: -1
299: -1
300: -1
301: -1
302: 6 309 310 376 385 425 678 749 758 777 967 1467 1618 -1
303: 3 6 7 31 79 88 102 224 231 240 269 270 271 272 273 274 275 276 277 280 281 283 284 285 286 287 290 291 292 293 294 295 297 298 299 300 301 356 403 414 490 502 507 515 520 551 589 680 697 713 752 764 785 791 884 938 1109 1464 1466 1467 1615 1618 1684 1759 1915 2007 2013 2015 2437 2594 -1
304: 1467 -1
305: 3 101 106 304 319 1467 -1
306: 3 302 1467 -1
307: 3 302 1467 -1
308: 3 5 17 249 302 355 422 423 426 428 807 811 851 1095 1423 1467 1679 1826 2008 2090 2091 2092 2095 2096 2319 -1
309: 3 1467 -1
310: 3 5 17 249 302 355 422 423 426 428 807 811 851 1095 1423 1467 1679 1826 2008 2090 2091 2092 2095 2096 2319 -1
311: -1
312: -1
313: -1
314: -1
315: -1
316: -1
317: -1
318: -1
319: -1
320: -1
321: 353 -1
322: -1
323: -1
324: -1
325: -1
326: -1
327: -1
328: -1
329: -1
330: -1
331: -1
332: -1
333: -1
334: -1
335: -1
336: -1
337: -1
338: -1
339: -1
340: -1
341: -1
342: -1
343: -1
344: -1
345: -1
346: -1
347: -1
348: -1
349: -1
350: -1
351: -1
352: -1
353: -1
354: -1
355: -1
356: -1
357: 429 1027 -1
358: 4 -1
359: 4 -1
360: 4 79 91 320 377 441 1749 2097 -1
361: 4 362 409 1749 -1
362: -1
363: 253 2163 -1
364: -1
365: 4 244 1109 1223 1418 1421 2097 -1
366: -1
367: 4 -1
368: 4 -1
369: 4 1223 2163 -1
370: 4 2487 -1
371: 4 1200 -1
372: 4 351 1319 1363 1625 1722 -1
373: 4 -1
374: -1
375: -1
376: -1
377: -1
378: -1
379: -1
380: -1
381: -1
382: -1
383: -1
384: -1
385: -1
386: -1
387: -1
388: -1
389: -1
390: -1
391: -1
392: -1
393: -1
394: -1
395: -1
396: -1
397: -1
398: -1
399: -1
400: -1
401: -1
402: -1
403: -1
404: -1
405: -1
406: -1
407: -1
408: -1
409: -1
410: -1
411: -1
412: -1
413: -1
414: -1
415: -1
416: -1
417: -1
418: -1
419: 5 126 231 401 430 560 645 739 961 1458 1615 2019 2329 2431 2508 2518 -1
420: 5 232 430 692 2510 -1
421: 5 17 249 355 422 423 426 428 807 811 851 1095 1423 1679 1826 2008 2090 2091 2092 2095 2096 2319 -1
422: -1
423: -1
424: 5 17 249 355 422 423 426 428 807 811 851 1095 1423 1679 1826 2008 2090 2091 2092 2095 2096 2319 -1
425: 5 17 249 302 355 422 423 426 428 807 811 851 1095 1423 1679 1826 2008 2090 2091 2092 2095 2096 2319 -1
426: -1
427: -1
428: -1
429: -1
430: -1
431: -1
432: -1
433: -1
434: -1
435: -1
436: -1
437: -1
438: 6 -1
439: 6 -1
440: 6 939 941 -1
441: 6 -1
442: 6 -1
443: 6 -1
444: 6 -1
445: 6 -1
446: 6 -1
447: 6 -1
448: 6 -1
449: 6 -1
450: 6 -1
451: 6 -1
452: 6 -1
453: 6 -1
454: 6 -1
455: 6 -1
456: 6 -1
457: 6 -1
458: 6 -1
459: 6 -1
460: 6 -1
461: 6 -1
462: 6 -1
463: 6 -1
464: 6 -1
465: 6 -1
466: 6 -1
467: 6 484 -1
468: 6 -1
469: 6 -1
470: 6 484 -1
471: 6 -1
472: 6 -1
473: 6 484 -1
474: 6 -1
475: 6 484 -1
476: 6 -1
477: 6 -1
478: 6 -1
479: 6 -1
480: 6 -1
481: 6 -1
482: 6 -1
483: 6 -1
484: 6 65 336 347 984 1238 1616 1618 -1
485: 6 -1
486: 6 -1
487: 6 -1
488: 6 474 -1
489: 6 -1
490: 6 231 514 777 -1
491: 6 -1
492: 6 23 94 775 914 1389 1618 -1
493: 6 -1
494: 6 -1
495: 6 474 -1
496: 6 -1
497: 6 7 41 42 46 54 65 67 70 79 91 96 124 183 192 227 231 255 274 282 335 336 337 347 355 375 378 385 387 388 390 395 397 405 407 410 417 431 440 441 442 444 445 446 447 448 449 474 487 505 515 563 577 678 683 686 694 695 713 714 748 754 762 768 775 785 964 966 970 992 1060 1090 1103 1105 1170 1389 1409 1418 1420 1421 1429 1466 1604 1615 1616 1618 1685 2007 2099 2131 2163 2479 2482 2512 2518 2529 2572 2585 2587 2591 2592 2594 2595 -1
498: 6 126 442 444 474 760 762 990 1101 1618 2018 -1
499: 6 762 1101 1618 -1
500: 6 -1
501: 6 487 768 775 2518 -1
502: -1
503: -1
504: -1
505: -1
506: 2573 -1
507: 504 -1
508: 7 624 625 713 2587 -1
509: 560 -1
510: 7 560 713 -1
511: 7 713 -1
512: 7 -1
513: 7 374 431 713 1458 1604 2113 -1
514: 7 713 -1
515: 7 397 505 713 2587 2591 -1
516: 7 54 385 678 679 680 681 682 683 685 686 687 688 689 690 691 692 693 694 695 696 697 698 699 702 703 705 706 707 708 709 710 711 712 713 714 715 716 717 853 1208 1521 -1
517: 7 560 710 716 -1
518: 7 -1
519: 7 713 -1
520: 7 70 395 2587 2591 -1
521: 7 713 -1
522: 7 -1
523: 7 713 -1
524: 7 -1
525: 7 31 34 67 79 91 94 108 127 128 135 183 203 205 217 227 231 255 274 321 322 337 353 355 375 382 385 387 395 401 414 440 442 444 474 503 505 520 645 678 680 683 686 690 695 698 708 713 714 748 754 758 760 762 766 774 775 782 791 793 795 961 974 992 1090 1097 1103 1104 1105 1154 1205 1389 1397 1409 1418 1419 1420 1421 1422 1429 1458 1610 1615 1618 1684 1685 2007 2163 2313 2314 2331 2482 2512 2572 2578 2580 2585 2587 2588 2592 2594 -1
526: 7 713 -1
527: 7 79 91 183 192 682 683 694 713 714 1406 -1
528: 7 67 79 274 395 505 713 775 2512 -1
529: 7 228 229 238 240 346 353 505 520 645 713 1227 1684 2163 -1
530: 7 377 713 2585 -1
531: 7 713 -1
532: 7 228 229 238 346 376 713 1011 -1
533: 7 205 376 504 713 2592 -1
534: 7 694 713 2525 -1
535: 7 79 91 376 385 401 678 713 772 1759 1816 2110 2111 2572 2574 2576 2583 -1
536: 7 401 -1
537: 7 713 776 -1
538: 7 713 -1
539: 7 23 41 79 91 192 274 337 346 385 678 680 683 690 713 714 914 1685 1723 2591 -1
540: 7 79 713 754 1103 1759 -1
541: 7 79 415 713 1759 2535 -1
542: 7 713 -1
543: 7 713 -1
544: 7 560 -1
545: 7 713 -1
546: 7 240 395 506 682 683 702 713 714 1109 1111 1186 -1
547: 7 713 775 -1
548: 7 713 -1
549: 7 713 -1
550: 7 231 713 778 1618 -1
551: 7 523 713 -1
552: 7 505 520 713 974 1684 -1
553: 7 127 219 227 385 415 541 678 713 762 961 1223 1224 1363 1407 1410 2585 -1
554: 7 54 337 385 624 625 678 682 685 713 714 1409 1685 2578 2587 2591 -1
555: 7 645 713 -1
556: 7 274 337 388 395 505 515 520 713 766 961 1111 1186 1409 1614 1684 1685 2587 2591 -1
557: 7 506 713 2587 -1
558: 7 48 79 91 227 337 385 388 395 520 560 678 692 694 713 760 765 793 1111 1409 1684 1685 2007 2110 2111 2512 2587 2592 2594 -1
559: 7 -1
560: 7 -1
561: 7 -1
562: 7 577 713 -1
563: 7 713 974 -1
564: 7 -1
565: 7 505 506 680 683 685 692 713 714 1458 2495 -1
566: 7 346 353 504 713 961 -1
567: 7 713 -1
568: 7 713 1066 1392 1395 1409 1459 1470 -1
569: 7 385 407 678 679 680 682 685 686 694 695 713 714 853 1133 1521 2587 2591 -1
570: 7 23 199 205 224 231 273 285 291 295 401 503 680 713 758 778 914 1464 2585 -1
571: 7 79 385 678 693 704 712 713 776 805 853 1133 1160 1208 1361 1397 1521 2576 -1
572: 7 713 -1
573: 7 713 -1
574: 7 713 970 -1
575: 7 713 -1
576: 7 713 -1
577: 7 713 754 1103 -1
578: 7 380 401 414 713 752 762 775 779 970 1026 1611 2169 2323 2347 2426 2513 2560 -1
579: 7 79 183 337 577 680 682 686 707 713 714 750 754 964 966 974 1103 1685 -1
580: 7 205 308 395 563 577 713 762 974 1090 1397 2582 2585 -1
581: 7 560 -1
582: 7 395 577 713 754 1103 -1
583: 7 70 335 392 713 775 805 1238 1618 2110 2111 -1
584: 7 225 255 385 678 713 1902 2569 -1
585: 7 715 -1
586: 7 337 346 353 713 961 1685 2573 -1
587: 7 23 67 79 132 239 366 385 575 576 678 713 776 792 913 914 945 957 973 1043 1722 1759 2007 2011 2580 -1
588: 7 713 -1
589: 7 385 678 713 -1
590: 7 713 -1
591: 7 337 713 1685 -1
592: 7 23 31 79 231 240 336 474 713 761 781 791 914 984 1135 1205 1238 1610 1615 2594 -1
593: 7 713 -1
594: 7 -1
595: 7 -1
596: 7 378 399 411 634 702 1041 1194 2443 2444 2450 2587 -1
597: 7 -1
598: 7 -1
599: 7 -1
600: 7 -1
601: 7 -1
602: 7 -1
603: 7 -1
604: 7 -1
605: 7 -1
606: 7 -1
607: 7 -1
608: 7 -1
609: 7 -1
610: 7 -1
611: 7 -1
612: 7 560 -1
613: 375 411 560 611 702 705 1656 1658 2529 2548 -1
614: 7 -1
615: 7 -1
616: 7 -1
617: 7 -1
618: 7 -1
619: 7 -1
620: 7 -1
621: 7 -1
622: 7 -1
623: 7 -1
624: -1
625: 624 -1
626: 8 1028 1819 2323 2328 -1
627: 8 692 762 1689 1837 1986 -1
628: 8 41 42 410 438 439 440 441 442 443 444 445 446 447 448 449 631 632 639 640 2403 2494 -1
629: 8 41 42 410 438 439 440 441 442 443 444 445 446 447 448 449 631 632 639 640 2403 2494 -1
630: 8 41 42 410 438 439 440 441 442 443 444 445 446 447 448 449 631 632 639 640 2403 2494 -1
631: -1
632: -1
633: -1
634: -1
635: -1
636: -1
637: -1
638: -1
639: -1
640: -1
641: -1
642: -1
643: 225 -1
644: 1812 -1
645: -1
646: 24 116 648 649 676 703 715 740 1041 1179 1192 2343 2556 -1
647: 10 38 646 652 654 655 656 1007 1030 1165 1191 1195 2345 -1
648: 10 38 646 652 654 655 656 1007 1030 1165 1191 1195 2345 -1
649: 10 38 646 652 654 655 656 1007 1030 1165 1191 1195 2345 -1
650: 10 38 646 652 654 655 656 1007 1030 1165 1191 1195 2345 -1
651: 10 38 396 646 652 654 655 656 1007 1030 1165 1191 1195 2345 -1
652: -1
653: 10 15 -1
654: 658 -1
655: -1
656: -1
657: -1
658: -1
659: -1
660: -1
661: -1
662: -1
663: -1
664: -1
665: 12 516 736 -1
666: 516 736 -1
667: 12 516 736 -1
668: 12 516 -1
669: 12 516 -1
670: 12 516 -1
671: 12 516 -1
672: 12 516 -1
673: 12 516 -1
674: 12 516 -1
675: 12 516 -1
676: 12 516 -1
677: 12 376 387 436 516 736 1178 1319 1420 1421 1763 1764 1830 1833 1864 2332 2436 2513 -1
678: -1
679: -1
680: -1
681: -1
682: -1
683: -1
684: 385 678 2587 -1
685: -1
686: -1
687: -1
688: -1
689: -1
690: -1
691: -1
692: -1
693: -1
694: -1
695: -1
696: -1
697: -1
698: -1
699: -1
700: -1
701: -1
702: -1
703: -1
704: -1
705: -1
706: -1
707: -1
708: -1
709: -1
710: -1
711: -1
712: -1
713: -1
714: -1
715: -1
716: -1
717: -1
718: -1
719: -1
720: 1812 -1
721: -1
722: 23 225 726 914 1179 1215 1218 1219 1220 1290 1675 1812 2062 -1
723: 13 133 728 729 730 731 732 733 737 738 739 -1
724: -1
725: -1
726: 13 728 729 730 731 732 733 737 738 739 -1
727: 13 43 133 718 719 721 722 724 725 728 729 730 731 732 733 737 738 739 1212 1213 1214 1216 1217 1221 -1
728: -1
729: -1
730: -1
731: -1
732: -1
733: -1
734: -1
735: -1
736: -1
737: -1
738: -1
739: -1
740: -1
741: 1453 1473 -1
742: 1453 1473 -1
743: 1453 1473 -1
744: 1453 1473 -1
745: 1453 1473 -1
746: 14 592 952 1453 1473 2112 2222 2223 2224 2311 2312 -1
747: 14 592 952 1453 1473 2112 2222 2223 2224 2311 2312 -1
748: -1
749: -1
750: -1
751: -1
752: -1
753: -1
754: -1
755: -1
756: -1
757: -1
758: -1
759: -1
760: -1
761: -1
762: -1
763: -1
764: -1
765: -1
766: -1
767: -1
768: -1
769: -1
770: -1
771: -1
772: -1
773: -1
774: -1
775: -1
776: -1
777: -1
778: -1
779: -1
780: -1
781: -1
782: -1
783: -1
784: -1
785: -1
786: -1
787: -1
788: -1
789: -1
790: -1
791: -1
792: -1
793: 23 913 914 -1
794: 790 -1
795: -1
796: 15 -1
797: 15 -1
798: 15 -1
799: 15 -1
800: 15 -1
801: 15 -1
802: 15 -1
803: 15 816 824 -1
804: -1
805: -1
806: 15 -1
807: 15 -1
808: 15 -1
809: 15 -1
810: 15 -1
811: 15 -1
812: 15 -1
813: 15 -1
814: 15 -1
815: 15 -1
816: 15 -1
817: 15 -1
818: 15 -1
819: 15 -1
820: 15 659 810 -1
821: 15 -1
822: 15 -1
823: 15 -1
824: -1
825: -1
826: -1
827: -1
828: -1
829: -1
830: 16 36 248 846 847 848 849 1157 1158 -1
831: 16 36 248 846 847 848 849 1157 1158 -1
832: 16 36 248 846 847 848 849 1157 1158 -1
833: 16 36 248 846 847 848 849 1157 1158 -1
834: 16 36 248 846 847 848 849 1157 1158 -1
835: 16 36 248 846 847 848 849 1157 1158 -1
836: 16 36 248 846 847 848 849 1157 1158 -1
837: 830 834 841 842 843 845 -1
838: 16 36 248 837 846 847 848 849 1157 1158 -1
839: 16 36 248 830 831 832 833 837 840 841 844 845 846 847 848 849 1157 1158 -1
840: 16 36 248 846 847 848 849 1157 1158 -1
841: 16 36 248 846 847 848 849 1157 1158 -1
842: 16 36 248 846 847 848 849 1157 1158 -1
843: 16 36 248 846 847 848 849 1157 1158 -1
844: 16 36 248 846 847 848 849 1157 1158 -1
845: 16 36 248 846 847 848 849 1157 1158 -1
846: -1
847: -1
848: -1
849: -1
850: 255 829 -1
851: -1
852: -1
853: -1
854: 1829 -1
855: 18 56 76 91 184 188 189 190 194 201 202 205 208 216 218 219 240 990 991 1365 -1
856: 18 -1
857: 18 -1
858: 18 24 -1
859: 18 -1
860: 18 109 -1
861: 18 1051 -1
862: 18 -1
863: 18 -1
864: 18 87 -1
865: 2453 -1
866: 868 -1
867: 868 -1
868: 19 762 878 879 880 881 882 -1
869: 19 868 878 879 880 881 882 -1
870: 645 868 -1
871: 19 868 878 879 880 881 882 -1
872: 19 762 868 878 879 880 881 882 -1
873: 19 868 878 879 880 881 882 -1
874: 19 868 878 879 880 881 882 -1
875: 19 117 878 879 880 881 882 -1
876: 19 117 -1
877: 19 868 869 878 879 880 881 882 -1
878: -1
879: -1
880: -1
881: -1
882: -1
883: 20 886 887 888 889 890 -1
884: 78 -1
885: 20 -1
886: -1
887: -1
888: -1
889: -1
890: -1
891: 805 1418 1421 2463 2491 2492 -1
892: 505 975 1226 1418 1419 1420 1421 -1
893: 22 77 78 191 210 385 401 436 677 678 681 762 773 777 970 1004 1105 1116 1224 1418 1420 1421 1689 1698 1707 1731 1824 1830 1878 1882 1883 1884 1885 1886 1887 1888 1889 1890 1899 1900 1901 2071 2254 2289 2351 2436 2453 2513 2522 2538 2556 2585 -1
894: 22 -1
895: 22 902 903 -1
896: 22 899 900 901 902 904 1224 -1
897: 22 376 380 385 562 678 748 752 754 775 779 901 902 1103 1224 1394 1409 2163 2419 2426 2560 -1
898: 22 -1
899: -1
900: -1
901: -1
902: -1
903: -1
904: -1
905: 23 914 962 963 968 974 982 -1
906: 2062 -1
907: 23 914 -1
908: 23 914 -1
909: 23 914 -1
910: 23 914 -1
911: -1
912: -1
913: 988 -1
914: -1
915: 23 206 223 228 229 238 240 346 913 914 919 972 973 976 986 1469 -1
916: -1
917: 23 914 -1
918: 980 -1
919: 980 -1
920: 23 914 -1
921: 23 914 936 960 -1
922: 23 914 -1
923: 23 206 231 914 1615 -1
924: 23 913 914 979 2494 -1
925: 23 914 -1
926: 23 914 -1
927: 23 914 -1
928: 23 54 100 162 175 176 182 230 233 236 911 912 913 914 918 922 965 976 983 2012 2059 2132 2591 -1
929: 23 914 -1
930: 23 914 -1
931: 23 913 914 -1
932: 23 176 914 -1
933: 23 914 -1
934: 23 914 -1
935: 23 914 -1
936: -1
937: 23 228 229 238 346 506 793 914 1238 2591 -1
938: 23 914 917 -1
939: 23 914 -1
940: 23 914 1238 -1
941: 23 914 -1
942: 23 181 914 1618 -1
943: 23 573 914 977 1238 -1
944: 23 914 945 1043 -1
945: 23 67 242 568 776 914 960 976 980 1366 2572 -1
946: 23 24 72 79 222 239 242 389 401 698 776 853 914 915 971 976 1060 1154 1469 1521 1727 1816 2007 2572 2576 -1
947: 23 914 976 -1
948: 23 222 776 805 914 1362 -1
949: 23 914 -1
950: 23 913 914 973 -1
951: 23 132 239 385 412 415 678 772 776 913 914 971 973 1011 1722 1816 2537 2556 2572 2580 -1
952: 23 914 916 2580 -1
953: 23 914 -1
954: 23 72 79 132 203 239 322 353 401 772 914 915 976 1011 1469 1816 2572 2580 -1
955: 23 914 -1
956: 23 914 -1
957: 23 913 914 973 -1
958: 23 913 914 -1
959: 23 113 295 697 914 1466 -1
960: -1
961: -1
962: -1
963: -1
964: -1
965: -1
966: -1
967: 988 -1
968: 905 -1
969: 988 -1
970: -1
971: -1
972: -1
973: -1
974: 387 577 706 905 -1
975: -1
976: 175 776 973 -1
977: -1
978: 988 -1
979: -1
980: -1
981: -1
982: 988 -1
983: -1
984: -1
985: 574 -1
986: 240 -1
987: 754 988 1103 -1
988: -1
989: 24 -1
990: 24 -1
991: 24 -1
992: 24 -1
993: 24 -1
994: 24 -1
995: 24 223 230 240 645 986 2013 2015 2591 -1
996: 24 -1
997: 24 970 1199 2062 -1
998: 24 970 1199 2062 -1
999: 24 54 79 82 91 100 162 236 970 1060 1759 1816 2011 2012 2059 -1
1000: 24 162 234 2059 -1
1001: 24 816 820 825 -1
1002: 24 -1
1003: 24 -1
1004: 24 68 1650 -1
1005: 24 2162 2329 -1
1006: 24 205 1415 1418 1419 1420 1421 1422 1460 1836 2163 -1
1007: 24 -1
1008: 24 -1
1009: 24 579 681 693 694 701 705 706 -1
1010: 24 -1
1011: 24 -1
1012: 24 -1
1013: 24 -1
1014: 24 -1
1015: 24 -1
1016: 24 2328 -1
1017: 24 990 -1
1018: 24 -1
1019: 24 1051 -1
1020: 24 -1
1021: 24 -1
1022: 24 -1
1023: 24 -1
1024: 24 253 417 -1
1025: 24 228 229 238 419 -1
1026: 24 -1
1027: 24 -1
1028: 24 645 2018 2310 2323 2328 2336 -1
1029: 24 35 401 706 754 1030 1103 1223 -1
1030: 24 210 -1
1031: 24 44 568 1082 1470 2105 2163 2587 -1
1032: 24 990 -1
1033: 24 1816 -1
1034: 24 -1
1035: 24 72 308 346 347 364 382 387 749 945 1043 1111 1200 1206 1616 1816 2010 2403 2574 2575 2576 2582 -1
1036: 24 -1
1037: 24 245 1223 1224 1418 1421 1816 2163 2572 -1
1038: 24 1816 -1
1039: 24 363 971 1011 -1
1040: 24 1401 -1
1041: -1
1042: 24 915 1469 -1
1043: 24 222 389 782 915 992 1011 1392 1469 -1
1044: 24 -1
1045: 24 -1
1046: 24 -1
1047: 24 -1
1048: 24 1051 -1
1049: 24 -1
1050: 24 990 992 -1
1051: -1
1052: -1
1053: -1
1054: 25 -1
1055: 25 2464 -1
1056: 25 -1
1057: 25 -1
1058: 25 -1
1059: 25 -1
1060: 25 429 1222 -1
1061: 25 1060 1222 -1
1062: 25 1200 -1
1063: 25 -1
1064: 25 -1
1065: 25 -1
1066: 25 1361 1459 -1
1067: 25 541 1392 1737 -1
1068: -1
1069: 378 1189 1421 1454 1461 -1
1070: 26 1176 1188 1830 -1
1071: 26 -1
1072: 26 378 1164 1189 -1
1073: 26 736 2079 2567 -1
1074: 26 353 378 380 399 411 414 756 768 1090 1618 2079 2443 2452 2518 -1
1075: 26 -1
1076: 2351 -1
1077: 26 -1
1078: -1
1079: 255 1046 1047 -1
1080: -1
1081: 752 1166 1829 2019 2538 -1
1082: -1
1083: 1189 -1
1084: -1
1085: -1
1086: -1
1087: -1
1088: -1
1089: -1
1090: -1
1091: -1
1092: -1
1093: -1
1094: -1
1095: -1
1096: 1099 1837 -1
1097: -1
1098: -1
1099: -1
1100: -1
1101: -1
1102: -1
1103: -1
1104: 538 957 -1
1105: 1092 -1
1106: 112 432 1689 1834 2018 2341 2556 -1
1107: 1116 -1
1108: 27 -1
1109: 27 56 418 513 520 1113 1684 2587 2592 -1
1110: 27 -1
1111: 27 1420 1421 -1
1112: 27 -1
1113: 27 -1
1114: 27 2577 -1
1115: -1
1116: -1
1117: 84 245 693 762 1127 1128 1136 -1
1118: -1
1119: -1
1120: -1
1121: -1
1122: -1
1123: -1
1124: -1
1125: -1
1126: 317 376 401 762 1105 -1
1127: 28 94 1118 1119 1120 1121 1122 1123 1124 1125 1129 1130 2063 2067 2094 2386 2389 -1
1128: 28 94 1118 1119 1120 1121 1122 1123 1124 1125 1129 1130 2063 2067 2094 2386 2389 -1
1129: 84 -1
1130: 2080 -1
1131: 1127 1128 -1
1132: 1128 -1
1133: -1
1134: -1
1135: -1
1136: -1
1137: 32 -1
1138: 32 -1
1139: 32 -1
1140: -1
1141: -1
1142: -1
1143: 33 -1
1144: 33 -1
1145: 33 -1
1146: 33 -1
1147: 34 56 -1
1148: 34 320 -1
1149: 34 79 192 1406 1837 -1
1150: 34 -1
1151: 35 2020 2021 2022 2023 2024 2025 2026 2323 2344 2346 2556 -1
1152: 35 -1
1153: 1830 -1
1154: -1
1155: -1
1156: -1
1157: -1
1158: 62 -1
1159: -1
1160: -1
1161: 38 1166 1185 -1
1162: 38 -1
1163: 38 -1
1164: -1
1165: -1
1166: -1
1167: -1
1168: -1
1169: -1
1170: -1
1171: -1
1172: -1
1173: -1
1174: 1179 1183 -1
1175: -1
1176: 755 -1
1177: -1
1178: -1
1179: -1
1180: -1
1181: -1
1182: -1
1183: -1
1184: -1
1185: -1
1186: -1
1187: 1835 1854 1877 2436 2506 -1
1188: -1
1189: -1
1190: -1
1191: -1
1192: 1479 1835 2226 2328 2332 2506 -1
1193: -1
1194: 2450 -1
1195: -1
1196: 1812 2062 -1
1197: 968 -1
1198: 39 971 1200 -1
1199: -1
1200: -1
1201: 40 752 -1
1202: 79 91 192 407 683 686 690 695 714 1406 1723 2163 2591 -1
1203: 40 1205 -1
1204: 40 -1
1205: -1
1206: 41 54 56 222 337 392 568 775 945 971 1043 1200 1361 1392 1685 2163 -1
1207: -1
1208: -1
1209: 42 -1
1210: 42 1420 1421 -1
1211: 42 -1
1212: -1
1213: -1
1214: -1
1215: 43 1214 1221 -1
1216: -1
1217: -1
1218: 43 -1
1219: 43 -1
1220: 43 -1
1221: -1
1222: -1
1223: 44 2163 -1
1224: 44 2163 -1
1225: 44 -1
1226: -1
1227: -1
1228: 692 -1
1229: 45 2570 -1
1230: 45 2570 -1
1231: 45 85 1819 1820 1858 1859 1860 1861 1862 1863 1867 1868 1869 1871 1872 1873 1874 1875 -1
1232: -1
1233: -1
1234: -1
1235: 645 -1
1236: 1238 -1
1237: -1
1238: -1
1239: 1290 1301 1302 -1
1240: -1
1241: -1
1242: -1
1243: -1
1244: -1
1245: -1
1246: -1
1247: -1
1248: -1
1249: 1290 1301 1302 -1
1250: -1
1251: -1
1252: -1
1253: -1
1254: -1
1255: 1290 1301 1302 -1
1256: -1
1257: -1
1258: 1290 1301 1302 -1
1259: -1
1260: -1
1261: -1
1262: -1
1263: -1
1264: -1
1265: -1
1266: -1
1267: -1
1268: -1
1269: -1
1270: -1
1271: -1
1272: -1
1273: -1
1274: -1
1275: -1
1276: -1
1277: -1
1278: -1
1279: -1
1280: -1
1281: -1
1282: -1
1283: -1
1284: -1
1285: -1
1286: -1
1287: -1
1288: -1
1289: 1290 1301 1302 -1
1290: 47 1239 1240 1241 1242 1243 1244 1245 1246 1247 1248 1249 1250 1251 1252 1253 1254 1255 1258 1259 1260 1261 1262 1263 1264 1265 1266 1267 1268 1269 1270 1271 1272 1273 1274 1275 1276 1277 1278 1279 1280 1281 1282 1283 1284 1285 1286 1287 1288 1291 1292 1293 1294 1295 1296 1297 1298 1299 1300 -1
1291: -1
1292: -1
1293: -1
1294: -1
1295: -1
1296: -1
1297: -1
1298: -1
1299: -1
1300: -1
1301: -1
1302: -1
1303: 48 -1
1304: 48 915 1051 1305 1469 2426 -1
1305: 48 -1
1306: 48 -1
1307: 48 1308 1309 -1
1308: -1
1309: -1
1310: 49 590 -1
1311: 50 735 -1
1312: 754 1103 -1
1313: -1
1314: -1
1315: -1
1316: -1
1317: -1
1318: -1
1319: -1
1320: 1346 -1
1321: -1
1322: -1
1323: -1
1324: -1
1325: -1
1326: -1
1327: -1
1328: -1
1329: -1
1330: -1
1331: -1
1332: -1
1333: -1
1334: -1
1335: -1
1336: -1
1337: -1
1338: -1
1339: -1
1340: -1
1341: -1
1342: -1
1343: -1
1344: -1
1345: -1
1346: 1320 1347 2384 2393 2405 -1
1347: 52 1321 1322 1323 1324 1325 1326 1327 1328 1329 1330 1331 1332 1333 1334 1335 1336 1337 1338 1339 1340 1341 1342 1343 1344 1345 -1
1348: -1
1349: 53 88 122 127 752 -1
1350: 54 682 686 695 714 -1
1351: 54 227 228 229 238 401 407 532 539 577 590 682 686 693 694 695 706 715 853 1397 1398 1409 1457 1462 1463 1521 2095 2587 -1
1352: 54 79 183 192 682 683 690 695 714 -1
1353: 54 183 192 407 682 683 690 695 714 1723 2591 -1
1354: 54 79 192 407 682 683 690 695 714 2591 -1
1355: 54 682 2597 -1
1356: 54 255 407 682 695 2591 -1
1357: 54 183 221 274 346 376 401 575 576 682 683 690 714 757 762 782 1101 1689 1690 1718 -1
1358: 54 79 179 192 255 407 682 690 695 -1
1359: 54 -1
1360: 54 1455 1465 2495 -1
1361: 54 -1
1362: 54 1200 -1
1363: 54 142 1200 -1
1364: -1
1365: -1
1366: -1
1367: 56 -1
1368: 56 1410 -1
1369: 56 1365 -1
1370: 56 -1
1371: 56 -1
1372: 56 -1
1373: 56 -1
1374: 56 414 1656 1658 -1
1375: 56 399 520 1684 2547 2587 -1
1376: 56 -1
1377: 56 -1
1378: 56 -1
1379: 56 -1
1380: 56 -1
1381: 56 -1
1382: 56 -1
1383: 56 -1
1384: 56 -1
1385: 56 -1
1386: 56 -1
1387: 56 -1
1388: 56 1400 1407 -1
1389: 56 -1
1390: 56 -1
1391: 56 -1
1392: 56 1200 1361 1468 -1
1393: 56 -1
1394: 56 1363 1459 2585 -1
1395: 56 1400 1459 -1
1396: 56 370 752 2310 2419 -1
1397: -1
1398: -1
1399: -1
1400: -1
1401: -1
1402: -1
1403: 1402 1405 -1
1404: 1402 1405 -1
1405: -1
1406: -1
1407: -1
1408: -1
1409: -1
1410: -1
1411: 1402 1405 -1
1412: 1402 1405 -1
1413: -1
1414: -1
1415: -1
1416: 57 1417 1418 1419 1420 1421 1422 -1
1417: -1
1418: -1
1419: -1
1420: -1
1421: -1
1422: -1
1423: 58 1418 1420 1428 1429 -1
1424: 58 1418 1420 1428 1429 -1
1425: 58 1418 1420 1423 1428 1429 -1
1426: 58 1418 1420 1428 1429 -1
1427: 58 1418 1420 1428 1429 -1
1428: -1
1429: -1
1430: 59 -1
1431: 59 -1
1432: 59 64 -1
1433: 60 -1
1434: 60 -1
1435: 60 -1
1436: 60 -1
1437: 60 -1
1438: 60 -1
1439: 60 -1
1440: 60 -1
1441: 60 -1
1442: 60 -1
1443: 60 -1
1444: 60 -1
1445: 60 -1
1446: 60 2556 -1
1447: 61 241 700 -1
1448: 61 241 700 -1
1449: 61 241 700 -1
1450: 1474 -1
1451: 61 -1
1452: 61 -1
1453: -1
1454: -1
1455: -1
1456: -1
1457: -1
1458: -1
1459: -1
1460: -1
1461: -1
1462: -1
1463: -1
1464: -1
1465: -1
1466: -1
1467: -1
1468: -1
1469: -1
1470: -1
1471: -1
1472: -1
1473: -1
1474: 61 -1
1475: 61 -1
1476: 61 -1
1477: 61 -1
1478: 61 -1
1479: -1
1480: -1
1481: 62 95 98 133 429 -1
1482: -1
1483: -1
1484: -1
1485: -1
1486: -1
1487: -1
1488: -1
1489: -1
1490: -1
1491: -1
1492: -1
1493: -1
1494: -1
1495: -1
1496: -1
1497: -1
1498: -1
1499: -1
1500: -1
1501: -1
1502: -1
1503: -1
1504: -1
1505: -1
1506: -1
1507: -1
1508: -1
1509: -1
1510: -1
1511: -1
1512: -1
1513: -1
1514: 62 63 188 376 395 400 401 590 754 1017 1036 1103 1223 1397 1479 1480 1482 1483 1484 1485 1486 1487 1488 1489 1490 1491 1492 1493 1494 1495 1496 1497 1498 1499 1500 1501 1502 1503 1504 1505 1506 1507 1508 1509 1510 1511 1512 1513 1516 1517 1518 2226 -1
1515: 62 63 387 1036 1479 1480 1482 1483 1484 1485 1486 1487 1488 1489 1490 1491 1492 1493 1494 1495 1496 1497 1498 1499 1500 1501 1502 1503 1504 1505 1506 1507 1508 1509 1510 1511 1512 1513 1516 1517 1518 2226 -1
1516: -1
1517: -1
1518: -1
1519: 63 -1
1520: 63 1418 1420 -1
1521: 64 -1
1522: 65 1454 1461 -1
1523: 65 -1
1524: 65 -1
1525: 65 -1
1526: 65 -1
1527: 65 -1
1528: 65 -1
1529: 65 -1
1530: 65 -1
1531: 65 -1
1532: 65 -1
1533: 65 -1
1534: 65 -1
1535: 65 -1
1536: 65 -1
1537: 65 -1
1538: 65 -1
1539: 65 -1
1540: 65 -1
1541: 65 -1
1542: 65 -1
1543: 65 -1
1544: 65 -1
1545: 65 -1
1546: 65 -1
1547: 65 -1
1548: 65 -1
1549: 65 -1
1550: 65 -1
1551: 65 -1
1552: 65 -1
1553: 65 -1
1554: 65 -1
1555: 65 -1
1556: 65 -1
1557: 65 -1
1558: 65 -1
1559: 65 -1
1560: 65 -1
1561: 65 -1
1562: 65 -1
1563: 65 -1
1564: 65 -1
1565: 65 -1
1566: 65 -1
1567: 65 -1
1568: 65 -1
1569: 65 -1
1570: 65 -1
1571: 65 -1
1572: 65 -1
1573: 65 -1
1574: 65 -1
1575: 65 -1
1576: 65 -1
1577: 65 -1
1578: 65 -1
1579: 65 -1
1580: 65 -1
1581: 65 -1
1582: 65 -1
1583: 65 -1
1584: 65 -1
1585: 65 -1
1586: 65 -1
1587: 65 -1
1588: 65 -1
1589: 65 -1
1590: 65 -1
1591: 65 -1
1592: 65 -1
1593: 65 -1
1594: 65 -1
1595: 65 -1
1596: 65 -1
1597: 65 -1
1598: 65 -1
1599: 65 -1
1600: 65 -1
1601: 65 -1
1602: 65 -1
1603: 65 -1
1604: 65 -1
1605: 65 -1
1606: 65 -1
1607: 65 -1
1608: 65 749 752 781 -1
1609: 65 347 353 1616 -1
1610: 65 347 1616 -1
1611: 65 -1
1612: 65 961 -1
1613: 65 -1
1614: 65 347 961 1616 -1
1615: 231 320 -1
1616: 67 -1
1617: 67 -1
1618: 67 -1
1619: 67 -1
1620: 67 -1
1621: 67 -1
1622: 67 -1
1623: 67 -1
1624: 67 -1
1625: 67 217 231 337 395 917 1458 1630 1685 2592 -1
1626: 67 645 2425 -1
1627: 67 -1
1628: 67 -1
1629: 67 414 2536 2545 2546 2549 2550 2555 2558 2566 -1
1630: -1
1631: 68 -1
1632: 68 1649 -1
1633: 68 1657 -1
1634: 68 -1
1635: 68 1653 -1
1636: 68 1651 -1
1637: 68 1652 -1
1638: -1
1639: -1
1640: -1
1641: -1
1642: -1
1643: -1
1644: -1
1645: -1
1646: 68 285 418 757 1134 1227 1835 2227 2331 2337 -1
1647: 68 1175 1234 1425 1426 1427 1638 1639 1640 1641 1642 1643 1644 1645 1648 -1
1648: -1
1649: -1
1650: -1
1651: -1
1652: -1
1653: -1
1654: 2031 -1
1655: -1
1656: -1
1657: -1
1658: -1
1659: -1
1660: 115 146 191 401 403 431 762 790 1170 2184 2186 2195 2197 2333 2425 -1
1661: 2187 2198 -1
1662: 69 -1
1663: -1
1664: -1
1665: -1
1666: -1
1667: -1
1668: -1
1669: -1
1670: -1
1671: -1
1672: 70 240 -1
1673: 70 -1
1674: 70 -1
1675: 70 -1
1676: 70 -1
1677: 70 -1
1678: 70 -1
1679: 70 429 -1
1680: 70 504 2592 -1
1681: 70 -1
1682: 70 -1
1683: 70 -1
1684: 70 -1
1685: 70 -1
1686: 70 -1
1687: 70 -1
1688: 70 1134 -1
1689: 70 1415 1418 1419 1420 1421 1422 -1
1690: -1
1691: 73 405 416 645 740 754 762 959 1103 1105 1194 2304 2322 2326 2421 2425 2427 2428 -1
1692: 74 -1
1693: 74 -1
1694: 1696 1697 -1
1695: 1835 2569 2570 -1
1696: 75 -1
1697: 75 -1
1698: -1
1699: 77 78 1698 -1
1700: 401 1699 -1
1701: -1
1702: -1
1703: 1704 -1
1704: 79 91 663 1751 1753 1759 2014 -1
1705: -1
1706: 79 91 663 1759 2014 -1
1707: 79 91 663 1759 2014 -1
1708: 79 1759 -1
1709: 79 113 -1
1710: 79 662 -1
1711: 79 91 -1
1712: 79 662 -1
1713: 79 662 -1
1714: 79 662 -1
1715: 79 130 193 195 199 213 215 -1
1716: 79 215 1145 -1
1717: 79 91 215 240 1364 -1
1718: 79 185 -1
1719: 79 -1
1720: 79 91 -1
1721: 79 -1
1722: 79 -1
1723: 79 105 -1
1724: 79 105 1723 -1
1725: 79 -1
1726: 79 -1
1727: 79 1816 -1
1728: 79 1459 -1
1729: 79 91 -1
1730: 79 337 1409 1685 -1
1731: 79 91 1363 2572 -1
1732: 79 91 -1
1733: 79 91 150 377 -1
1734: 79 -1
1735: 79 2576 -1
1736: 79 2576 -1
1737: 79 91 2525 -1
1738: 79 91 249 274 281 377 379 382 385 440 441 442 444 447 448 678 691 748 1414 1418 1420 1421 1618 2163 2587 -1
1739: 79 375 385 388 418 505 515 520 624 625 678 694 1109 1111 1684 2163 2329 2573 2578 2587 2591 2592 -1
1740: 79 206 -1
1741: 79 91 990 1176 1199 2062 -1
1742: 79 91 192 682 683 686 714 776 -1
1743: 79 91 192 375 385 407 678 682 683 690 695 714 1409 2504 -1
1744: 79 183 192 407 682 683 686 690 695 714 754 762 962 1103 2518 2585 -1
1745: 79 192 385 401 678 682 683 714 776 1173 -1
1746: 79 1759 -1
1747: 79 91 1722 1759 -1
1748: 79 132 219 239 385 678 748 776 915 1011 1418 1420 1422 1469 1470 1722 1759 1816 2011 2572 -1
1749: 79 -1
1750: 79 132 1011 1395 1418 1420 1422 1759 1816 -1
1751: 1704 -1
1752: 79 91 663 1759 2014 -1
1753: 79 91 663 1704 1751 1759 2014 -1
1754: 79 91 663 1759 2014 -1
1755: 79 91 252 429 437 636 641 663 1105 1235 1520 1617 1701 1702 1705 1751 1759 2014 2082 -1
1756: 79 91 663 1701 1702 1705 1753 1759 2014 -1
1757: 79 91 663 1701 1702 1705 1759 2014 -1
1758: 79 91 317 663 762 1105 1701 1702 1705 1718 1759 1922 2014 -1
1759: -1
1760: 80 83 1762 1817 -1
1761: 2323 -1
1762: -1
1763: -1
1764: -1
1765: -1
1766: -1
1767: -1
1768: -1
1769: -1
1770: -1
1771: -1
1772: -1
1773: -1
1774: -1
1775: -1
1776: -1
1777: -1
1778: -1
1779: -1
1780: -1
1781: -1
1782: -1
1783: -1
1784: -1
1785: -1
1786: -1
1787: -1
1788: -1
1789: -1
1790: -1
1791: -1
1792: -1
1793: -1
1794: -1
1795: -1
1796: -1
1797: -1
1798: -1
1799: -1
1800: -1
1801: -1
1802: -1
1803: -1
1804: -1
1805: -1
1806: -1
1807: -1
1808: -1
1809: -1
1810: 81 85 394 396 405 736 1096 1104 1140 1141 1176 1414 1694 1695 1697 1763 1764 1765 1766 1767 1768 1769 1770 1771 1772 1773 1774 1775 1776 1777 1778 1779 1780 1781 1782 1783 1784 1785 1786 1787 1788 1789 1790 1791 1792 1793 1794 1795 1796 1797 1798 1799 1800 1801 1802 1803 1804 1805 1806 1807 1808 1809 1819 1820 1823 1827 1834 1835 1858 1859 1860 1861 1862 1863 1864 1867 1868 1869 1871 1872 1873 1874 1875 2073 2321 2340 2346 2351 2567 -1
1811: 81 1763 1764 1767 1768 1769 1770 1771 1772 1773 1774 1775 1776 1777 1778 1779 1780 1781 1782 1783 1784 1785 1786 1787 1788 1789 1790 1791 1792 1793 1794 1795 1796 1797 1798 1799 1800 1801 1802 1803 1804 1805 1806 1807 1808 1809 -1
1812: -1
1813: 82 154 218 232 1759 2011 -1
1814: 82 -1
1815: 82 -1
1816: 82 154 232 240 -1
1817: -1
1818: 85 1819 1820 1858 1859 1860 1861 1862 1863 1867 1868 1869 1871 1872 1873 1874 1875 2569 -1
1819: -1
1820: -1
1821: 85 1819 1820 1858 1859 1860 1861 1862 1863 1867 1868 1869 1871 1872 1873 1874 1875 -1
1822: 85 1819 1820 1858 1859 1860 1861 1862 1863 1867 1868 1869 1871 1872 1873 1874 1875 -1
1823: 85 1421 1819 1820 1858 1859 1860 1861 1862 1863 1867 1868 1869 1871 1872 1873 1874 1875 -1
1824: 85 1180 1319 1819 1820 1833 1834 1837 1858 1859 1860 1861 1862 1863 1867 1868 1869 1871 1872 1873 1874 1875 2332 -1
1825: 85 191 380 752 1041 1194 1479 1689 1819 1820 1858 1859 1860 1861 1862 1863 1867 1868 1869 1871 1872 1873 1874 1875 2226 2347 -1
1826: 85 274 309 310 394 424 425 430 431 762 775 970 1026 1180 1192 1194 1479 1611 1690 1819 1820 1858 1859 1860 1861 1862 1863 1867 1868 1869 1871 1872 1873 1874 1875 2226 2513 -1
1827: 85 1078 1096 1099 1180 1194 1479 1819 1820 1834 1837 1858 1859 1860 1861 1862 1863 1867 1868 1869 1871 1872 1873 1874 1875 2226 2332 2337 -1
1828: 85 288 289 1096 1194 1819 1820 1858 1859 1860 1861 1862 1863 1867 1868 1869 1871 1872 1873 1874 1875 -1
1829: 85 1104 1192 1819 1820 1837 1858 1859 1860 1861 1862 1863 1867 1868 1869 1871 1872 1873 1874 1875 2329 2332 2337 -1
1830: 85 414 1096 1099 1104 1194 1479 1819 1820 1833 1834 1837 1858 1859 1860 1861 1862 1863 1867 1868 1869 1871 1872 1873 1874 1875 2226 2332 2556 2567 2568 -1
1831: 85 1819 1820 1858 1859 1860 1861 1862 1863 1867 1868 1869 1871 1872 1873 1874 1875 -1
1832: 85 1819 1820 1858 1859 1860 1861 1862 1863 1867 1868 1869 1871 1872 1873 1874 1875 -1
1833: 85 1180 1819 1820 1858 1859 1860 1861 1862 1863 1867 1868 1869 1871 1872 1873 1874 1875 -1
1834: 85 1099 1819 1820 1830 1835 1837 1858 1859 1860 1861 1862 1863 1867 1868 1869 1871 1872 1873 1874 1875 2332 2337 -1
1835: 85 1096 1479 1819 1820 1836 1837 1858 1859 1860 1861 1862 1863 1867 1868 1869 1871 1872 1873 1874 1875 2226 2506 2513 -1
1836: 85 376 1099 1176 1192 1819 1820 1833 1835 1858 1859 1860 1861 1862 1863 1867 1868 1869 1871 1872 1873 1874 1875 -1
1837: 85 434 1096 1099 1104 1192 1479 1819 1820 1835 1858 1859 1860 1861 1862 1863 1867 1868 1869 1871 1872 1873 1874 1875 2226 2332 -1
1838: 85 736 1180 1194 1819 1820 1834 1835 1837 1858 1859 1860 1861 1862 1863 1867 1868 1869 1871 1872 1873 1874 1875 2332 2436 -1
1839: 85 1819 1820 1834 1858 1859 1860 1861 1862 1863 1867 1868 1869 1871 1872 1873 1874 1875 -1
1840: 85 1656 1658 1819 1820 1838 1858 1859 1860 1861 1862 1863 1867 1868 1869 1871 1872 1873 1874 1875 -1
1841: 85 1819 1820 1858 1859 1860 1861 1862 1863 1867 1868 1869 1871 1872 1873 1874 1875 -1
1842: 85 1819 1820 1858 1859 1860 1861 1862 1863 1867 1868 1869 1871 1872 1873 1874 1875 -1
1843: 85 1819 1820 1858 1859 1860 1861 1862 1863 1867 1868 1869 1871 1872 1873 1874 1875 -1
1844: 85 1819 1820 1858 1859 1860 1861 1862 1863 1867 1868 1869 1871 1872 1873 1874 1875 -1
1845: 85 1819 1820 1858 1859 1860 1861 1862 1863 1867 1868 1869 1871 1872 1873 1874 1875 -1
1846: 85 1819 1820 1858 1859 1860 1861 1862 1863 1867 1868 1869 1871 1872 1873 1874 1875 -1
1847: 85 1819 1820 1858 1859 1860 1861 1862 1863 1867 1868 1869 1871 1872 1873 1874 1875 -1
1848: 85 1819 1820 1858 1859 1860 1861 1862 1863 1867 1868 1869 1871 1872 1873 1874 1875 -1
1849: 85 1819 1820 1858 1859 1860 1861 1862 1863 1867 1868 1869 1871 1872 1873 1874 1875 -1
1850: 85 1819 1820 1858 1859 1860 1861 1862 1863 1867 1868 1869 1871 1872 1873 1874 1875 -1
1851: 85 1819 1820 1858 1859 1860 1861 1862 1863 1867 1868 1869 1871 1872 1873 1874 1875 -1
1852: 85 1194 1819 1820 1858 1859 1860 1861 1862 1863 1867 1868 1869 1871 1872 1873 1874 1875 -1
1853: 85 395 405 432 779 1011 1283 1655 1819 1820 1830 1852 1858 1859 1860 1861 1862 1863 1867 1868 1869 1871 1872 1873 1874 1875 2433 2443 2447 2450 2533 2595 -1
1854: 85 1819 1820 1858 1859 1860 1861 1862 1863 1867 1868 1869 1871 1872 1873 1874 1875 -1
1855: 85 1819 1820 1858 1859 1860 1861 1862 1863 1867 1868 1869 1871 1872 1873 1874 1875 -1
1856: 85 1819 1820 1858 1859 1860 1861 1862 1863 1867 1868 1869 1871 1872 1873 1874 1875 -1
1857: 85 1819 1820 1858 1859 1860 1861 1862 1863 1867 1868 1869 1871 1872 1873 1874 1875 -1
1858: -1
1859: -1
1860: -1
1861: -1
1862: -1
1863: -1
1864: 85 434 436 1819 1820 1858 1859 1860 1861 1862 1863 1867 1868 1869 1871 1872 1873 1874 1875 -1
1865: 85 1819 1820 1858 1859 1860 1861 1862 1863 1867 1868 1869 1871 1872 1873 1874 1875 -1
1866: 85 1819 1820 1858 1859 1860 1861 1862 1863 1867 1868 1869 1871 1872 1873 1874 1875 -1
1867: -1
1868: -1
1869: -1
1870: 85 1869 -1
1871: -1
1872: -1
1873: -1
1874: -1
1875: -1
1876: 85 1819 1820 1858 1859 1860 1861 1862 1863 1867 1868 1869 1871 1872 1873 1874 1875 -1
1877: 85 1819 1820 1858 1859 1860 1861 1862 1863 1867 1868 1869 1871 1872 1873 1874 1875 -1
1878: -1
1879: -1
1880: -1
1881: 86 126 191 1138 1682 -1
1882: 86 126 376 401 762 1682 1881 -1
1883: -1
1884: -1
1885: -1
1886: -1
1887: -1
1888: -1
1889: -1
1890: -1
1891: 86 1682 -1
1892: 86 1682 -1
1893: 86 1682 -1
1894: 86 1682 -1
1895: 86 1682 -1
1896: 86 1682 -1
1897: 86 1682 -1
1898: 86 1682 -1
1899: -1
1900: -1
1901: -1
1902: -1
1903: 87 1904 1911 -1
1904: 87 1911 -1
1905: 87 1911 -1
1906: 87 1911 -1
1907: 87 1911 -1
1908: 87 376 401 754 1103 1911 2513 -1
1909: 87 1911 -1
1910: 87 1911 -1
1911: -1
1912: -1
1913: 88 1238 1609 -1
1914: 88 -1
1915: -1
1916: -1
1917: 89 -1
1918: 89 -1
1919: 1920 1982 -1
1920: 89 1916 -1
1921: -1
1922: -1
1923: 89 1916 1921 1922 2258 -1
1924: 89 1916 1921 1922 2258 -1
1925: 89 1916 1921 1922 2258 -1
1926: 89 1916 1921 1922 2258 -1
1927: 89 1916 1921 1922 2258 -1
1928: 89 1916 1921 1922 2258 -1
1929: 89 1916 1921 1922 2258 -1
1930: 89 1916 1921 1922 2258 -1
1931: 89 1916 1921 1922 2258 -1
1932: 89 1916 1921 1922 2258 -1
1933: 89 1916 1921 1922 2258 -1
1934: 89 1916 1921 1922 2258 -1
1935: 89 1916 1921 1922 2258 -1
1936: 89 1916 1921 1922 2258 -1
1937: 89 1916 1921 1922 2258 -1
1938: 89 1916 1921 1922 2258 -1
1939: 89 1916 1921 1922 2258 -1
1940: 89 1916 1921 1922 2258 -1
1941: 89 1916 1921 1922 2258 -1
1942: 89 1916 1921 1922 2258 -1
1943: 89 1916 1921 1922 2258 -1
1944: 89 1916 1921 1922 2258 -1
1945: 89 1916 1921 1922 2258 -1
1946: 89 1916 1921 1922 2258 -1
1947: 89 1916 1921 1922 2258 -1
1948: 89 1916 1921 1922 2258 -1
1949: 89 1916 1921 1922 2258 -1
1950: 89 1916 1921 1922 2258 -1
1951: 89 1916 1921 1922 2258 -1
1952: 89 1916 1921 1922 2258 -1
1953: 89 1916 1921 1922 2258 -1
1954: 89 1916 1921 1922 2258 -1
1955: 89 1916 1921 1922 2258 -1
1956: 89 1916 1921 1922 2258 -1
1957: 89 1916 1921 1922 2258 -1
1958: 89 1916 1921 1922 2258 -1
1959: 89 1916 1921 1922 2258 -1
1960: 89 1916 1921 1922 2258 -1
1961: 89 1916 1921 1922 2258 -1
1962: 89 1916 1921 1922 2258 -1
1963: 89 1916 1921 1922 2258 -1
1964: 89 1916 1921 1922 2258 -1
1965: 89 1916 1921 1922 2258 -1
1966: 89 1916 1921 1922 2258 -1
1967: 89 1916 1921 1922 2258 -1
1968: 89 1916 1921 1922 2258 -1
1969: 89 1916 1921 1922 2258 -1
1970: 89 1916 1921 1922 2258 -1
1971: 89 1916 1921 1922 2258 -1
1972: 89 1916 1921 1922 2258 -1
1973: 89 1916 1919 1921 1922 1981 2258 -1
1974: 89 1916 1921 1922 2258 -1
1975: 89 1916 1921 1922 2258 -1
1976: 89 1916 1921 1922 2258 -1
1977: 89 1916 1921 1922 2258 -1
1978: 89 1916 1921 1922 2258 -1
1979: 89 1916 1921 1922 2258 -1
1980: 89 1916 1921 1922 2258 -1
1981: 1920 1982 -1
1982: 89 1916 1921 1922 2258 -1
1983: -1
1984: 90 1985 1990 1996 1999 2000 2002 2003 2004 2005 -1
1985: 1984 -1
1986: -1
1987: 90 762 1452 1475 1476 1477 1478 1985 1990 1991 1992 1993 1994 1995 1996 1997 1998 1999 2000 2001 2002 2003 2004 2005 -1
1988: 90 1985 1990 1991 1992 1993 1994 1995 1996 1997 1998 1999 2000 2001 2002 2003 2004 2005 -1
1989: 90 762 1985 1990 1991 1992 1993 1994 1995 1996 1997 1998 1999 2000 2001 2002 2003 2004 2005 -1
1990: 431 762 779 781 1625 1675 1984 2006 2246 -1
1991: 1984 -1
1992: 1984 -1
1993: 1984 -1
1994: 1984 -1
1995: 1984 -1
1996: 1984 -1
1997: 1984 -1
1998: -1
1999: -1
2000: -1
2001: -1
2002: -1
2003: -1
2004: 1984 -1
2005: 1984 -1
2006: 90 1985 1990 1991 1992 1993 1994 1995 1996 1997 1998 1999 2000 2001 2002 2003 2004 2005 2397 -1
2007: -1
2008: 91 -1
2009: 91 375 390 407 412 505 577 682 683 686 690 695 714 762 774 782 784 992 1105 1363 2163 2585 2597 -1
2010: -1
2011: -1
2012: -1
2013: 2015 -1
2014: -1
2015: -1
2016: 401 -1
2017: 2556 -1
2018: -1
2019: -1
2020: -1
2021: -1
2022: -1
2023: -1
2024: -1
2025: -1
2026: -1
2027: 92 98 99 107 -1
2028: 92 98 99 107 387 1104 1186 1420 1421 1479 1835 1837 2170 2226 -1
2029: 92 98 99 107 2030 -1
2030: -1
2031: -1
2032: -1
2033: -1
2034: -1
2035: -1
2036: -1
2037: -1
2038: -1
2039: -1
2040: -1
2041: -1
2042: -1
2043: -1
2044: -1
2045: -1
2046: -1
2047: -1
2048: -1
2049: -1
2050: -1
2051: 93 751 1041 1351 1463 2032 2033 2034 2035 2036 2037 2038 2039 2040 2041 2042 2043 2044 2045 2046 2047 2048 2049 2050 2061 2062 2073 2349 2496 2506 -1
2052: 93 2032 2033 2034 2035 2036 2037 2038 2039 2040 2041 2042 2043 2044 2045 2046 2047 2048 2049 2050 2062 -1
2053: 93 240 864 999 1816 2010 2032 2033 2034 2035 2036 2037 2038 2039 2040 2041 2042 2043 2044 2045 2046 2047 2048 2049 2050 2062 2576 -1
2054: 93 2032 2033 2034 2035 2036 2037 2038 2039 2040 2041 2042 2043 2044 2045 2046 2047 2048 2049 2050 2062 -1
2055: 93 2032 2033 2034 2035 2036 2037 2038 2039 2040 2041 2042 2043 2044 2045 2046 2047 2048 2049 2050 2062 2514 -1
2056: 93 1176 1182 2032 2033 2034 2035 2036 2037 2038 2039 2040 2041 2042 2043 2044 2045 2046 2047 2048 2049 2050 2062 -1
2057: 93 2032 2033 2034 2035 2036 2037 2038 2039 2040 2041 2042 2043 2044 2045 2046 2047 2048 2049 2050 2062 -1
2058: 93 2032 2033 2034 2035 2036 2037 2038 2039 2040 2041 2042 2043 2044 2045 2046 2047 2048 2049 2050 2062 -1
2059: 93 659 810 -1
2060: 93 2032 2033 2034 2035 2036 2037 2038 2039 2040 2041 2042 2043 2044 2045 2046 2047 2048 2049 2050 2062 -1
2061: -1
2062: -1
2063: -1
2064: 94 505 939 941 1238 2588 -1
2065: 94 205 375 505 698 1238 -1
2066: 94 -1
2067: -1
2068: 98 2170 2181 -1
2069: 98 -1
2070: 95 98 -1
2071: 96 2308 -1
2072: 96 -1
2073: 96 390 645 1763 1764 2587 -1
2074: 96 -1
2075: 645 -1
2076: 97 -1
2077: 97 -1
2078: 97 102 754 1103 -1
2079: 97 102 -1
2080: -1
2081: -1
2082: -1
2083: 102 -1
2084: 102 -1
2085: 103 -1
2086: 104 119 -1
2087: 104 -1
2088: 104 119 -1
2089: 105 -1
2090: 105 433 735 740 -1
2091: 105 -1
2092: 105 -1
2093: 105 -1
2094: 105 -1
2095: 105 -1
2096: 105 860 1222 -1
2097: 105 240 -1
2098: 105 -1
2099: 105 -1
2100: 105 -1
2101: 105 -1
2102: 105 -1
2103: 105 -1
2104: 105 256 -1
2105: 105 -1
2106: 105 -1
2107: 105 375 825 1111 1173 1402 1405 1408 1410 1723 2217 2577 -1
2108: 105 -1
2109: -1
2110: -1
2111: -1
2112: 106 -1
2113: -1
2114: -1
2115: -1
2116: -1
2117: -1
2118: -1
2119: 107 -1
2120: 107 255 -1
2121: 107 -1
2122: 107 255 -1
2123: 126 762 1880 2268 2296 -1
2124: 1880 -1
2125: 1880 -1
2126: 108 2125 2129 2131 -1
2127: 108 2131 -1
2128: 108 2131 -1
2129: -1
2130: 1880 -1
2131: -1
2132: 109 -1
2133: 109 -1
2134: 109 -1
2135: 110 -1
2136: 111 2139 -1
2137: 111 126 401 589 687 697 752 754 762 778 782 985 992 1103 1198 2139 2250 2330 2428 2429 -1
2138: 111 126 442 444 697 762 782 790 794 1101 1105 1256 1257 1275 1283 1618 2139 2423 -1
2139: -1
2140: 227 520 565 624 625 701 702 1109 1684 2143 2144 2146 2163 2529 2577 2596 -1
2141: 112 -1
2142: 2144 2146 2596 -1
2143: 112 385 407 678 682 690 2140 2142 2144 2145 2146 2148 2149 2150 2151 2152 2153 2154 2155 2156 2157 2158 2159 2160 2161 2162 2587 2591 -1
2144: 112 2140 2142 2145 2148 2149 2150 2151 2152 2153 2154 2155 2156 2157 2158 2159 2160 2161 2162 2596 -1
2145: 2596 -1
2146: 112 2140 2142 2145 2148 2149 2150 2151 2152 2153 2154 2155 2156 2157 2158 2159 2160 2161 2162 2596 -1
2147: 112 244 429 1470 1689 2329 -1
2148: -1
2149: -1
2150: -1
2151: -1
2152: -1
2153: -1
2154: -1
2155: -1
2156: -1
2157: -1
2158: -1
2159: -1
2160: -1
2161: -1
2162: -1
2163: -1
2164: 113 1145 -1
2165: 113 -1
2166: 113 -1
2167: 113 -1
2168: 113 -1
2169: 113 -1
2170: -1
2171: 114 2170 2172 2174 2175 2176 2177 2178 2179 2180 2181 2182 -1
2172: -1
2173: 114 255 -1
2174: -1
2175: -1
2176: -1
2177: -1
2178: -1
2179: -1
2180: -1
2181: -1
2182: -1
2183: 477 2101 2375 2398 2399 2400 2408 2411 -1
2184: 477 2101 2375 2398 2399 2400 2408 2411 -1
2185: 477 2101 2375 2398 2399 2400 2408 2411 -1
2186: 477 2101 2375 2398 2399 2400 2408 2411 -1
2187: 477 2101 2375 2398 2399 2400 2408 2411 -1
2188: 115 146 2184 2195 -1
2189: 115 146 2184 2195 -1
2190: 115 146 2184 2195 -1
2191: 477 482 485 1661 1663 1666 1667 1668 1669 2101 2375 2398 2399 2400 2408 2411 -1
2192: 115 146 2184 2191 2193 2195 -1
2193: 477 482 485 1666 1668 1671 2101 2192 2207 2375 2398 2399 2400 2408 2411 -1
2194: 477 2101 2375 2398 2399 2400 2408 2411 -1
2195: 477 2101 2375 2398 2399 2400 2408 2411 -1
2196: 477 2101 2375 2398 2399 2400 2408 2411 -1
2197: 477 2101 2375 2398 2399 2400 2408 2411 -1
2198: 477 2101 2375 2398 2399 2400 2408 2411 -1
2199: 477 489 1290 1659 1664 1665 1666 2101 2375 2398 2399 2400 2408 2411 -1
2200: 376 380 401 403 477 762 1664 2099 2101 2333 2375 2398 2399 2400 2408 2411 2425 2503 -1
2201: 115 146 477 762 1670 2101 2184 2195 2333 2375 2398 2399 2400 2408 2411 -1
2202: 477 1664 2101 2375 2398 2399 2400 2408 2411 -1
2203: 477 489 1659 1664 1665 1666 2101 2375 2398 2399 2400 2408 2411 -1
2204: 477 1664 2101 2375 2398 2399 2400 2408 2411 -1
2205: 115 146 2184 2186 2195 2197 -1
2206: 115 146 2184 2195 -1
2207: 115 146 2184 2195 -1
2208: 115 146 2184 2195 -1
2209: 115 146 2184 2195 -1
2210: 115 146 2184 2195 -1
2211: 115 146 2184 2195 -1
2212: 935 -1
2213: 118 143 2216 -1
2214: 118 143 2216 -1
2215: 118 143 2216 -1
2216: -1
2217: -1
2218: 119 -1
2219: 119 -1
2220: 120 153 222 300 401 426 762 777 782 1677 2011 2425 -1
2221: 120 -1
2222: 121 -1
2223: 121 -1
2224: 121 -1
2225: 2109 -1
2226: 123 -1
2227: 1479 2226 -1
2228: 125 -1
2229: 125 -1
2230: 125 2229 2231 2232 2233 -1
2231: 125 -1
2232: 125 -1
2233: 125 -1
2234: 125 2229 2231 2232 2233 -1
2235: 125 -1
2236: 125 -1
2237: 125 -1
2238: 125 -1
2239: 125 -1
2240: 125 -1
2241: 125 762 -1
2242: 125 -1
2243: 126 191 380 385 401 508 678 752 762 775 777 781 792 900 902 904 936 1013 1026 1305 1409 1422 1430 1442 1447 1452 1475 1476 1477 1478 1689 1855 2419 2427 2453 2513 2560 2585 -1
2244: 126 380 401 762 775 777 779 781 970 1812 2426 2560 -1
2245: 126 376 380 762 775 777 970 2513 -1
2246: 126 -1
2247: 126 431 762 1098 1879 2248 2254 2258 2292 2295 -1
2248: 126 1837 1879 1900 2254 2258 -1
2249: 126 -1
2250: 126 396 414 692 762 765 779 781 1026 1192 1290 1611 1625 1675 1689 1837 2323 2346 2426 2510 2513 -1
2251: 126 2303 -1
2252: 126 1900 -1
2253: 762 1421 1430 2248 2268 2269 2282 2303 2308 -1
2254: 126 401 740 762 1879 2248 2258 -1
2255: 126 -1
2256: 126 -1
2257: 126 -1
2258: 126 431 762 1879 1918 1920 1982 2248 2254 -1
2259: 126 787 -1
2260: 126 -1
2261: 126 2423 2426 -1
2262: 126 -1
2263: 126 -1
2264: 126 1879 2248 -1
2265: 126 -1
2266: 126 -1
2267: 126 -1
2268: 126 -1
2269: 126 -1
2270: 126 -1
2271: 126 -1
2272: 126 -1
2273: 126 1879 2248 -1
2274: 126 -1
2275: 126 2274 -1
2276: 126 -1
2277: 126 -1
2278: -1
2279: 126 2278 -1
2280: 126 -1
2281: 126 2292 -1
2282: -1
2283: 126 2348 -1
2284: 126 -1
2285: 126 -1
2286: 126 -1
2287: 126 -1
2288: 1879 2248 -1
2289: 126 -1
2290: 126 -1
2291: 126 -1
2292: 126 -1
2293: 126 -1
2294: 126 -1
2295: 126 -1
2296: 126 -1
2297: 126 -1
2298: -1
2299: 2300 -1
2300: 126 2298 -1
2301: 126 -1
2302: 126 -1
2303: 126 2298 -1
2304: 126 376 401 2298 -1
2305: 126 -1
2306: 126 -1
2307: 126 -1
2308: -1
2309: -1
2310: 127 577 2309 2556 2585 -1
2311: 127 353 961 -1
2312: 127 761 -1
2313: -1
2314: -1
2315: 129 -1
2316: 130 183 192 -1
2317: 130 992 -1
2318: 131 637 -1
2319: 634 -1
2320: 634 -1
2321: 288 289 399 596 701 707 1194 1409 1471 2435 2450 2529 -1
2322: -1
2323: -1
2324: -1
2325: -1
2326: -1
2327: -1
2328: 2340 -1
2329: -1
2330: -1
2331: -1
2332: -1
2333: -1
2334: -1
2335: -1
2336: -1
2337: -1
2338: -1
2339: 2323 2324 2328 -1
2340: -1
2341: -1
2342: -1
2343: -1
2344: -1
2345: -1
2346: -1
2347: -1
2348: -1
2349: 2341 -1
2350: -1
2351: -1
2352: 132 -1
2353: 132 2595 -1
2354: 132 752 -1
2355: 132 239 -1
2356: 132 -1
2357: 132 239 -1
2358: 132 611 2441 -1
2359: 134 -1
2360: 134 -1
2361: 134 -1
2362: 134 -1
2363: 134 271 2507 2513 2514 2522 2594 -1
2364: 134 -1
2365: 134 -1
2366: 134 768 1090 1421 -1
2367: 134 -1
2368: 134 -1
2369: 134 -1
2370: 134 -1
2371: 134 -1
2372: 134 -1
2373: 134 -1
2374: 134 762 765 2367 2507 2514 2526 2594 -1
2375: 134 -1
2376: 134 -1
2377: 134 -1
2378: 134 -1
2379: 134 -1
2380: 134 -1
2381: 134 -1
2382: 134 -1
2383: 134 -1
2384: 134 -1
2385: 134 -1
2386: 134 -1
2387: 134 -1
2388: 134 -1
2389: 134 -1
2390: 134 -1
2391: 134 -1
2392: 134 -1
2393: 134 -1
2394: 134 -1
2395: 134 -1
2396: 134 -1
2397: 134 -1
2398: 134 -1
2399: 134 -1
2400: 134 -1
2401: 134 -1
2402: 134 -1
2403: 134 -1
2404: 134 -1
2405: 134 -1
2406: 134 -1
2407: 134 -1
2408: 134 -1
2409: 134 1364 -1
2410: 134 -1
2411: 134 -1
2412: 134 -1
2413: 134 -1
2414: 134 -1
2415: 136 -1
2416: 136 -1
2417: -1
2418: -1
2419: -1
2420: -1
2421: -1
2422: -1
2423: 2418 2422 2424 -1
2424: -1
2425: -1
2426: -1
2427: -1
2428: -1
2429: -1
2430: 138 -1
2431: -1
2432: 139 -1
2433: 611 2437 2439 2441 2443 2450 2587 -1
2434: -1
2435: -1
2436: 1183 -1
2437: -1
2438: -1
2439: -1
2440: -1
2441: 2440 -1
2442: -1
2443: 2444 -1
2444: -1
2445: -1
2446: -1
2447: -1
2448: -1
2449: -1
2450: -1
2451: -1
2452: -1
2453: -1
2454: -1
2455: 140 -1
2456: 140 -1
2457: 140 -1
2458: 140 -1
2459: 140 -1
2460: 140 -1
2461: 141 2462 -1
2462: 141 2461 -1
2463: -1
2464: 142 -1
2465: 142 -1
2466: 142 -1
2467: 142 1109 1237 -1
2468: 142 1237 -1
2469: 142 1237 -1
2470: 142 -1
2471: 142 -1
2472: 142 1237 -1
2473: 142 1237 -1
2474: 142 -1
2475: 142 1237 -1
2476: 142 -1
2477: 142 -1
2478: 142 1719 -1
2479: 142 -1
2480: 142 -1
2481: 142 1719 -1
2482: 142 -1
2483: 142 1237 -1
2484: 142 -1
2485: 142 1237 1238 -1
2486: 142 1237 1238 -1
2487: 142 1237 -1
2488: 142 1237 -1
2489: 142 -1
2490: 142 -1
2491: -1
2492: -1
2493: 144 -1
2494: 144 -1
2495: -1
2496: 145 684 2507 2511 2514 2516 2523 -1
2497: 145 -1
2498: 145 -1
2499: 145 2511 2516 2523 -1
2500: -1
2501: -1
2502: -1
2503: -1
2504: -1
2505: 2511 2516 -1
2506: -1
2507: -1
2508: -1
2509: -1
2510: -1
2511: -1
2512: -1
2513: -1
2514: -1
2515: -1
2516: -1
2517: -1
2518: -1
2519: -1
2520: 2511 2516 -1
2521: -1
2522: -1
2523: -1
2524: 2515 -1
2525: -1
2526: -1
2527: -1
2528: -1
2529: -1
2530: -1
2531: -1
2532: -1
2533: -1
2534: -1
2535: 148 2559 -1
2536: 188 1420 1837 2538 2539 2540 2542 2543 2546 2548 2549 2551 2556 2557 2560 2561 2565 2566 -1
2537: 2550 2558 -1
2538: -1
2539: -1
2540: -1
2541: -1
2542: -1
2543: -1
2544: 2538 -1
2545: -1
2546: -1
2547: -1
2548: -1
2549: -1
2550: -1
2551: -1
2552: -1
2553: 2540 -1
2554: 568 685 707 715 766 2082 2591 -1
2555: 2545 -1
2556: -1
2557: -1
2558: -1
2559: -1
2560: -1
2561: -1
2562: -1
2563: -1
2564: -1
2565: -1
2566: -1
2567: -1
2568: -1
2569: 149 -1
2570: 149 -1
2571: -1
2572: -1
2573: -1
2574: -1
2575: -1
2576: -1
2577: -1
2578: -1
2579: -1
2580: -1
2581: -1
2582: -1
2583: -1
2584: -1
2585: -1
2586: -1
2587: 337 1685 -1
2588: -1
2589: -1
2590: -1
2591: -1
2592: -1
2593: -1
2594: -1
2595: -1
2596: 152 -1
2597: -1
