0: 4 6 8 15 32 36 85 93 94 95 96 97 98 99 100 101 102 103 104 105 106 107 108 109 110 111 112 113 116 117 118 119 120 121 122 123 124 125 126 127 128 129 130 131 132 133 135 136 137 140 149 154 155 158 161 162 166 167 169 177 180 184 188 192 196 213 216 221 222 224 228 231 236 239 251 257 263 316 328 356 360 376 377 385 386 424 426 475 531 533 550 551 590 603 609 641 664 680 683 685 702 705 707 708 710 713 714 717 719 722 723 724 725 755 761 779 832 842 -1
1: 7 16 90 93 100 139 140 141 142 143 144 145 146 147 148 149 150 151 152 153 154 155 156 157 158 159 160 161 162 163 164 165 166 167 168 169 170 171 172 173 174 213 216 385 386 717 719 724 761 -1
2: 47 122 123 140 158 176 177 178 180 182 183 184 186 190 194 195 196 200 201 202 204 205 208 210 211 213 214 215 216 330 685 761 -1
3: 108 123 147 188 218 219 220 221 222 223 224 225 226 227 228 229 230 231 232 233 234 235 236 237 761 -1
4: 113 238 240 261 262 264 265 266 267 268 269 270 271 272 273 274 275 276 277 278 279 280 281 282 283 284 285 286 287 288 289 290 291 292 293 294 295 296 297 299 300 301 302 303 304 305 306 307 308 309 310 311 312 313 314 315 359 550 551 717 761 -1
5: 316 318 319 320 761 -1
6: 4 33 99 183 188 239 251 257 263 355 356 357 358 360 377 761 -1
7: 111 761 -1
8: 2 4 6 99 124 179 203 207 239 240 246 251 257 263 359 367 369 373 375 376 377 379 380 382 529 761 -1
9: 188 385 386 -1
10: 398 401 402 403 404 405 408 761 -1
11: 99 181 212 318 417 418 420 421 -1
12: 3 16 423 424 425 426 427 428 429 -1
13: 287 443 444 -1
14: 36 287 446 447 449 450 451 -1
15: 454 -1
16: 7 182 183 194 195 356 -1
17: 499 507 -1
18: 514 515 969 -1
19: 8 175 179 201 203 209 325 378 528 529 530 531 532 533 534 535 536 -1
20: 542 -1
21: 545 -1
22: 103 214 356 360 374 542 705 707 708 709 710 713 714 715 716 717 718 719 720 721 722 723 724 725 726 727 -1
23: 747 748 -1
24: 65 752 754 755 -1
25: 365 -1
26: -1
27: 5 762 763 764 -1
28: 767 -1
29: 767 -1
30: 374 770 771 -1
31: 773 -1
32: -1
33: 778 779 -1
34: 783 784 -1
35: -1
36: -1
37: -1
38: -1
39: -1
40: -1
41: 804 805 -1
42: -1
43: 325 809 810 821 822 823 825 826 -1
44: -1
45: 833 -1
46: 834 -1
47: 839 840 841 842 -1
48: 843 -1
49: 844 -1
50: 847 848 -1
51: -1
52: -1
53: -1
54: -1
55: -1
56: 17 104 325 470 475 480 483 504 505 508 529 807 888 889 890 891 892 893 894 895 1000 -1
57: -1
58: 902 -1
59: -1
60: 755 -1
61: -1
62: -1
63: 924 -1
64: -1
65: 752 755 960 -1
66: 961 -1
67: -1
68: -1
69: -1
70: 974 975 -1
71: -1
72: -1
73: -1
74: -1
75: -1
76: -1
77: -1
78: 1009 -1
79: -1
80: -1
81: -1
82: -1
83: 1023 1024 -1
84: -1
85: 1034 -1
86: -1
87: -1
88: -1
89: -1
90: -1
91: 905 906 907 908 1069 1070 -1
92: -1
93: -1
94: -1
95: -1
96: -1
97: -1
98: -1
99: 217 -1
100: -1
101: -1
102: -1
103: -1
104: -1
105: -1
106: -1
107: -1
108: -1
109: -1
110: -1
111: -1
112: -1
113: -1
114: 905 906 907 908 1069 1070 -1
115: 65 109 365 802 -1
116: -1
117: -1
118: -1
119: -1
120: -1
121: -1
122: 183 195 215 -1
123: -1
124: -1
125: -1
126: -1
127: -1
128: -1
129: -1
130: -1
131: -1
132: -1
133: -1
134: -1
135: -1
136: 22 228 841 -1
137: -1
138: 1 99 121 163 167 174 184 223 224 356 358 405 422 547 589 747 778 956 996 1026 -1
139: -1
140: 557 -1
141: -1
142: -1
143: -1
144: -1
145: -1
146: -1
147: -1
148: -1
149: -1
150: -1
151: -1
152: -1
153: -1
154: -1
155: -1
156: -1
157: -1
158: -1
159: -1
160: -1
161: -1
162: -1
163: -1
164: -1
165: -1
166: -1
167: -1
168: -1
169: -1
170: -1
171: -1
172: -1
173: -1
174: -1
175: -1
176: -1
177: 662 -1
178: -1
179: -1
180: -1
181: -1
182: -1
183: -1
184: -1
185: -1
186: -1
187: -1
188: 385 386 -1
189: -1
190: -1
191: -1
192: -1
193: -1
194: -1
195: -1
196: -1
197: 6 22 -1
198: 358 -1
199: -1
200: -1
201: -1
202: -1
203: -1
204: -1
205: -1
206: -1
207: 22 -1
208: -1
209: -1
210: 725 -1
211: -1
212: -1
213: -1
214: 724 -1
215: -1
216: -1
217: 581 -1
218: -1
219: -1
220: -1
221: -1
222: -1
223: 161 360 705 707 -1
224: -1
225: -1
226: -1
227: -1
228: 22 65 155 356 841 -1
229: -1
230: -1
231: -1
232: -1
233: -1
234: -1
235: -1
236: -1
237: 220 -1
238: 4 239 251 257 263 377 -1
239: -1
240: 4 22 51 81 155 239 251 257 263 287 357 377 536 717 777 853 -1
241: 4 6 21 99 239 251 254 257 263 292 377 533 550 551 717 752 -1
242: 4 239 251 257 263 377 -1
243: 4 239 251 257 263 377 -1
244: 4 239 251 257 261 263 277 296 304 305 314 315 377 -1
245: 238 296 -1
246: 4 8 -1
247: 4 -1
248: 4 -1
249: 4 -1
250: 4 -1
251: -1
252: 4 -1
253: 4 6 111 161 233 251 641 642 725 884 -1
254: 4 124 184 251 340 376 379 603 717 749 -1
255: 4 35 99 101 111 118 125 129 132 135 137 140 158 162 184 188 190 193 213 216 218 251 362 370 547 589 705 707 712 714 724 725 745 747 808 851 -1
256: 4 251 412 -1
257: -1
258: 4 251 -1
259: 4 251 -1
260: 4 251 -1
261: -1
262: -1
263: -1
264: -1
265: -1
266: -1
267: -1
268: -1
269: -1
270: -1
271: -1
272: -1
273: -1
274: -1
275: -1
276: -1
277: -1
278: -1
279: -1
280: -1
281: -1
282: -1
283: -1
284: -1
285: -1
286: -1
287: -1
288: -1
289: -1
290: -1
291: -1
292: -1
293: -1
294: -1
295: -1
296: -1
297: -1
298: 315 -1
299: -1
300: -1
301: -1
302: -1
303: -1
304: -1
305: -1
306: -1
307: -1
308: -1
309: -1
310: -1
311: -1
312: -1
313: -1
314: -1
315: -1
316: -1
317: -1
318: -1
319: -1
320: -1
321: -1
322: -1
323: -1
324: -1
325: -1
326: 6 183 327 536 719 -1
327: 6 99 111 126 129 140 155 158 169 188 213 228 326 356 376 379 487 506 707 775 776 810 -1
328: 6 22 155 192 629 778 -1
329: 6 33 726 -1
330: 6 22 183 195 215 -1
331: 6 -1
332: 6 -1
333: 6 -1
334: 6 629 -1
335: 6 634 -1
336: 6 -1
337: 6 -1
338: 6 -1
339: 6 -1
340: 6 -1
341: 6 183 358 778 -1
342: 6 -1
343: 6 22 695 -1
344: 6 65 183 195 -1
345: 6 22 155 356 629 726 841 -1
346: 6 22 356 629 -1
347: 6 -1
348: 6 -1
349: 6 330 -1
350: 6 495 -1
351: 6 -1
352: 6 607 -1
353: 6 -1
354: 6 -1
355: -1
356: -1
357: -1
358: -1
359: -1
360: -1
361: 7 223 224 424 -1
362: -1
363: 8 365 -1
364: 8 269 287 380 545 -1
365: 8 374 376 379 380 382 531 722 753 -1
366: 8 -1
367: 8 -1
368: 8 -1
369: 8 19 155 169 179 181 185 187 188 189 191 192 193 197 198 199 203 206 209 212 214 330 378 -1
370: 8 106 118 188 216 707 -1
371: 8 99 104 113 126 135 184 188 214 370 705 707 718 725 -1
372: 8 -1
373: -1
374: -1
375: -1
376: -1
377: -1
378: -1
379: -1
380: 545 -1
381: -1
382: -1
383: 9 97 99 101 111 121 140 158 169 177 184 188 211 213 214 240 328 340 359 374 603 623 705 707 714 718 722 724 725 749 832 -1
384: 9 328 724 808 -1
385: 386 -1
386: -1
387: -1
388: 10 -1
389: 10 -1
390: 10 -1
391: 10 -1
392: 10 -1
393: 10 202 204 211 -1
394: 10 -1
395: 498 752 1034 -1
396: 656 703 720 -1
397: 10 387 395 396 407 -1
398: -1
399: 444 -1
400: -1
401: -1
402: -1
403: -1
404: -1
405: -1
406: 545 -1
407: -1
408: -1
409: -1
410: -1
411: -1
412: -1
413: -1
414: 99 -1
415: -1
416: 177 214 705 725 -1
417: -1
418: 22 216 249 726 -1
419: -1
420: -1
421: -1
422: -1
423: -1
424: -1
425: -1
426: -1
427: -1
428: -1
429: -1
430: 859 860 861 862 863 864 865 866 867 868 -1
431: 859 860 861 862 863 864 865 866 867 868 -1
432: 69 863 -1
433: 863 -1
434: 859 860 861 862 863 864 865 866 867 868 -1
435: 859 860 861 862 863 864 865 866 867 868 -1
436: 859 860 861 862 863 864 865 866 867 868 -1
437: 859 860 861 862 863 864 865 866 867 868 -1
438: 859 860 861 862 863 864 865 866 867 868 -1
439: 859 860 861 862 863 864 865 866 867 868 -1
440: 859 860 861 862 863 864 865 866 867 868 -1
441: 859 860 861 862 863 864 865 866 867 868 -1
442: 859 860 861 862 863 864 865 866 867 868 -1
443: -1
444: -1
445: 14 -1
446: -1
447: -1
448: 1034 -1
449: 565 581 -1
450: -1
451: -1
452: 15 714 -1
453: 15 454 -1
454: -1
455: 16 1022 -1
456: 16 426 -1
457: 16 -1
458: 16 -1
459: 16 -1
460: -1
461: 16 462 -1
462: 466 -1
463: 134 -1
464: 460 466 602 -1
465: 16 460 466 1015 1020 -1
466: -1
467: 491 499 -1
468: 65 -1
469: 892 -1
470: -1
471: 17 -1
472: 494 -1
473: 727 -1
474: 17 467 -1
475: 22 65 183 194 195 892 -1
476: 494 -1
477: 17 94 121 166 214 340 449 467 547 581 589 723 1034 -1
478: 137 -1
479: 17 467 473 -1
480: 499 -1
481: 17 467 499 -1
482: 17 -1
483: -1
484: 17 467 499 -1
485: 17 -1
486: 17 470 505 -1
487: 17 22 155 228 356 629 841 -1
488: 17 -1
489: 503 -1
490: 17 -1
491: 17 -1
492: 17 -1
493: 499 -1
494: 17 398 406 472 476 -1
495: -1
496: -1
497: 17 504 505 508 890 894 895 -1
498: -1
499: 17 480 484 -1
500: 499 -1
501: 499 -1
502: 491 -1
503: -1
504: -1
505: -1
506: -1
507: 111 707 713 725 1034 -1
508: -1
509: 18 1013 -1
510: 18 1013 -1
511: 18 1013 -1
512: 18 1013 -1
513: 18 1013 -1
514: -1
515: -1
516: 19 -1
517: 19 177 415 722 -1
518: 19 -1
519: 19 -1
520: 19 -1
521: 19 -1
522: 19 -1
523: 19 -1
524: 19 -1
525: 19 -1
526: 19 -1
527: 19 -1
528: -1
529: -1
530: -1
531: -1
532: -1
533: -1
534: -1
535: -1
536: -1
537: -1
538: 22 155 183 194 -1
539: 20 541 -1
540: 20 -1
541: 140 158 213 506 -1
542: -1
543: 21 -1
544: 21 -1
545: 21 -1
546: 21 1034 -1
547: 21 -1
548: 21 589 -1
549: 21 287 545 -1
550: 21 184 287 385 386 808 1034 -1
551: 21 -1
552: 21 550 1034 -1
553: 21 -1
554: 21 408 545 -1
555: 21 99 224 -1
556: 21 94 99 103 105 111 123 131 139 140 149 154 158 161 166 172 173 213 214 220 223 224 227 237 360 423 424 536 623 705 707 708 719 724 953 -1
557: 21 -1
558: 21 -1
559: 21 808 -1
560: 21 -1
561: 21 99 121 446 547 550 551 808 1034 -1
562: 21 -1
563: 21 -1
564: 21 -1
565: 21 1034 -1
566: 21 99 752 -1
567: 21 -1
568: 21 -1
569: 21 -1
570: 21 404 496 547 808 -1
571: 21 582 -1
572: 21 -1
573: 21 544 -1
574: 21 -1
575: 21 -1
576: 21 -1
577: 21 -1
578: 21 99 224 566 581 1034 -1
579: 21 -1
580: 21 274 286 290 311 532 583 746 760 808 902 -1
581: -1
582: 578 -1
583: -1
584: -1
585: 22 -1
586: 22 183 194 -1
587: 22 -1
588: 22 177 183 249 578 726 727 -1
589: 22 269 547 703 -1
590: 22 183 194 778 -1
591: 22 153 -1
592: 22 -1
593: 22 -1
594: 22 -1
595: 22 -1
596: 22 177 216 356 -1
597: 22 -1
598: 22 -1
599: 22 -1
600: 22 155 365 -1
601: 22 -1
602: 22 1019 -1
603: 22 -1
604: 22 703 -1
605: 22 -1
606: 22 -1
607: 22 -1
608: 22 720 830 -1
609: 22 -1
610: 22 -1
611: 22 -1
612: 22 182 183 194 584 -1
613: 22 -1
614: 22 -1
615: 22 -1
616: 22 -1
617: 22 537 727 -1
618: 22 411 -1
619: 22 184 -1
620: 22 -1
621: 22 -1
622: 22 -1
623: 22 -1
624: 22 65 155 365 409 629 841 -1
625: 22 -1
626: 22 155 -1
627: 22 -1
628: 22 365 -1
629: 22 155 183 194 195 249 356 1014 -1
630: 22 -1
631: 22 819 -1
632: 22 228 584 842 -1
633: 22 -1
634: 22 -1
635: 22 -1
636: 22 839 -1
637: 22 -1
638: 22 650 -1
639: 22 -1
640: 22 155 228 356 629 -1
641: 22 -1
642: 22 109 726 -1
643: 22 -1
644: 22 -1
645: 22 -1
646: 22 726 727 -1
647: 22 -1
648: 22 629 727 -1
649: 22 153 -1
650: 22 -1
651: 22 183 194 778 -1
652: 22 -1
653: 22 380 -1
654: 22 -1
655: 22 342 695 -1
656: 22 183 725 -1
657: 22 703 -1
658: 22 -1
659: 22 65 249 629 642 726 -1
660: 22 253 254 710 726 -1
661: 22 -1
662: 22 726 -1
663: 22 -1
664: 22 -1
665: 22 57 155 228 356 413 629 703 841 1001 -1
666: 22 183 200 215 -1
667: 22 -1
668: 22 -1
669: 22 -1
670: 22 201 -1
671: 22 183 418 656 -1
672: 22 -1
673: 22 -1
674: 22 322 753 -1
675: 22 -1
676: 22 65 292 726 -1
677: 22 -1
678: 22 -1
679: 22 -1
680: 22 -1
681: 22 855 -1
682: 22 -1
683: 22 216 615 726 -1
684: 22 -1
685: 22 -1
686: 22 603 726 -1
687: 22 51 -1
688: 22 -1
689: 22 -1
690: 22 -1
691: 22 -1
692: 22 228 365 -1
693: 22 380 545 714 -1
694: 22 -1
695: 22 -1
696: 22 356 412 727 1014 -1
697: 22 -1
698: 22 703 -1
699: 22 -1
700: 22 545 -1
701: 22 695 -1
702: 22 726 -1
703: 22 103 224 360 707 708 709 711 -1
704: 22 360 711 -1
705: -1
706: -1
707: -1
708: -1
709: 218 -1
710: -1
711: 184 -1
712: -1
713: -1
714: -1
715: -1
716: -1
717: -1
718: -1
719: -1
720: -1
721: -1
722: -1
723: -1
724: 447 566 578 703 1034 -1
725: -1
726: -1
727: 709 -1
728: 98 104 105 126 155 162 269 292 322 356 398 406 533 547 557 583 609 664 697 706 709 717 722 724 755 760 890 -1
729: 99 118 135 169 188 214 316 340 360 483 547 550 551 589 680 719 905 906 907 908 1034 1069 1070 -1
730: 126 358 398 406 725 727 -1
731: 23 -1
732: 23 -1
733: 23 -1
734: 23 828 -1
735: 23 -1
736: 23 -1
737: 23 545 808 -1
738: 23 -1
739: 23 -1
740: 23 -1
741: 23 405 -1
742: 23 962 -1
743: 23 65 -1
744: 23 356 630 727 898 -1
745: -1
746: -1
747: -1
748: -1
749: 356 683 754 -1
750: 24 882 960 -1
751: 24 297 398 408 545 721 737 747 808 882 960 -1
752: 581 -1
753: -1
754: -1
755: -1
756: 99 120 269 370 417 419 421 550 551 557 609 719 -1
757: 758 -1
758: -1
759: 758 -1
760: -1
761: 26 -1
762: 27 321 323 324 -1
763: 27 324 325 -1
764: -1
765: 35 99 101 118 129 132 174 177 190 210 232 233 257 362 376 379 398 406 506 547 603 705 714 719 724 725 747 -1
766: 28 29 256 932 -1
767: -1
768: 30 -1
769: 30 -1
770: -1
771: -1
772: 325 -1
773: -1
774: -1
775: 33 188 233 358 778 -1
776: 33 130 214 358 778 -1
777: 33 184 726 -1
778: 207 -1
779: -1
780: 34 781 782 -1
781: -1
782: -1
783: -1
784: -1
785: -1
786: 35 785 -1
787: 35 -1
788: 35 -1
789: 35 -1
790: 35 -1
791: 365 -1
792: 35 -1
793: 121 -1
794: 37 795 796 797 -1
795: -1
796: -1
797: -1
798: 38 99 262 315 799 800 -1
799: -1
800: -1
801: 39 166 755 827 849 1021 -1
802: 536 -1
803: 40 -1
804: -1
805: -1
806: 42 385 386 -1
807: -1
808: -1
809: 43 -1
810: 43 809 822 823 825 826 961 -1
811: 43 -1
812: 43 -1
813: 43 809 -1
814: 43 -1
815: -1
816: 43 -1
817: 43 -1
818: 43 155 668 767 -1
819: 43 155 -1
820: 43 810 -1
821: -1
822: -1
823: -1
824: 815 -1
825: 826 -1
826: -1
827: 507 1034 -1
828: -1
829: 726 830 -1
830: -1
831: 44 449 540 759 1044 -1
832: 703 759 839 -1
833: -1
834: -1
835: 47 -1
836: 47 -1
837: 47 -1
838: 47 -1
839: -1
840: -1
841: -1
842: -1
843: -1
844: -1
845: 405 -1
846: 848 -1
847: -1
848: -1
849: -1
850: 208 398 406 583 -1
851: 51 -1
852: 51 183 195 292 365 381 650 753 -1
853: 51 -1
854: 51 183 -1
855: 51 -1
856: 51 183 -1
857: 51 -1
858: 51 -1
859: -1
860: -1
861: -1
862: -1
863: -1
864: -1
865: -1
866: -1
867: -1
868: -1
869: 52 759 814 870 986 -1
870: -1
871: -1
872: 53 878 -1
873: 53 871 876 877 878 -1
874: 53 -1
875: 67 964 -1
876: -1
877: -1
878: -1
879: 54 65 588 608 940 957 958 964 -1
880: 67 177 725 727 808 -1
881: 54 68 72 717 978 -1
882: 54 -1
883: 703 -1
884: -1
885: 55 61 167 424 547 774 886 909 -1
886: 55 -1
887: 56 -1
888: -1
889: -1
890: -1
891: -1
892: -1
893: -1
894: -1
895: -1
896: 57 -1
897: 57 898 -1
898: 57 -1
899: 345 449 -1
900: 830 -1
901: 113 188 207 214 385 386 -1
902: -1
903: 100 105 201 353 360 675 -1
904: 59 153 -1
905: -1
906: -1
907: -1
908: -1
909: 61 -1
910: 62 918 919 920 921 922 -1
911: 62 918 920 922 -1
912: 62 918 920 922 -1
913: 62 918 920 922 -1
914: 62 912 913 918 920 922 1037 -1
915: 911 -1
916: 62 915 918 919 920 921 922 -1
917: 62 86 910 912 913 914 915 916 918 919 920 921 922 1036 1038 1039 1040 1041 1042 1043 -1
918: -1
919: -1
920: -1
921: -1
922: -1
923: 63 -1
924: -1
925: 64 -1
926: 64 -1
927: 64 -1
928: 64 -1
929: 64 -1
930: 64 -1
931: 64 -1
932: 64 -1
933: 64 -1
934: 64 -1
935: 64 -1
936: 64 -1
937: 64 -1
938: 64 -1
939: 64 -1
940: -1
941: 65 -1
942: 65 -1
943: 65 -1
944: 65 -1
945: 65 -1
946: 65 744 -1
947: 65 726 727 -1
948: 65 398 -1
949: 65 -1
950: 292 727 -1
951: 65 -1
952: 65 -1
953: 65 -1
954: 65 536 897 -1
955: 65 -1
956: 65 -1
957: -1
958: -1
959: 72 978 -1
960: -1
961: -1
962: -1
963: 67 -1
964: 67 -1
965: 68 72 891 967 978 -1
966: 68 72 967 978 -1
967: -1
968: -1
969: -1
970: 507 -1
971: 973 -1
972: 683 688 973 -1
973: 506 968 972 -1
974: -1
975: -1
976: 578 -1
977: 71 -1
978: -1
979: 72 967 978 -1
980: 73 981 982 983 984 985 1000 -1
981: -1
982: -1
983: -1
984: -1
985: -1
986: -1
987: 74 87 -1
988: 155 410 -1
989: 75 990 991 996 999 1026 -1
990: 989 991 996 1026 -1
991: 75 989 990 996 999 1026 -1
992: 75 93 139 143 145 146 148 149 151 152 156 165 166 167 173 174 999 -1
993: -1
994: 75 -1
995: 75 -1
996: 75 84 989 990 991 993 997 998 999 1027 -1
997: 75 989 990 991 999 -1
998: 989 991 -1
999: -1
1000: -1
1001: 76 1003 -1
1002: 76 825 826 844 1001 1003 -1
1003: -1
1004: 77 1005 1006 1007 -1
1005: -1
1006: -1
1007: -1
1008: 1009 -1
1009: -1
1010: 79 1012 -1
1011: 79 1012 -1
1012: -1
1013: 80 132 184 223 424 -1
1014: 683 -1
1015: -1
1016: 726 -1
1017: 82 -1
1018: 82 -1
1019: -1
1020: -1
1021: -1
1022: -1
1023: -1
1024: -1
1025: 84 166 1027 -1
1026: 84 1027 -1
1027: -1
1028: 85 -1
1029: 85 -1
1030: 85 449 507 705 1034 -1
1031: 85 116 214 216 226 235 355 385 386 400 449 550 551 578 705 706 717 718 752 808 832 -1
1032: 85 1033 -1
1033: -1
1034: -1
1035: 214 -1
1036: 162 532 573 -1
1037: 86 1038 1041 -1
1038: -1
1039: -1
1040: -1
1041: -1
1042: 507 -1
1043: -1
1044: 317 -1
1045: 88 -1
1046: -1
1047: -1
1048: -1
1049: -1
1050: -1
1051: -1
1052: -1
1053: -1
1054: -1
1055: 89 -1
1056: -1
1057: -1
1058: -1
1059: 89 1046 1047 1048 1049 1050 1051 1052 1053 1054 1056 1057 1058 1060 1061 1062 1063 1064 1065 1066 1067 1068 -1
1060: -1
1061: -1
1062: -1
1063: 1055 -1
1064: -1
1065: -1
1066: -1
1067: -1
1068: -1
1069: -1
1070: -1
1071: -1
1072: 92 1071 1073 1074 -1
1073: -1
1074: -1
