0: 2 14 17 19 20 42 43 54 79 88 93 96 99 100 102 122 125 144 158 161 165 166 170 184 186 187 188 189 190 191 192 193 194 195 196 197 198 199 200 201 202 203 204 205 206 207 208 209 210 211 212 214 215 216 217 218 219 220 221 222 223 224 225 226 227 228 229 230 267 281 282 360 370 373 378 379 383 389 392 394 417 421 424 434 437 438 449 458 461 464 465 468 469 470 475 478 486 487 491 495 496 500 504 505 506 510 511 512 520 521 527 604 606 700 701 702 728 732 734 775 779 840 845 846 848 849 852 901 906 918 921 922 960 1001 1007 1010 1016 1018 1021 1025 1026 1027 1028 1029 1035 1036 1039 1041 1137 1269 1361 1366 1389 1423 1426 1518 1548 1560 1594 1610 1611 1623 1625 1626 1627 1629 1631 1777 1833 1878 1898 1924 1925 2044 2331 2417 2590 2665 2670 2767 2847 2854 2899 -1
1: 50 88 117 186 192 220 235 237 238 239 240 241 242 243 244 245 246 247 249 250 251 252 253 254 255 256 257 258 259 260 261 263 264 265 266 267 268 269 270 271 272 274 275 277 278 279 280 281 282 283 393 400 412 422 423 475 477 486 495 496 514 634 636 648 701 722 723 732 734 808 821 857 902 904 906 960 1009 1010 1012 1238 1285 1361 1366 1453 1518 1577 1599 2005 2335 2339 -1
2: 88 93 154 156 157 367 368 369 370 371 372 373 374 375 376 377 378 379 380 381 382 383 384 386 387 388 389 390 391 392 393 394 395 396 397 398 399 400 401 960 2847 -1
3: 69 93 154 192 197 220 237 239 240 258 261 263 277 281 282 283 381 389 390 395 400 411 413 416 417 419 420 421 422 423 424 427 428 429 465 467 470 475 477 479 483 486 495 496 500 510 511 516 521 563 636 643 652 722 728 821 839 841 849 960 986 989 991 992 1008 1009 1010 1238 1423 1518 1519 1546 1591 1592 1593 1595 2042 2216 2403 2667 2953 -1
4: 54 88 134 211 379 384 400 430 431 432 433 434 435 436 437 438 439 440 441 442 443 444 445 446 447 448 449 450 451 452 454 455 456 457 458 459 837 850 960 -1
5: 424 460 461 462 463 464 465 466 467 468 469 470 471 472 473 474 475 476 477 478 479 480 481 482 483 484 486 487 960 -1
6: 103 434 437 461 462 465 470 479 488 489 490 491 492 493 494 495 496 497 498 960 -1
7: 2 35 157 161 383 424 434 437 461 468 486 499 500 501 502 503 504 505 507 508 510 511 512 513 515 516 517 518 519 520 521 960 -1
8: 20 42 96 161 491 526 527 528 529 -1
9: 411 552 553 554 562 563 960 -1
10: 407 434 460 461 464 465 479 482 487 491 495 586 587 588 589 590 591 617 960 -1
11: 117 593 594 597 598 -1
12: 42 96 600 601 602 603 605 606 607 608 609 610 612 613 -1
13: 20 434 460 461 465 470 478 487 493 495 616 617 618 619 620 1610 1903 2417 2840 -1
14: 35 831 834 1548 -1
15: 238 400 627 628 630 631 632 634 635 636 1018 1235 1236 1237 1545 -1
16: 247 270 413 455 495 638 639 640 641 642 643 645 646 647 648 650 652 653 654 -1
17: 383 414 657 -1
18: 187 413 552 652 695 696 697 698 699 700 701 702 703 -1
19: 50 156 212 283 380 459 494 511 516 701 717 718 719 720 721 722 723 724 725 726 727 728 729 730 731 732 733 734 735 1285 -1
20: 413 467 652 791 796 800 -1
21: 261 296 383 815 816 817 818 819 820 821 822 823 824 1926 -1
22: 42 96 1903 -1
23: 19 198 211 283 435 447 625 835 836 837 838 839 840 842 843 844 845 846 847 848 849 850 851 852 1269 -1
24: 282 504 515 650 853 -1
25: 76 856 857 860 861 862 863 864 865 866 867 -1
26: 875 876 879 880 881 -1
27: 105 884 885 886 887 -1
28: 830 889 890 895 896 897 -1
29: 24 282 400 636 722 908 -1
30: 156 370 380 801 918 919 920 921 922 -1
31: 491 923 924 -1
32: -1
33: 496 722 824 933 934 935 936 -1
34: 261 496 937 938 -1
35: 724 728 922 951 952 953 -1
36: 88 969 -1
37: 400 476 482 636 645 648 973 974 975 976 977 -1
38: 35 383 -1
39: 95 105 187 209 247 256 261 263 274 277 282 283 384 386 399 400 409 413 420 422 429 465 468 475 479 495 496 500 504 521 635 636 639 652 721 863 907 909 913 917 985 986 987 988 989 991 992 994 995 996 997 998 999 1000 1001 1002 1004 1005 1006 1007 1008 1009 1010 1011 1012 1285 1358 1385 1518 1594 1595 1597 1695 1878 1932 1933 1934 2335 2360 2363 2950 2952 2953 -1
40: 282 504 -1
41: 2 42 43 96 100 144 161 186 188 189 192 200 201 203 204 206 207 211 214 217 222 226 230 281 370 373 379 381 383 389 399 434 437 439 443 461 464 465 468 470 475 479 487 491 495 505 512 520 606 609 610 643 650 724 773 775 779 831 834 849 918 1001 1007 1010 1015 1016 1017 1018 1019 1020 1021 1022 1023 1024 1025 1026 1027 1028 1029 1030 1031 1032 1033 1034 1035 1036 1037 1038 1039 1040 1041 1060 1077 1137 1148 1361 1366 1426 1553 1610 1777 1898 2331 2366 2417 2590 2899 -1
42: 3 424 1091 -1
43: 102 1144 1148 1149 1150 1153 -1
44: 36 969 -1
45: 282 441 445 804 844 1169 -1
46: 1170 -1
47: 1194 1204 1214 -1
48: 1238 1239 -1
49: 3 1268 1269 -1
50: 504 -1
51: 1286 -1
52: 912 1324 -1
53: 186 718 1010 1354 1361 -1
54: 1381 -1
55: 1384 1385 1386 1387 -1
56: 42 96 525 700 734 1389 1925 -1
57: 268 937 1394 -1
58: 1398 1401 1402 1403 -1
59: 496 1405 1406 -1
60: 88 368 391 1407 1408 -1
61: 1413 -1
62: 367 392 1364 1367 1423 1424 -1
63: 935 1425 1426 -1
64: 370 552 1447 1448 1449 -1
65: 214 283 803 1450 1451 1452 1453 1454 1926 -1
66: 18 -1
67: 1468 1469 -1
68: 1480 -1
69: 108 1515 -1
70: 1516 -1
71: 76 338 883 1517 1518 1521 1522 1523 1524 -1
72: 1526 -1
73: 413 652 -1
74: 117 1527 1528 1529 1530 -1
75: 42 96 186 238 271 437 459 491 495 510 527 1038 1361 1539 1543 1545 1546 1548 1552 1553 2331 2758 -1
76: 265 271 278 282 413 504 652 722 728 995 1002 1453 1520 1545 1582 1588 1589 1590 1591 1592 1593 1594 1595 1597 1598 1599 1600 1601 1602 2784 -1
77: 1604 -1
78: 2 32 43 117 157 375 389 398 400 435 447 457 837 840 844 845 846 850 852 1427 1606 1607 1608 1609 1610 1611 1612 1613 1614 2230 2417 -1
79: -1
80: -1
81: -1
82: 414 657 1730 -1
83: 1739 1740 1741 1742 1743 1744 1745 1746 1747 1751 1752 1753 1754 1755 1756 1757 1758 1759 1760 1761 1762 -1
84: 1771 1772 1775 1776 -1
85: 1777 -1
86: -1
87: 1785 1788 1789 1790 1791 1792 1793 1794 1795 1796 1797 1798 1799 1800 1801 1802 1803 1804 1805 1806 1807 1808 1809 1810 1811 1812 1813 1814 1815 1816 1817 1818 1819 1820 1821 1822 1823 1824 1825 1826 1827 1828 1829 1830 -1
88: 1836 -1
89: -1
90: -1
91: 88 134 387 389 417 437 553 554 1876 1877 1878 -1
92: -1
93: 188 -1
94: 1389 1924 1925 -1
95: -1
96: 42 -1
97: -1
98: 2006 -1
99: -1
100: 397 -1
101: 2038 2039 -1
102: -1
103: 1388 1389 1925 -1
104: 2057 2058 -1
105: 2060 -1
106: 1784 2062 2063 2064 2065 2066 2067 2068 2069 2070 2071 2072 2073 2074 2075 2076 2077 2078 2079 2080 2081 2082 2083 2084 2085 2086 2087 2088 2089 2090 2091 2092 2093 2094 2095 2096 2097 2098 2099 2100 2101 2102 2103 2104 2105 2106 2107 2108 2109 2110 -1
107: 2112 -1
108: 69 1499 1500 1501 1502 1503 1505 1507 1508 1509 1510 1511 1512 1513 1514 2178 -1
109: -1
110: 184 1399 -1
111: 76 2207 2208 -1
112: 912 1523 2216 -1
113: -1
114: -1
115: 1408 2230 -1
116: -1
117: 2335 -1
118: 245 2339 -1
119: -1
120: -1
121: 2362 -1
122: 2363 -1
123: -1
124: -1
125: 2398 -1
126: 2404 -1
127: 647 -1
128: 700 2410 2411 -1
129: 28 338 -1
130: 491 1610 2416 2417 2418 -1
131: 1468 1469 2419 -1
132: 860 862 2480 -1
133: -1
134: -1
135: 525 2497 -1
136: -1
137: 860 -1
138: 261 2553 -1
139: -1
140: 843 -1
141: 2562 2563 -1
142: -1
143: 2586 -1
144: 2594 2595 -1
145: -1
146: -1
147: 88 93 223 367 414 625 657 1631 1865 2665 2666 2667 2669 2670 -1
148: -1
149: 860 2723 2724 2725 2726 -1
150: 26 636 1599 2729 2730 2732 2734 -1
151: -1
152: 2750 -1
153: -1
154: -1
155: -1
156: 491 -1
157: -1
158: 496 2900 -1
159: 2903 2904 2905 -1
160: -1
161: 2929 -1
162: 268 -1
163: 2953 2954 -1
164: 166 180 181 182 -1
165: 0 164 166 167 168 169 185 291 461 700 944 948 949 1562 2331 2365 2849 2852 -1
166: 0 291 -1
167: 184 -1
168: 184 -1
169: 165 184 -1
170: 0 2365 -1
171: 0 184 -1
172: 0 184 -1
173: 0 -1
174: 0 411 563 1060 2366 -1
175: 0 -1
176: 0 168 184 2365 -1
177: 0 1551 2365 2491 -1
178: 0 2365 -1
179: 0 2365 -1
180: 0 184 2365 -1
181: 0 184 2365 -1
182: 0 184 2365 -1
183: 184 -1
184: 0 14 20 88 123 125 164 166 167 168 169 185 186 192 200 203 208 226 230 291 434 437 452 456 461 464 465 469 470 475 487 491 606 609 617 696 775 779 849 944 948 949 1010 1011 1016 1018 1023 1026 1039 1077 1137 1361 1426 1518 1553 1557 1562 1573 1610 1878 2331 2365 2417 2759 2849 2852 2899 2950 -1
185: 165 166 170 184 205 228 230 374 417 461 465 470 471 491 495 609 617 639 700 724 728 840 1031 1041 1389 1426 1589 1610 1616 1771 1924 1925 2044 2331 2417 2668 2854 -1
186: 1091 -1
187: -1
188: 275 400 -1
189: -1
190: -1
191: -1
192: -1
193: -1
194: -1
195: -1
196: -1
197: 282 413 468 652 696 1400 -1
198: -1
199: -1
200: -1
201: -1
202: -1
203: -1
204: -1
205: -1
206: -1
207: -1
208: -1
209: -1
210: -1
211: -1
212: -1
213: -1
214: -1
215: -1
216: -1
217: -1
218: -1
219: -1
220: -1
221: -1
222: -1
223: -1
224: -1
225: -1
226: -1
227: -1
228: -1
229: -1
230: -1
231: 1 -1
232: -1
233: 1 265 902 904 -1
234: 1 232 235 236 262 264 273 276 -1
235: -1
236: -1
237: -1
238: -1
239: -1
240: -1
241: -1
242: 235 264 278 423 469 636 641 642 645 654 856 857 859 895 986 1009 1384 1386 1399 1401 1403 1450 1476 1579 1591 1798 2075 2087 2335 2937 -1
243: -1
244: -1
245: -1
246: -1
247: 400 413 636 652 722 821 1009 1600 -1
248: -1
249: -1
250: -1
251: 400 636 -1
252: -1
253: -1
254: -1
255: 42 96 244 270 274 275 278 400 469 508 594 627 636 637 639 643 880 885 911 914 965 968 971 974 975 976 977 989 999 1522 1585 1590 1600 1924 1925 2006 2733 2924 -1
256: 261 -1
257: -1
258: -1
259: -1
260: -1
261: 413 652 -1
262: -1
263: -1
264: 641 654 1384 -1
265: -1
266: -1
267: -1
268: -1
269: -1
270: 650 -1
271: -1
272: -1
273: -1
274: -1
275: -1
276: -1
277: -1
278: 2335 -1
279: -1
280: -1
281: -1
282: -1
283: 935 -1
284: 2 -1
285: 2 -1
286: 2 -1
287: 2 -1
288: 2 -1
289: 2 -1
290: 2 -1
291: 2 166 184 496 1524 -1
292: 2 -1
293: 2 -1
294: 2 19 119 726 729 816 987 -1
295: 2 1533 -1
296: 2 -1
297: 2 -1
298: 2 -1
299: 2 43 625 1364 1367 -1
300: 2 301 -1
301: -1
302: 2 3 -1
303: 2 418 -1
304: 2 283 411 422 552 563 815 821 1010 2013 2953 -1
305: 2 -1
306: 2 2028 -1
307: 2 -1
308: 2 -1
309: 2 -1
310: 2 -1
311: 2 -1
312: 2 -1
313: 2 -1
314: 2 43 93 360 922 1361 1833 -1
315: 2 625 -1
316: 2 1597 -1
317: 2 -1
318: 2 -1
319: 2 -1
320: 2 -1
321: 2 -1
322: 2 -1
323: 2 803 821 839 2028 -1
324: 2 88 253 270 271 281 399 400 411 413 459 510 563 635 652 839 840 846 1010 1356 1357 1587 1593 2409 -1
325: 2 2491 -1
326: 2 35 43 93 383 496 815 1368 1548 1610 1611 2417 -1
327: 2 2491 -1
328: 2 43 326 -1
329: 2 -1
330: 2 -1
331: 2 -1
332: 2 19 268 411 422 563 1010 1356 -1
333: 2 43 62 99 100 115 122 125 146 200 203 214 216 241 245 281 326 359 374 382 389 398 400 461 464 465 467 470 475 491 506 510 512 514 520 609 717 730 801 953 965 1001 1007 1008 1019 1021 1028 1031 1137 1607 1610 1613 1628 1631 2013 2038 2331 2339 2417 2559 -1
334: 2 398 1610 2417 -1
335: 2 43 100 126 144 186 201 204 207 214 222 237 239 240 241 244 245 247 249 250 254 258 261 263 265 268 274 275 277 279 281 282 283 360 383 389 393 412 417 419 420 422 465 467 475 495 500 504 505 506 510 514 529 609 635 643 647 701 722 723 724 725 728 734 805 815 821 831 834 839 906 912 935 989 1001 1007 1010 1012 1019 1031 1137 1238 1358 1361 1366 1393 1448 1453 1546 1549 1591 1592 1593 1594 1595 1600 1609 1777 1833 2006 2339 2455 2590 2729 2847 2893 2941 -1
336: 2 43 50 52 88 100 144 186 188 191 201 204 214 222 235 237 238 240 244 245 247 249 250 251 253 254 255 256 258 259 260 261 263 264 265 266 268 270 271 274 275 277 279 280 281 282 283 360 379 383 393 410 412 422 423 429 455 465 467 468 475 477 479 495 499 500 504 506 510 514 515 552 609 629 631 632 634 635 643 648 650 653 701 721 722 723 724 726 804 805 821 839 881 906 912 916 986 989 996 999 1001 1002 1008 1009 1010 1011 1012 1031 1137 1285 1334 1357 1358 1361 1393 1448 1453 1515 1518 1522 1546 1549 1579 1587 1593 1594 1595 1597 1600 1612 1751 1775 1776 1833 1878 2006 2013 2216 2339 2590 2729 2732 2754 2756 2893 2940 2950 -1
337: 2 500 1926 -1
338: 2 100 117 126 186 188 204 214 237 238 240 244 245 246 247 249 250 253 259 260 261 265 268 271 278 279 280 281 282 283 400 410 412 420 422 423 427 465 467 475 477 500 504 629 635 636 643 648 650 701 722 723 724 734 755 795 804 805 816 821 839 857 879 885 889 890 896 897 903 906 909 912 913 917 934 935 985 986 989 996 1000 1002 1010 1012 1137 1358 1361 1393 1448 1453 1515 1518 1546 1549 1560 1587 1593 1594 1595 1597 1600 1612 1751 2004 2005 2006 2216 2339 2387 2732 2893 -1
339: 2 14 17 43 54 61 62 69 76 79 88 99 100 102 122 125 134 140 144 146 156 158 174 186 187 189 193 196 197 198 199 201 202 204 207 212 213 214 215 216 219 220 222 229 235 237 240 241 244 245 247 249 250 251 253 254 256 257 258 259 260 261 263 264 265 267 268 270 277 278 279 281 282 283 359 360 370 373 378 379 380 383 389 392 393 398 410 411 412 419 420 422 424 432 434 435 438 443 447 448 455 458 465 467 468 471 475 477 486 495 499 503 504 505 506 507 510 511 515 527 529 563 594 607 609 610 629 635 643 647 648 650 696 701 702 717 718 722 724 725 728 730 731 734 805 807 815 821 831 832 834 837 839 840 845 848 850 852 857 899 906 908 909 912 913 917 918 922 923 935 986 989 996 1001 1007 1008 1010 1012 1019 1021 1028 1041 1131 1137 1269 1334 1357 1358 1361 1364 1366 1367 1393 1444 1448 1452 1515 1518 1546 1557 1579 1587 1593 1595 1597 1600 1611 1612 1613 1614 1621 1622 1623 1625 1626 1627 1629 1630 1631 1723 1777 1833 1877 1878 1917 2006 2013 2339 2359 2590 2670 2767 2893 2902 -1
340: 2 1577 1595 1600 -1
341: 2 -1
342: 2 42 93 96 461 464 500 609 1026 -1
343: 2 191 196 201 222 224 226 254 267 282 369 387 388 389 398 438 446 449 455 461 469 470 505 507 508 519 529 616 625 702 717 728 842 885 938 953 1040 1142 1476 1506 1548 1553 1597 2331 2379 2398 2409 2590 2899 2937 -1
344: 2 491 -1
345: 2 200 224 238 240 277 369 382 455 1001 1019 1131 1546 1777 1898 2331 -1
346: 2 146 187 203 464 465 491 496 607 892 2331 -1
347: 2 42 96 186 230 437 456 470 512 520 606 609 635 1010 1026 1031 1137 1361 1364 1367 1518 1610 2417 -1
348: 2 42 96 125 189 203 230 437 455 456 461 465 491 495 606 609 918 1001 1007 1018 1026 1031 1038 1518 1610 1777 2331 2417 2899 2950 -1
349: 2 42 96 125 203 370 437 461 465 470 491 495 512 520 606 609 922 1001 1018 1052 1610 1777 2331 2417 -1
350: 2 -1
351: 2 14 19 42 43 88 93 96 99 122 123 125 139 144 156 161 186 187 189 192 203 204 205 207 208 211 220 222 230 237 281 282 360 370 380 381 383 388 389 398 434 435 439 447 455 461 465 469 470 475 478 486 491 495 499 500 506 510 511 512 514 520 606 607 609 625 635 643 700 701 717 718 724 728 734 775 779 831 834 837 850 906 918 922 923 1001 1007 1010 1018 1019 1021 1024 1027 1028 1031 1036 1039 1052 1361 1366 1389 1426 1518 1594 1610 1611 1616 1777 1833 1924 1925 2038 2331 2417 2590 2668 2767 2899 -1
352: 2 240 263 382 475 724 1546 1577 1579 -1
353: 2 237 240 258 266 281 382 635 724 839 990 1546 2355 -1
354: 2 237 240 258 263 382 475 634 724 1453 1546 1579 2355 -1
355: 2 237 240 245 258 266 382 454 467 475 724 725 906 990 1131 1357 1579 2355 2902 -1
356: 2 240 258 261 263 382 475 724 726 879 906 1131 1393 1546 2355 -1
357: 2 43 188 237 240 245 249 256 279 281 382 434 465 477 636 724 725 726 730 839 879 1009 1010 1137 1357 1546 1612 2057 2339 -1
358: 2 457 -1
359: 2 88 188 625 1865 -1
360: 2 -1
361: 2 -1
362: 2 19 238 495 541 880 915 1587 1608 -1
363: 2 434 -1
364: 2 493 -1
365: 2 14 43 88 211 266 400 435 447 458 465 484 487 512 520 837 850 1010 1026 1424 1610 2331 2417 -1
366: 2 -1
367: -1
368: -1
369: -1
370: -1
371: -1
372: -1
373: -1
374: -1
375: -1
376: -1
377: -1
378: -1
379: -1
380: -1
381: -1
382: -1
383: -1
384: -1
385: 1010 -1
386: -1
387: -1
388: -1
389: -1
390: -1
391: -1
392: -1
393: -1
394: -1
395: -1
396: -1
397: -1
398: -1
399: 413 652 821 -1
400: -1
401: -1
402: 3 -1
403: 3 76 157 237 268 370 423 513 724 965 -1
404: 3 -1
405: 3 -1
406: 3 -1
407: 3 2843 -1
408: 3 -1
409: 3 29 39 76 114 154 186 188 235 237 240 244 246 247 254 256 258 264 271 281 283 393 400 410 412 422 423 429 467 475 495 552 595 627 628 629 631 632 634 635 636 647 722 802 821 839 894 906 908 912 916 938 986 1002 1010 1137 1334 1356 1357 1361 1394 1448 1453 1518 1579 1593 1594 1597 1727 2006 2216 2229 2455 2729 2732 2753 2777 2780 2949 2950 -1
410: 3 154 240 423 553 554 635 636 655 1361 1579 1593 -1
411: 3 240 243 244 245 271 279 282 283 382 412 477 552 701 724 839 1008 1010 1453 1515 1595 1600 2339 -1
412: 3 424 -1
413: 3 1364 1367 -1
414: 3 -1
415: 3 -1
416: 3 -1
417: -1
418: -1
419: -1
420: -1
421: -1
422: -1
423: -1
424: -1
425: 1926 -1
426: 214 1926 -1
427: -1
428: -1
429: 126 -1
430: -1
431: -1
432: -1
433: -1
434: 472 -1
435: -1
436: -1
437: -1
438: -1
439: -1
440: -1
441: -1
442: -1
443: -1
444: -1
445: 20 -1
446: -1
447: -1
448: -1
449: -1
450: -1
451: -1
452: -1
453: -1
454: -1
455: -1
456: -1
457: -1
458: -1
459: -1
460: -1
461: -1
462: -1
463: -1
464: -1
465: -1
466: -1
467: -1
468: -1
469: 1153 1600 -1
470: -1
471: -1
472: -1
473: -1
474: -1
475: -1
476: -1
477: 722 1590 -1
478: -1
479: -1
480: -1
481: -1
482: 407 -1
483: -1
484: -1
485: -1
486: -1
487: -1
488: -1
489: -1
490: -1
491: -1
492: 489 -1
493: -1
494: -1
495: -1
496: -1
497: -1
498: -1
499: -1
500: -1
501: -1
502: 370 -1
503: -1
504: 1358 1587 -1
505: -1
506: -1
507: -1
508: -1
509: 158 -1
510: -1
511: -1
512: -1
513: -1
514: -1
515: -1
516: -1
517: -1
518: -1
519: -1
520: -1
521: -1
522: 8 523 525 -1
523: -1
524: 1388 -1
525: -1
526: -1
527: 393 -1
528: -1
529: -1
530: 9 534 535 536 537 538 539 541 542 544 546 547 548 549 550 551 555 556 557 558 559 560 561 564 565 566 567 568 569 570 571 572 573 574 575 576 577 578 579 580 581 582 583 584 585 1430 1431 1437 1438 1439 1440 -1
531: 9 534 535 536 537 538 539 541 542 544 546 547 548 549 550 551 555 556 557 558 559 560 561 564 565 566 567 568 569 570 571 572 573 574 575 576 577 578 579 580 581 582 583 584 585 1430 1431 1437 1438 1439 1440 -1
532: 9 534 535 536 537 538 539 541 542 544 546 547 548 549 550 551 555 556 557 558 559 560 561 564 565 566 567 568 569 570 571 572 573 574 575 576 577 578 579 580 581 582 583 584 585 1430 1431 1437 1438 1439 1440 -1
533: 9 64 534 535 536 537 538 539 541 542 546 547 548 549 550 551 555 556 557 558 559 560 561 564 565 566 567 568 569 570 571 572 573 574 575 576 577 578 579 580 581 582 583 584 585 1429 1430 1431 1432 1433 1434 1435 1436 1437 1438 1439 1440 1445 1446 2324 -1
534: 238 248 250 251 260 274 278 281 282 338 393 422 455 527 533 543 545 552 721 794 1285 1400 1441 1476 1522 1594 2207 2455 2732 -1
535: -1
536: -1
537: -1
538: -1
539: -1
540: 9 64 535 536 537 538 539 541 542 546 547 548 549 550 551 556 557 558 559 560 561 564 565 566 567 568 569 570 571 572 573 574 575 576 577 578 579 580 581 582 583 584 585 1429 1430 1431 1432 1433 1434 1435 1436 1437 1438 1439 1440 1445 1446 2324 -1
541: -1
542: -1
543: 9 64 534 535 536 537 538 539 541 542 544 546 547 548 549 550 551 555 556 557 558 559 560 561 564 565 566 567 568 569 570 571 572 573 574 575 576 577 578 579 580 581 582 583 584 585 1429 1430 1431 1432 1433 1434 1435 1436 1437 1438 1439 1440 1445 1446 2324 -1
544: -1
545: 9 569 578 580 585 -1
546: -1
547: -1
548: -1
549: -1
550: -1
551: -1
552: -1
553: 211 227 263 400 412 422 469 636 716 880 912 914 915 1010 1023 1447 1522 1591 1595 1608 2899 -1
554: -1
555: -1
556: 283 -1
557: 821 -1
558: -1
559: -1
560: 912 -1
561: 912 -1
562: -1
563: 1593 -1
564: -1
565: -1
566: -1
567: 283 -1
568: -1
569: 860 -1
570: 912 -1
571: -1
572: -1
573: -1
574: -1
575: -1
576: 912 -1
577: 912 -1
578: -1
579: -1
580: -1
581: -1
582: -1
583: -1
584: -1
585: -1
586: -1
587: -1
588: -1
589: -1
590: -1
591: -1
592: 270 411 563 821 1010 1593 -1
593: -1
594: -1
595: 237 245 249 250 258 261 271 400 422 636 839 1001 1007 1009 1595 1727 2335 2339 -1
596: 1600 -1
597: -1
598: -1
599: 12 112 278 370 914 942 1123 1129 1454 1539 2732 2741 2793 2794 2905 -1
600: -1
601: -1
602: -1
603: 616 -1
604: -1
605: -1
606: -1
607: -1
608: -1
609: -1
610: -1
611: -1
612: -1
613: -1
614: 13 235 264 278 1384 1476 1751 1927 2423 2440 2442 2458 2464 -1
615: 13 77 1605 2562 2563 -1
616: -1
617: -1
618: -1
619: -1
620: -1
621: 14 76 117 125 188 192 220 235 237 240 244 247 258 261 263 264 266 268 274 277 279 281 282 283 400 410 412 419 420 422 423 427 467 475 629 634 635 636 645 647 805 816 821 833 839 857 876 902 904 912 938 986 1000 1009 1010 1228 1357 1358 1448 1453 1515 1518 1545 1546 1577 1587 1593 1594 1595 1597 1599 1600 1878 2005 2006 2325 2732 2759 2767 2950 -1
622: -1
623: -1
624: -1
625: -1
626: 15 -1
627: -1
628: -1
629: 266 -1
630: -1
631: -1
632: -1
633: 20 230 255 261 271 274 400 471 635 636 639 791 793 794 880 974 975 976 977 1403 1552 1590 1595 1599 2334 2457 2733 2937 -1
634: -1
635: 2480 -1
636: 266 -1
637: 16 76 162 212 271 644 648 649 700 1522 1552 1577 1596 -1
638: 16 -1
639: -1
640: -1
641: -1
642: -1
643: -1
644: -1
645: -1
646: -1
647: -1
648: -1
649: -1
650: -1
651: -1
652: 413 -1
653: -1
654: 235 264 278 423 857 912 1524 2332 -1
655: -1
656: 906 -1
657: 414 -1
658: 238 539 683 684 697 698 703 -1
659: -1
660: 684 -1
661: 2445 -1
662: -1
663: -1
664: -1
665: -1
666: -1
667: -1
668: -1
669: 18 128 658 659 660 661 662 663 664 665 666 667 668 670 671 672 673 674 675 676 677 678 679 685 690 691 692 693 694 -1
670: -1
671: -1
672: -1
673: -1
674: -1
675: -1
676: -1
677: -1
678: -1
679: -1
680: 18 128 658 659 660 661 662 663 664 665 666 667 668 670 671 672 673 674 675 676 677 678 679 685 690 691 692 693 694 -1
681: 18 128 658 659 660 661 662 663 664 665 666 667 668 670 671 672 673 674 675 676 677 678 679 683 684 685 690 691 692 693 694 697 698 703 -1
682: 18 128 201 222 238 250 251 257 260 282 422 658 659 660 661 662 663 664 665 666 667 668 670 671 672 673 674 675 676 677 678 679 684 685 690 691 692 693 694 699 700 721 2590 2732 2733 -1
683: 18 128 658 659 660 661 662 663 664 665 666 667 668 670 671 672 673 674 675 676 677 678 679 685 690 691 692 693 694 -1
684: 18 128 658 659 660 661 662 663 664 665 666 667 668 670 671 672 673 674 675 676 677 678 679 683 685 690 691 692 693 694 697 698 703 -1
685: 703 -1
686: 18 676 -1
687: 18 660 661 662 676 -1
688: 18 676 -1
689: 18 -1
690: -1
691: -1
692: -1
693: -1
694: -1
695: -1
696: -1
697: -1
698: -1
699: -1
700: -1
701: -1
702: -1
703: -1
704: 19 -1
705: 19 50 282 420 724 734 818 1285 1614 -1
706: 19 -1
707: 19 -1
708: 19 -1
709: 19 -1
710: 19 -1
711: 19 -1
712: 19 -1
713: 19 -1
714: 19 -1
715: 19 200 201 203 206 217 388 389 465 469 609 617 717 724 840 1016 1018 1026 1031 1033 1137 1363 1365 1553 2331 2590 -1
716: -1
717: -1
718: 376 -1
719: -1
720: -1
721: -1
722: -1
723: 400 455 477 515 636 650 839 1366 1590 -1
724: -1
725: -1
726: -1
727: -1
728: -1
729: -1
730: -1
731: -1
732: -1
733: -1
734: -1
735: 500 -1
736: 20 -1
737: 20 -1
738: 20 798 -1
739: 20 798 -1
740: 20 798 -1
741: 20 -1
742: 20 -1
743: 20 -1
744: 20 -1
745: 20 -1
746: 20 -1
747: 20 -1
748: 20 -1
749: 20 -1
750: 20 -1
751: 20 -1
752: 20 798 -1
753: 20 -1
754: 20 797 -1
755: 20 -1
756: 20 196 201 206 211 222 226 238 369 438 455 1137 1548 1624 2331 2590 -1
757: 20 -1
758: 20 201 217 222 226 461 2331 2590 -1
759: 20 42 96 -1
760: 20 465 724 2038 2331 -1
761: 20 201 635 1553 2732 -1
762: 20 200 230 244 250 258 274 275 376 400 465 479 491 495 632 636 645 730 1009 1023 1030 1137 1595 1898 2331 2373 2480 2675 2733 2779 -1
763: 20 42 96 200 203 230 461 465 491 495 512 516 520 609 617 1030 1059 1137 2331 -1
764: 20 -1
765: 20 434 487 -1
766: 20 768 771 1145 -1
767: 20 -1
768: 20 -1
769: 20 -1
770: 20 771 -1
771: 20 -1
772: 20 -1
773: 20 -1
774: 20 -1
775: 20 -1
776: 20 -1
777: 20 217 226 2331 -1
778: 20 -1
779: 20 -1
780: 20 -1
781: 20 -1
782: 20 2331 -1
783: 20 -1
784: 20 -1
785: 20 635 2899 -1
786: 20 539 -1
787: 20 262 2331 -1
788: 20 -1
789: 20 -1
790: 20 -1
791: -1
792: -1
793: -1
794: -1
795: -1
796: -1
797: -1
798: -1
799: -1
800: -1
801: -1
802: -1
803: -1
804: -1
805: -1
806: 260 281 717 722 726 1137 1590 -1
807: 853 -1
808: -1
809: 821 829 -1
810: 21 34 811 939 1300 1901 1908 -1
811: -1
812: 810 2678 -1
813: 21 34 422 455 804 833 885 939 1300 1423 1597 1901 1908 -1
814: 21 34 811 939 1300 1901 1908 -1
815: -1
816: 238 721 885 1285 -1
817: -1
818: 114 -1
819: -1
820: -1
821: 413 652 -1
822: -1
823: -1
824: -1
825: 2711 -1
826: 2711 -1
827: 2711 -1
828: 2711 -1
829: -1
830: -1
831: 2724 -1
832: -1
833: -1
834: -1
835: -1
836: -1
837: -1
838: -1
839: -1
840: -1
841: -1
842: -1
843: -1
844: -1
845: -1
846: -1
847: -1
848: -1
849: -1
850: -1
851: -1
852: -1
853: -1
854: 220 235 248 264 282 508 510 527 539 721 804 815 833 847 885 887 938 986 1010 1384 1452 1476 1751 1925 2207 2723 -1
855: 25 -1
856: -1
857: -1
858: -1
859: -1
860: -1
861: 280 2335 -1
862: -1
863: -1
864: -1
865: -1
866: -1
867: -1
868: 26 -1
869: 26 -1
870: 26 -1
871: 26 -1
872: 26 -1
873: 26 -1
874: 26 -1
875: -1
876: -1
877: -1
878: -1
879: -1
880: -1
881: -1
882: 105 -1
883: 701 2387 -1
884: -1
885: 423 -1
886: -1
887: -1
888: 28 -1
889: -1
890: -1
891: -1
892: -1
893: -1
894: -1
895: -1
896: -1
897: -1
898: 29 279 283 338 393 400 412 552 635 636 916 1009 1010 1518 1584 1599 1771 -1
899: -1
900: -1
901: -1
902: -1
903: -1
904: -1
905: 1394 -1
906: -1
907: 29 76 2006 2953 -1
908: -1
909: -1
910: -1
911: -1
912: 1595 -1
913: -1
914: -1
915: -1
916: -1
917: 261 -1
918: -1
919: -1
920: -1
921: -1
922: -1
923: -1
924: -1
925: 32 853 926 927 928 929 930 932 -1
926: -1
927: -1
928: -1
929: -1
930: -1
931: 436 438 925 967 -1
932: -1
933: -1
934: -1
935: 1545 -1
936: -1
937: 553 554 -1
938: -1
939: -1
940: 952 -1
941: 35 724 -1
942: 35 484 -1
943: 35 -1
944: 35 -1
945: 35 -1
946: 35 1425 -1
947: 35 43 156 380 791 2230 -1
948: 35 157 -1
949: 35 378 -1
950: 35 156 380 2491 2806 -1
951: -1
952: -1
953: -1
954: 36 44 454 876 -1
955: 36 44 2899 -1
956: 36 44 461 1030 1031 -1
957: 36 965 -1
958: 36 -1
959: 36 968 -1
960: 36 968 -1
961: 36 -1
962: 36 968 -1
963: 36 42 407 412 413 414 476 965 967 971 972 976 -1
964: 36 42 407 412 413 414 476 965 967 971 972 976 -1
965: -1
966: 44 96 652 -1
967: -1
968: -1
969: -1
970: 44 96 482 492 652 657 -1
971: 1835 -1
972: -1
973: 37 -1
974: 976 -1
975: -1
976: -1
977: -1
978: 224 258 270 280 282 338 373 445 477 483 511 529 587 625 636 639 718 728 804 840 891 914 915 938 1001 1007 1009 1285 2344 2863 2899 -1
979: 369 -1
980: 526 625 -1
981: -1
982: 1404 -1
983: 1404 -1
984: -1
985: -1
986: -1
987: -1
988: -1
989: -1
990: 266 -1
991: -1
992: 1358 -1
993: 208 238 243 248 263 267 274 369 419 594 726 839 854 879 906 986 1403 1518 1546 1595 -1
994: -1
995: -1
996: -1
997: 1394 1594 -1
998: -1
999: -1
1000: -1
1001: -1
1002: -1
1003: 655 -1
1004: -1
1005: -1
1006: -1
1007: -1
1008: -1
1009: -1
1010: 839 -1
1011: -1
1012: -1
1013: -1
1014: -1
1015: 400 636 -1
1016: -1
1017: -1
1018: -1
1019: -1
1020: -1
1021: -1
1022: -1
1023: -1
1024: -1
1025: -1
1026: -1
1027: -1
1028: -1
1029: -1
1030: -1
1031: -1
1032: -1
1033: -1
1034: -1
1035: 246 730 969 2372 -1
1036: -1
1037: -1
1038: -1
1039: -1
1040: -1
1041: -1
1042: 42 96 100 125 186 204 205 206 208 211 214 226 230 461 465 470 487 491 495 496 606 849 1001 1007 1010 1018 1024 1026 1027 1036 1081 1137 1361 1777 1898 2331 -1
1043: 42 96 461 609 -1
1044: 42 96 456 461 609 -1
1045: 42 96 230 461 469 512 520 609 2331 -1
1046: 42 96 203 222 230 461 465 491 512 520 609 2331 -1
1047: 42 96 203 230 461 465 471 491 512 520 617 1030 1052 1137 1777 2331 -1
1048: 42 96 203 230 461 491 609 1518 2331 2899 -1
1049: 42 96 211 248 267 434 455 464 465 468 469 491 609 634 635 639 840 1018 1023 1027 1036 1553 1924 1925 2331 2375 2377 2590 2899 2937 -1
1050: 42 96 456 609 -1
1051: 42 96 203 230 437 461 491 512 520 609 617 717 2331 -1
1052: 42 96 461 464 512 609 1030 1777 1898 2331 -1
1053: 42 96 437 461 609 -1
1054: 42 96 186 203 461 609 1361 1549 -1
1055: 42 96 609 -1
1056: 42 96 -1
1057: 42 96 461 496 1011 1518 1878 -1
1058: 42 96 161 203 461 491 512 520 609 617 1030 2331 -1
1059: 42 96 192 200 203 222 230 437 461 465 469 479 491 606 609 643 726 1018 1026 1033 1408 1553 1610 2331 2417 -1
1060: 42 96 240 465 527 806 880 1086 1546 1588 2331 2373 2544 2657 -1
1061: 42 96 203 230 434 461 478 485 609 1026 1027 1036 2038 -1
1062: 42 96 491 1010 -1
1063: 42 96 -1
1064: 42 96 203 230 434 461 465 470 491 512 520 609 617 1137 1898 2331 -1
1065: 42 96 203 230 461 491 512 520 617 2331 -1
1066: 42 93 96 186 461 464 465 478 617 1026 1038 1073 2417 -1
1067: 42 96 230 437 461 464 465 470 491 609 1426 1898 -1
1068: 42 96 230 461 609 2331 -1
1069: 42 96 203 230 461 465 491 495 512 520 609 617 1025 1030 1137 1777 2331 -1
1070: 42 96 203 230 461 609 2331 -1
1071: 42 96 434 461 486 1518 -1
1072: 42 96 461 1030 -1
1073: 42 96 437 609 775 1039 -1
1074: 42 96 461 -1
1075: 42 96 203 226 230 238 275 280 389 436 455 461 464 465 475 491 495 512 520 609 636 639 648 880 914 915 986 1024 1035 1137 1393 1546 2046 2047 2048 2057 2207 2331 2657 2730 2899 -1
1076: 42 96 461 609 2331 -1
1077: 42 96 461 464 465 495 609 636 975 976 977 1023 2331 2899 -1
1078: 42 96 203 204 206 217 222 230 434 461 464 465 470 491 493 512 520 609 617 724 1016 1018 1025 1031 1053 1137 1204 2331 2590 2668 -1
1079: 42 96 161 437 1518 -1
1080: 42 96 230 465 491 609 2331 -1
1081: 42 96 461 1518 -1
1082: 42 96 230 461 469 470 609 617 1010 -1
1083: 42 96 461 -1
1084: 42 96 461 491 495 607 609 641 654 717 936 968 2482 2899 -1
1085: 42 96 206 383 434 437 465 478 491 495 587 609 819 1019 1610 1898 2417 -1
1086: 42 96 203 230 461 491 495 511 512 520 609 718 914 915 1030 1137 2331 2899 -1
1087: 42 96 156 203 230 380 461 465 491 512 520 609 617 1027 1036 1518 2331 -1
1088: 42 96 465 609 -1
1089: 42 -1
1090: 42 -1
1091: 42 -1
1092: 42 -1
1093: 42 -1
1094: 43 -1
1095: 43 -1
1096: 43 1453 -1
1097: 43 -1
1098: 43 -1
1099: 43 -1
1100: 43 -1
1101: 43 -1
1102: 43 1149 -1
1103: 43 201 238 282 400 470 490 504 525 603 612 616 625 721 728 838 842 850 930 945 953 984 996 1022 1105 1150 1285 1548 1597 1925 2061 2899 -1
1104: 43 196 220 245 250 256 260 261 263 268 282 412 455 495 552 639 701 723 734 794 804 821 839 906 914 935 938 1009 1010 1194 1366 1406 1448 1453 1518 1545 1546 1549 1600 2056 2057 2339 2409 2733 2950 -1
1105: 43 61 238 260 282 527 529 603 612 616 625 807 842 887 930 938 953 1137 1140 1548 1597 -1
1106: 43 1408 -1
1107: 43 -1
1108: 43 -1
1109: 43 100 214 230 368 369 374 388 391 398 401 461 484 499 514 587 610 717 815 835 838 840 850 930 942 953 1019 1021 1028 1031 1129 1137 1147 1368 1548 1557 1600 1731 1835 2019 2038 2230 2793 2887 -1
1110: 43 -1
1111: 43 -1
1112: 43 259 374 389 470 953 1548 -1
1113: 43 411 563 909 913 916 917 2755 2756 2757 -1
1114: 43 201 220 249 259 260 274 277 282 335 369 410 423 438 442 446 461 470 525 529 610 625 629 641 642 654 726 729 838 842 850 1022 1356 1361 1403 1452 1522 1548 1597 1610 1613 1618 2417 2418 2667 2732 -1
1115: 43 201 238 248 282 374 401 420 436 438 457 469 525 527 539 552 625 729 914 938 986 1035 1169 1548 1751 2395 2412 2455 2480 2666 2667 2673 2674 2860 -1
1116: 43 156 380 -1
1117: 43 -1
1118: 43 88 230 369 389 398 434 495 722 1038 1408 1721 2006 -1
1119: 43 91 1138 2336 -1
1120: 43 100 156 213 214 238 260 278 369 374 380 401 457 461 470 484 504 610 717 720 850 953 971 1019 1021 1028 1031 1117 1121 1137 1144 1368 1548 1613 1620 1835 2038 -1
1121: 43 -1
1122: 43 609 1061 2331 -1
1123: 43 125 203 220 230 326 369 373 461 470 484 527 601 609 625 717 724 844 857 1021 1028 1031 1137 1548 1613 2006 2038 2354 2355 2457 2732 -1
1124: 43 153 161 437 2669 -1
1125: 43 -1
1126: 43 208 374 389 398 465 495 587 850 1423 1548 1610 2019 2417 -1
1127: 43 -1
1128: 43 326 -1
1129: 43 100 214 368 374 391 398 437 444 717 720 807 829 850 851 953 1146 1147 1153 1614 1835 2038 -1
1130: 43 187 237 240 244 246 258 263 274 275 279 281 283 382 411 417 475 563 609 847 1008 1010 1019 1137 1393 1453 1515 1518 1546 1593 1595 1629 1772 2006 2057 -1
1131: 43 -1
1132: 43 158 220 237 245 249 268 271 281 282 283 413 429 467 477 507 515 648 652 722 724 726 730 807 879 935 969 981 986 1006 1007 1032 1137 1453 1549 1614 2013 2339 2496 -1
1133: 43 -1
1134: 43 625 -1
1135: 43 237 238 263 266 271 278 282 400 412 465 467 475 479 515 636 1587 1593 1594 1595 2339 -1
1136: 43 650 723 724 730 969 2496 -1
1137: 43 200 496 -1
1138: 43 69 375 1449 -1
1139: 43 453 806 -1
1140: -1
1141: -1
1142: -1
1143: -1
1144: -1
1145: -1
1146: -1
1147: 1153 -1
1148: -1
1149: -1
1150: -1
1151: 389 398 455 529 -1
1152: 587 -1
1153: -1
1154: -1
1155: -1
1156: -1
1157: 44 96 482 492 652 657 877 878 974 975 977 1154 1155 1156 1547 -1
1158: 44 96 482 492 652 657 1155 1156 1169 1285 -1
1159: 384 -1
1160: 45 -1
1161: 45 -1
1162: 45 -1
1163: 45 502 684 806 914 1455 1456 1457 1458 1460 1600 2536 2732 -1
1164: 45 1405 -1
1165: 45 -1
1166: 222 250 376 393 445 446 455 510 804 986 1423 1921 -1
1167: 1921 -1
1168: 844 -1
1169: -1
1170: -1
1171: 417 -1
1172: 541 587 1285 1751 2376 -1
1173: 47 84 1184 1185 1186 1187 1188 1189 1190 1191 1192 1193 1195 1196 1197 1198 1199 1200 1201 1202 1203 1205 1206 1207 1208 1209 1210 1211 1212 1213 1215 1216 1217 1218 1774 -1
1174: 47 1184 1190 1191 1199 1205 1208 1210 1211 1215 -1
1175: 47 190 263 338 438 840 1190 1191 1199 1205 1208 1210 1211 1215 1546 1587 2045 2374 2937 -1
1176: 47 1190 1191 1199 1205 1208 1210 1211 1215 -1
1177: 47 1190 1191 1199 1205 1208 1210 1211 1215 -1
1178: 47 1190 1191 1199 1205 1208 1210 1211 1215 1522 2863 -1
1179: 47 1190 1191 1199 1205 1208 1210 1211 1215 -1
1180: 47 84 1184 1185 1186 1187 1188 1189 1190 1191 1192 1193 1195 1196 1197 1198 1199 1200 1201 1202 1203 1205 1206 1207 1208 1209 1210 1211 1212 1213 1215 1216 1217 1218 1774 -1
1181: 47 1190 1191 1199 1205 1208 1210 1211 1215 -1
1182: 47 1190 1191 1199 1205 1208 1210 1211 1215 -1
1183: 47 84 1184 1185 1186 1187 1188 1189 1190 1191 1192 1193 1195 1196 1197 1198 1199 1200 1201 1202 1203 1205 1206 1207 1208 1209 1210 1211 1212 1213 1215 1216 1217 1218 1774 -1
1184: -1
1185: 1214 -1
1186: 1214 -1
1187: 1214 -1
1188: 1214 -1
1189: 1214 -1
1190: -1
1191: -1
1192: 1214 -1
1193: 1214 -1
1194: -1
1195: 1214 -1
1196: 1214 -1
1197: 1214 -1
1198: 1214 -1
1199: -1
1200: 1214 -1
1201: 1214 -1
1202: 1214 -1
1203: 1214 -1
1204: -1
1205: -1
1206: 1214 -1
1207: 1214 -1
1208: 1214 -1
1209: 1214 -1
1210: 1214 -1
1211: -1
1212: 1214 -1
1213: 1214 -1
1214: 250 857 875 893 1190 1191 1199 1205 1211 1212 1215 1218 2207 2413 -1
1215: -1
1216: 1214 -1
1217: 1214 -1
1218: 1214 -1
1219: 48 188 237 240 244 249 263 422 631 632 636 722 1220 1221 1222 1223 1224 1225 1226 1227 1587 1597 -1
1220: -1
1221: -1
1222: -1
1223: -1
1224: -1
1225: -1
1226: -1
1227: -1
1228: 48 -1
1229: -1
1230: -1
1231: -1
1232: -1
1233: -1
1234: 48 248 250 260 267 278 393 438 442 621 641 642 654 844 885 1220 1221 1222 1223 1224 1225 1226 1227 1229 1230 1231 1232 1233 1235 1236 1591 2199 2667 2706 -1
1235: 1772 -1
1236: -1
1237: -1
1238: -1
1239: -1
1240: -1
1241: 49 92 622 623 624 1240 1256 1257 1258 1259 1260 1261 1262 1263 1264 1265 1266 1267 1270 1271 1272 1273 1274 1275 1879 1880 1881 1882 1883 1884 1885 1886 1887 1888 1889 1890 1891 1892 1893 1894 1895 -1
1242: 49 622 623 624 1240 1256 1257 1258 1259 1260 1262 1263 1264 1265 1266 1267 1270 1271 1272 1273 1274 1275 -1
1243: 49 622 623 624 1240 1256 1257 1258 1259 1260 1262 1263 1264 1265 1266 1267 1270 1271 1272 1273 1274 1275 -1
1244: 49 92 -1
1245: 49 92 -1
1246: 49 92 -1
1247: 49 92 -1
1248: 49 92 -1
1249: 49 92 -1
1250: 49 92 -1
1251: 49 92 -1
1252: 49 92 -1
1253: 49 92 -1
1254: 49 92 -1
1255: 49 622 623 624 1256 1257 1258 1259 1260 1262 1263 1264 1265 1266 1267 1270 1271 1272 1273 1274 1275 -1
1256: -1
1257: -1
1258: -1
1259: -1
1260: -1
1261: -1
1262: -1
1263: -1
1264: -1
1265: -1
1266: -1
1267: -1
1268: -1
1269: -1
1270: -1
1271: -1
1272: -1
1273: -1
1274: -1
1275: -1
1276: 50 728 1285 -1
1277: 50 1285 -1
1278: 50 422 1285 -1
1279: 50 1285 -1
1280: 50 1285 -1
1281: 50 594 -1
1282: 50 -1
1283: 50 1285 -1
1284: 50 1285 -1
1285: -1
1286: -1
1287: 52 1310 1325 1349 -1
1288: 1290 -1
1289: 1290 -1
1290: 52 1305 1306 1307 1308 1309 1310 1311 1312 1313 1314 1315 1316 1317 1318 1319 1320 1321 1322 1323 1325 1326 1327 1328 1329 1330 1331 1332 1333 1334 1335 1336 1337 1338 1339 1340 1341 1342 1343 1344 1345 1346 1347 1348 1349 1350 1351 1352 1353 1564 1568 1775 2397 2940 2941 2942 2943 2944 2945 2946 2947 -1
1291: 52 1290 1305 1306 1307 1308 1309 1310 1311 1312 1313 1314 1315 1316 1317 1318 1319 1320 1321 1322 1323 1325 1326 1327 1328 1329 1330 1331 1332 1333 1334 1335 1336 1337 1338 1339 1340 1341 1342 1343 1344 1345 1346 1347 1348 1349 1350 1351 1352 1353 1564 1568 1775 2940 2941 2942 2943 2944 2945 2946 2947 -1
1292: 1290 -1
1293: 52 1290 1305 1306 1307 1308 1309 1310 1311 1312 1313 1314 1315 1316 1317 1318 1319 1320 1321 1322 1323 1325 1326 1327 1328 1329 1330 1331 1332 1333 1334 1335 1336 1337 1338 1339 1340 1341 1342 1343 1344 1345 1346 1347 1348 1349 1350 1351 1352 1353 1564 1568 1775 2940 2941 2942 2943 2944 2945 2946 2947 -1
1294: 52 525 539 914 1290 1305 1306 1307 1308 1309 1310 1311 1312 1313 1314 1315 1316 1317 1318 1319 1320 1321 1322 1323 1325 1326 1327 1328 1329 1330 1331 1332 1333 1334 1335 1336 1337 1338 1339 1340 1341 1342 1343 1344 1345 1346 1347 1348 1349 1350 1351 1352 1353 1564 1568 1775 2899 2940 2941 2942 2943 2944 2945 2946 2947 -1
1295: 52 1290 1305 1306 1307 1308 1309 1310 1311 1312 1313 1314 1315 1316 1317 1318 1319 1320 1321 1322 1323 1325 1326 1327 1328 1329 1330 1331 1332 1333 1334 1335 1336 1337 1338 1339 1340 1341 1342 1343 1344 1345 1346 1347 1348 1349 1350 1351 1352 1353 1564 1568 1775 2940 2941 2942 2943 2944 2945 2946 2947 -1
1296: 52 282 1290 1305 1306 1307 1308 1309 1310 1311 1312 1313 1314 1315 1316 1317 1318 1319 1320 1321 1322 1323 1325 1326 1327 1328 1329 1330 1331 1332 1333 1334 1335 1336 1337 1338 1339 1340 1341 1342 1343 1344 1345 1346 1347 1348 1349 1350 1351 1352 1353 1564 1568 1775 2940 2941 2942 2943 2944 2945 2946 2947 -1
1297: 52 -1
1298: 52 -1
1299: 52 -1
1300: 52 193 201 220 222 235 238 250 254 259 260 264 268 281 282 446 455 510 804 805 810 813 824 833 844 864 885 938 986 995 996 1190 1191 1199 1205 1211 1215 1333 1452 2216 2549 2590 2678 2704 -1
1301: 52 -1
1302: 52 220 240 250 253 268 455 636 734 853 879 986 1009 1357 1452 1591 1926 2216 2312 -1
1303: 52 -1
1304: 52 1290 1291 1305 1306 1307 1308 1309 1310 1311 1312 1313 1314 1315 1316 1317 1318 1319 1320 1321 1322 1323 1325 1326 1327 1328 1329 1330 1331 1332 1333 1334 1335 1336 1337 1338 1339 1340 1341 1342 1343 1344 1345 1346 1347 1348 1349 1350 1351 1352 1353 1564 1568 1775 2940 2941 2942 2943 2944 2945 2946 2947 -1
1305: -1
1306: -1
1307: -1
1308: -1
1309: -1
1310: -1
1311: -1
1312: -1
1313: -1
1314: -1
1315: -1
1316: -1
1317: -1
1318: -1
1319: -1
1320: -1
1321: -1
1322: -1
1323: -1
1324: 149 268 270 283 399 821 986 2312 2556 2677 -1
1325: -1
1326: -1
1327: -1
1328: -1
1329: -1
1330: -1
1331: -1
1332: -1
1333: -1
1334: -1
1335: -1
1336: -1
1337: -1
1338: -1
1339: -1
1340: -1
1341: -1
1342: -1
1343: -1
1344: -1
1345: -1
1346: -1
1347: -1
1348: -1
1349: -1
1350: -1
1351: -1
1352: -1
1353: -1
1354: -1
1355: 2230 -1
1356: -1
1357: -1
1358: -1
1359: 1835 -1
1360: -1
1361: -1
1362: 500 2311 -1
1363: -1
1364: -1
1365: -1
1366: -1
1367: -1
1368: -1
1369: 422 438 457 525 527 639 938 1014 1376 1377 1378 1751 1849 2937 -1
1370: -1
1371: -1
1372: 54 -1
1373: 54 -1
1374: 54 191 1548 -1
1375: 54 -1
1376: 54 1369 1370 1371 1380 1638 1639 -1
1377: 54 1369 1370 1371 1380 1638 1639 -1
1378: 54 1369 1370 1371 1380 1638 1639 -1
1379: 54 1380 1639 -1
1380: 1382 -1
1381: -1
1382: -1
1383: 55 -1
1384: -1
1385: -1
1386: -1
1387: -1
1388: 56 -1
1389: 491 1523 -1
1390: 1388 -1
1391: 1388 1389 1924 1925 -1
1392: 57 -1
1393: -1
1394: 2950 -1
1395: 191 338 511 718 731 851 938 1285 2333 2749 -1
1396: 58 935 2042 -1
1397: 58 282 650 1487 2042 -1
1398: -1
1399: 2372 2937 -1
1400: 475 496 636 839 -1
1401: -1
1402: -1
1403: -1
1404: -1
1405: -1
1406: -1
1407: -1
1408: -1
1409: 61 -1
1410: 61 625 -1
1411: 61 -1
1412: 61 -1
1413: -1
1414: 62 1420 1421 1422 -1
1415: 62 -1
1416: 62 1420 1421 1422 -1
1417: 62 1415 1420 1421 1422 -1
1418: 62 1415 1417 1420 1421 1422 -1
1419: 394 639 792 851 2396 2899 -1
1420: -1
1421: -1
1422: -1
1423: -1
1424: 368 391 -1
1425: -1
1426: -1
1427: 734 933 935 -1
1428: 64 -1
1429: -1
1430: -1
1431: -1
1432: -1
1433: 862 937 -1
1434: -1
1435: -1
1436: -1
1437: -1
1438: -1
1439: -1
1440: 1285 -1
1441: 64 1429 1432 1433 1434 1435 1436 1445 1446 2324 -1
1442: 64 1429 1432 1433 1434 1435 1436 1445 1446 2324 -1
1443: 64 534 547 550 555 556 557 559 560 561 565 567 569 570 571 572 573 574 576 577 578 579 581 582 583 584 585 1429 1432 1433 1434 1435 1436 1438 1445 1446 2324 -1
1444: 1005 -1
1445: 1600 -1
1446: -1
1447: -1
1448: 240 241 282 400 412 636 1009 1444 1453 1777 -1
1449: -1
1450: -1
1451: -1
1452: -1
1453: -1
1454: 2309 -1
1455: -1
1456: -1
1457: -1
1458: 684 -1
1459: 684 -1
1460: -1
1461: 67 131 1462 1463 1464 1465 1466 1467 1469 2053 -1
1462: 67 131 1463 1465 1466 1467 2053 -1
1463: 616 -1
1464: 67 131 1465 1466 1467 -1
1465: 1468 1469 -1
1466: -1
1467: 616 -1
1468: -1
1469: -1
1470: 68 267 427 455 537 645 646 833 1476 1479 1480 1481 1518 2372 2414 -1
1471: 68 -1
1472: 68 -1
1473: 68 -1
1474: 68 1476 -1
1475: 68 -1
1476: 988 1006 1481 -1
1477: 68 1471 1472 1473 -1
1478: 68 235 248 259 264 280 282 422 455 808 833 859 885 986 995 1009 1452 1476 2216 -1
1479: -1
1480: -1
1481: -1
1482: 69 160 1484 1499 1500 1501 1502 1503 1504 1505 1506 1507 1508 1509 1510 1511 1512 1513 1514 2178 2907 -1
1483: 69 108 160 1484 1499 1500 1501 1502 1503 1504 1505 1506 1507 1508 1509 1510 1511 1512 1513 1514 2178 2907 -1
1484: 108 -1
1485: 69 160 1484 1499 1500 1501 1502 1503 1504 1505 1506 1507 1508 1509 1510 1511 1512 1513 1514 2178 2907 -1
1486: 69 -1
1487: 69 -1
1488: 69 1499 1500 1501 1502 1503 1505 1507 1508 1509 1510 1511 1512 1513 1514 2178 -1
1489: 69 -1
1490: 69 -1
1491: 69 -1
1492: 69 -1
1493: 69 -1
1494: 69 -1
1495: 69 -1
1496: 69 -1
1497: 69 -1
1498: 69 108 -1
1499: -1
1500: -1
1501: -1
1502: -1
1503: -1
1504: -1
1505: -1
1506: -1
1507: -1
1508: -1
1509: -1
1510: -1
1511: -1
1512: -1
1513: -1
1514: -1
1515: -1
1516: -1
1517: -1
1518: -1
1519: -1
1520: -1
1521: -1
1522: -1
1523: -1
1524: 117 -1
1525: 76 117 -1
1526: -1
1527: -1
1528: -1
1529: -1
1530: -1
1531: 75 296 338 395 452 639 700 729 823 1452 1476 1533 1544 1550 1924 1925 2396 2398 2410 2831 -1
1532: 75 296 313 418 815 1533 1539 2838 2953 -1
1533: -1
1534: 75 -1
1535: 75 -1
1536: 75 384 410 446 457 475 527 587 635 700 702 729 936 938 952 975 986 1169 1600 1731 2061 2448 2487 2899 -1
1537: 75 -1
1538: 75 700 -1
1539: 75 296 700 1533 -1
1540: 75 1925 -1
1541: 75 587 -1
1542: 75 -1
1543: -1
1544: -1
1545: -1
1546: -1
1547: -1
1548: -1
1549: -1
1550: -1
1551: -1
1552: -1
1553: -1
1554: 76 201 222 248 438 442 455 470 471 1009 1925 -1
1555: -1
1556: 76 -1
1557: 76 -1
1558: 76 220 235 249 263 264 265 266 278 413 641 647 652 654 722 729 858 908 986 1454 1518 1552 1593 1595 1695 1732 1733 -1
1559: 76 220 237 240 241 244 245 246 247 249 256 261 266 274 277 279 374 422 427 475 500 647 723 726 734 990 1010 1518 1546 1577 1595 2339 -1
1560: 76 -1
1561: 76 -1
1562: 76 -1
1563: 76 -1
1564: 76 -1
1565: 76 -1
1566: 76 2207 -1
1567: 76 2207 -1
1568: 76 -1
1569: 76 -1
1570: 76 -1
1571: 76 -1
1572: 76 -1
1573: 76 -1
1574: 76 -1
1575: 76 -1
1576: 76 -1
1577: -1
1578: 76 -1
1579: 76 220 259 261 266 400 410 423 629 635 636 647 1009 1545 1588 1593 1595 1597 -1
1580: 76 1515 -1
1581: 76 237 240 475 724 726 879 1515 1546 1579 -1
1582: 76 1515 -1
1583: 76 150 804 806 914 915 1515 -1
1584: 76 243 256 266 282 283 400 410 412 423 475 629 634 635 636 645 647 879 1009 1593 1595 1599 2729 -1
1585: 76 467 632 636 645 857 861 1009 1522 -1
1586: 76 1555 -1
1587: -1
1588: -1
1589: -1
1590: -1
1591: -1
1592: -1
1593: -1
1594: -1
1595: -1
1596: -1
1597: -1
1598: -1
1599: -1
1600: -1
1601: -1
1602: -1
1603: 77 151 434 460 464 465 478 484 487 618 1610 1903 2057 2417 2562 2563 -1
1604: -1
1605: -1
1606: -1
1607: -1
1608: -1
1609: -1
1610: -1
1611: -1
1612: -1
1613: -1
1614: -1
1615: 259 1022 -1
1616: -1
1617: -1
1618: 79 201 226 238 256 259 260 275 282 389 393 396 461 470 525 529 552 609 639 702 726 927 930 1114 1548 1591 1610 1626 1629 2004 2012 2354 2355 2417 2667 2732 -1
1619: 79 201 226 227 238 260 275 396 422 438 461 469 470 525 552 609 639 702 885 927 930 1114 1334 1394 1548 1591 1610 1626 2004 2012 2417 2667 2732 2949 -1
1620: -1
1621: -1
1622: -1
1623: -1
1624: -1
1625: -1
1626: -1
1627: -1
1628: -1
1629: -1
1630: -1
1631: -1
1632: -1
1633: 80 1632 1637 1643 1644 1645 1646 1647 1648 1649 1650 1651 1652 1653 1654 1655 1656 1657 1658 1659 1660 1661 1662 1663 1664 1665 1666 1667 1668 1669 1670 1671 1672 1673 1674 1675 1676 1677 1678 1679 1680 1681 1682 1683 1684 1685 1686 1687 1688 1689 1690 1691 1692 1693 -1
1634: 80 -1
1635: 80 -1
1636: 80 1649 1653 -1
1637: -1
1638: 80 -1
1639: 80 -1
1640: 80 -1
1641: 80 1637 1643 1644 1645 1646 1647 1648 1649 1650 1651 1652 1653 1654 1655 1656 1657 1658 1659 1660 1661 1662 1663 1664 1665 1666 1667 1668 1669 1670 1671 1672 1673 1674 1675 1676 1677 1678 1679 1680 1681 1682 1683 1684 1685 1686 1687 1688 1689 1690 1691 1692 1693 -1
1642: 80 1637 1643 1644 1645 1646 1647 1648 1649 1650 1651 1652 1653 1654 1655 1656 1657 1658 1659 1660 1661 1662 1663 1664 1665 1666 1667 1668 1669 1670 1671 1672 1673 1674 1675 1676 1677 1678 1679 1680 1681 1682 1683 1684 1685 1686 1687 1688 1689 1690 1691 1692 1693 -1
1643: 1633 -1
1644: -1
1645: -1
1646: -1
1647: -1
1648: -1
1649: -1
1650: -1
1651: -1
1652: -1
1653: -1
1654: -1
1655: -1
1656: -1
1657: -1
1658: -1
1659: -1
1660: -1
1661: -1
1662: -1
1663: -1
1664: -1
1665: -1
1666: -1
1667: -1
1668: -1
1669: -1
1670: -1
1671: -1
1672: -1
1673: -1
1674: -1
1675: -1
1676: -1
1677: -1
1678: -1
1679: -1
1680: -1
1681: -1
1682: -1
1683: -1
1684: -1
1685: -1
1686: -1
1687: -1
1688: -1
1689: -1
1690: -1
1691: -1
1692: -1
1693: -1
1694: 81 117 220 247 256 261 265 410 412 519 629 645 891 1518 2320 2455 2953 -1
1695: 81 -1
1696: 81 423 1697 1698 1699 1700 1701 1702 1703 1704 1705 1706 1707 1708 1709 1710 1711 1712 1713 1714 1715 1716 1717 1718 1719 1720 1721 1722 1723 1724 1725 1726 1727 1728 1729 -1
1697: -1
1698: -1
1699: -1
1700: -1
1701: -1
1702: -1
1703: -1
1704: -1
1705: -1
1706: -1
1707: -1
1708: -1
1709: -1
1710: -1
1711: -1
1712: -1
1713: -1
1714: -1
1715: 1524 -1
1716: -1
1717: -1
1718: -1
1719: -1
1720: -1
1721: -1
1722: -1
1723: -1
1724: -1
1725: -1
1726: -1
1727: -1
1728: -1
1729: -1
1730: -1
1731: -1
1732: 410 629 815 1010 1393 1400 1593 -1
1733: -1
1734: 1524 -1
1735: 83 1748 1749 1750 -1
1736: 83 1748 1749 1750 -1
1737: 83 1748 1749 1750 -1
1738: 83 -1
1739: -1
1740: -1
1741: -1
1742: -1
1743: -1
1744: -1
1745: -1
1746: -1
1747: -1
1748: 1739 1740 1741 1742 1743 1744 1745 1746 1747 1752 1753 1754 1755 1756 1757 1758 1759 1760 1761 1762 2587 -1
1749: -1
1750: -1
1751: 2588 -1
1752: -1
1753: 238 255 282 392 636 833 999 1285 2544 2732 -1
1754: -1
1755: -1
1756: -1
1757: -1
1758: -1
1759: -1
1760: -1
1761: -1
1762: -1
1763: 84 1184 1774 -1
1764: 84 1184 1185 1186 1187 1188 1189 1192 1193 1195 1196 1197 1198 1200 1201 1202 1203 1206 1207 1209 1212 1213 1216 1217 1218 1774 -1
1765: 84 1009 1184 1185 1186 1187 1188 1189 1192 1193 1195 1196 1197 1198 1200 1201 1202 1203 1206 1207 1209 1212 1213 1216 1217 1218 1774 -1
1766: 84 1185 1186 1187 1188 1189 1192 1193 1195 1196 1197 1198 1200 1201 1202 1203 1206 1207 1209 1212 1213 1216 1217 1218 1774 -1
1767: 84 1774 -1
1768: 84 1774 -1
1769: 84 1184 1185 1186 1187 1188 1189 1192 1193 1195 1196 1197 1198 1200 1201 1202 1203 1206 1207 1209 1212 1213 1216 1217 1218 1774 -1
1770: 84 1185 1186 1187 1188 1189 1192 1193 1195 1196 1197 1198 1200 1201 1202 1203 1206 1207 1209 1212 1213 1216 1217 1218 1774 -1
1771: -1
1772: -1
1773: 191 412 511 722 806 1008 1010 1015 1545 1592 1614 2899 -1
1774: -1
1775: 1758 -1
1776: -1
1777: -1
1778: 86 1779 1781 1782 -1
1779: -1
1780: -1
1781: -1
1782: -1
1783: 87 106 1786 -1
1784: 87 106 280 393 422 641 642 654 804 1786 -1
1785: 87 106 1786 -1
1786: 1785 -1
1787: 87 106 1786 -1
1788: -1
1789: 265 821 1515 -1
1790: -1
1791: -1
1792: -1
1793: -1
1794: -1
1795: -1
1796: -1
1797: -1
1798: -1
1799: -1
1800: -1
1801: -1
1802: -1
1803: -1
1804: -1
1805: -1
1806: -1
1807: -1
1808: -1
1809: -1
1810: -1
1811: -1
1812: -1
1813: -1
1814: -1
1815: -1
1816: -1
1817: -1
1818: -1
1819: -1
1820: -1
1821: -1
1822: -1
1823: -1
1824: -1
1825: -1
1826: -1
1827: -1
1828: -1
1829: -1
1830: -1
1831: 446 1608 1836 -1
1832: 88 -1
1833: 88 -1
1834: 88 240 241 244 245 256 261 279 282 400 412 475 495 504 636 643 647 807 900 1009 1010 1357 1595 1777 2339 2904 -1
1835: 971 1359 1836 -1
1836: -1
1837: 89 1843 1844 -1
1838: 89 1843 1844 -1
1839: 89 250 257 1591 1843 1844 -1
1840: 89 1843 1844 -1
1841: 89 212 998 1009 1843 1844 -1
1842: 89 1843 1844 -1
1843: -1
1844: -1
1845: -1
1846: -1
1847: -1
1848: -1
1849: -1
1850: 90 1845 1846 1847 1848 -1
1851: 457 469 625 729 1571 1856 1858 1859 1860 1861 1862 1863 1864 1865 1866 1871 2395 -1
1852: 91 1139 1851 1853 1860 1861 1863 1864 1866 1871 -1
1853: 1476 1571 1858 1859 1860 1861 1862 1863 1864 1865 1866 1871 -1
1854: 285 286 287 288 289 290 502 514 529 587 639 726 729 799 914 915 936 975 986 1013 1131 1169 1285 1570 1571 1611 1613 1736 1737 1777 1852 1857 1858 1859 1860 1861 1862 1863 1864 1865 1866 1871 2480 2899 -1
1855: 285 286 287 288 289 290 1570 1571 1858 1859 1860 1861 1862 1863 1864 1865 1866 1871 -1
1856: 91 -1
1857: 91 -1
1858: 91 1138 1139 -1
1859: 91 1138 1139 -1
1860: 91 -1
1861: 91 -1
1862: 91 -1
1863: 91 -1
1864: 91 -1
1865: 91 -1
1866: 91 -1
1867: 91 201 267 282 1138 2373 -1
1868: 91 1138 -1
1869: 91 194 724 840 1138 -1
1870: 91 93 192 223 240 253 412 422 438 454 455 475 521 701 722 724 815 906 916 922 935 1010 1033 1138 1452 1546 1594 1600 1614 2331 2665 2729 -1
1871: 91 -1
1872: 1858 1859 1860 1861 1862 1863 1864 1865 1866 1871 -1
1873: 1571 1860 1861 1863 1864 1866 1871 -1
1874: 1571 1736 1737 1856 1857 1860 1861 1863 1864 1866 1871 -1
1875: 1736 1860 1861 1863 1864 1866 1871 -1
1876: -1
1877: 240 477 636 726 1007 1363 2732 -1
1878: -1
1879: -1
1880: -1
1881: -1
1882: -1
1883: -1
1884: -1
1885: -1
1886: -1
1887: -1
1888: -1
1889: -1
1890: -1
1891: -1
1892: -1
1893: -1
1894: -1
1895: -1
1896: 93 -1
1897: 93 -1
1898: 93 -1
1899: 93 -1
1900: 93 1610 2417 -1
1901: 93 261 802 817 -1
1902: 93 -1
1903: 93 -1
1904: 93 -1
1905: 93 -1
1906: 93 -1
1907: 93 123 156 187 200 208 211 228 281 370 373 380 434 437 439 464 484 512 520 609 610 617 840 1021 1028 1029 1030 1031 1045 1610 2179 2331 2417 2899 -1
1908: 93 -1
1909: 93 -1
1910: 93 -1
1911: 93 -1
1912: 93 1029 1608 -1
1913: 93 -1
1914: 93 223 2665 -1
1915: 93 2491 2803 -1
1916: 93 -1
1917: 93 -1
1918: 93 -1
1919: 93 -1
1920: 93 -1
1921: 93 -1
1922: 368 391 971 -1
1923: 248 -1
1924: -1
1925: -1
1926: 552 791 1358 1426 2724 -1
1927: 95 237 255 274 278 282 393 409 423 500 552 816 863 907 986 1285 1385 1594 1695 1932 1933 1934 2360 2363 2952 -1
1928: 95 244 271 282 400 409 412 475 499 500 636 863 907 986 1009 1385 1595 1695 1777 1932 1933 1934 2216 2360 2363 2950 2952 -1
1929: 95 409 500 863 907 910 1385 1695 1932 1933 1934 2360 2363 2952 -1
1930: 2335 -1
1931: 95 409 500 863 907 1385 1695 1932 1933 1934 2360 2363 2952 -1
1932: -1
1933: 266 278 -1
1934: -1
1935: 96 461 609 -1
1936: 97 1938 1939 1940 1942 1943 1945 1946 1947 1950 1951 1952 1953 1954 1955 1956 1957 1958 1960 1961 1962 1964 1965 1966 1967 1968 1969 1973 1974 1975 1976 1977 1978 1979 1980 1981 1982 1983 1984 1985 1986 1987 1988 1989 1990 1991 1992 1993 1994 1995 1996 1997 1998 1999 2000 2001 2002 2003 -1
1937: 97 1938 1939 1940 1941 1942 1943 1944 1945 1946 1947 1949 1950 1951 1952 1953 1954 1955 1956 1957 1958 1959 1960 1961 1962 1963 1964 1965 1966 1967 1968 1969 1973 1974 1975 1976 1977 1978 1979 1980 1981 1982 1983 1984 1985 1986 1987 1988 1989 1990 1991 1992 1993 1994 1995 1996 1997 1998 1999 2000 2001 2002 2003 -1
1938: 1941 1943 1944 1949 1950 1951 1954 1955 1958 1959 1960 1961 1963 1966 -1
1939: 1941 1943 1944 1949 1950 1951 1954 1955 1958 1959 1960 1961 1963 1966 -1
1940: 1941 1943 1944 1949 1950 1951 1954 1955 1958 1959 1960 1961 1963 1966 -1
1941: 97 1938 1939 1940 1942 1943 1945 1946 1947 1950 1951 1952 1953 1954 1955 1956 1957 1958 1960 1961 1962 1964 1965 1966 1967 1968 1969 1973 1974 1975 1976 1977 1978 1979 1980 1981 1982 1983 1984 1985 1986 1987 1988 1989 1990 1991 1992 1993 1994 1995 1996 1997 1998 1999 2000 2001 2002 2003 -1
1942: 1941 1943 1944 1949 1950 1951 1954 1955 1958 1959 1960 1961 1963 1966 -1
1943: 97 1938 1939 1940 1941 1942 1944 1945 1946 1947 1949 1952 1953 1956 1957 1959 1960 1962 1963 1964 1965 1967 1968 1969 1973 1974 1975 1976 1977 1978 1979 1980 1981 1982 1983 1984 1985 1986 1987 1988 1989 1990 1991 1992 1993 1994 1995 1996 1997 1998 1999 2000 2001 2002 2003 -1
1944: 97 1938 1939 1940 1942 1943 1945 1946 1947 1950 1951 1952 1953 1954 1955 1956 1957 1958 1960 1961 1962 1964 1965 1966 1967 1968 1969 1973 1974 1975 1976 1977 1978 1979 1980 1981 1982 1983 1984 1985 1986 1987 1988 1989 1990 1991 1992 1993 1994 1995 1996 1997 1998 1999 2000 2001 2002 2003 -1
1945: 1941 1943 1944 1949 1950 1951 1954 1955 1958 1959 1960 1961 1963 1966 -1
1946: 1941 1943 1944 1949 1950 1951 1954 1955 1958 1959 1960 1961 1963 1966 -1
1947: 1941 1943 1944 1949 1950 1951 1954 1955 1958 1959 1960 1961 1963 1966 -1
1948: 97 1938 1939 1940 1941 1942 1944 1945 1946 1947 1949 1952 1953 1956 1957 1959 1960 1962 1963 1964 1965 1967 1968 1969 1973 1974 1975 1976 1977 1978 1979 1980 1981 1982 1983 1984 1985 1986 1987 1988 1989 1990 1991 1992 1993 1994 1995 1996 1997 1998 1999 2000 2001 2002 2003 -1
1949: 97 1938 1939 1940 1942 1943 1945 1946 1947 1950 1951 1952 1953 1954 1955 1956 1957 1958 1960 1961 1962 1964 1965 1966 1967 1968 1969 1973 1974 1975 1976 1977 1978 1979 1980 1981 1982 1983 1984 1985 1986 1987 1988 1989 1990 1991 1992 1993 1994 1995 1996 1997 1998 1999 2000 2001 2002 2003 -1
1950: 97 1938 1939 1940 1941 1942 1944 1945 1946 1947 1949 1952 1953 1956 1957 1959 1960 1962 1963 1964 1965 1967 1968 1969 1973 1974 1975 1976 1977 1978 1979 1980 1981 1982 1983 1984 1985 1986 1987 1988 1989 1990 1991 1992 1993 1994 1995 1996 1997 1998 1999 2000 2001 2002 2003 -1
1951: 97 1938 1939 1940 1941 1942 1944 1945 1946 1947 1949 1952 1953 1956 1957 1959 1960 1962 1963 1964 1965 1967 1968 1969 1973 1974 1975 1976 1977 1978 1979 1980 1981 1982 1983 1984 1985 1986 1987 1988 1989 1990 1991 1992 1993 1994 1995 1996 1997 1998 1999 2000 2001 2002 2003 -1
1952: 1941 1943 1944 1949 1950 1951 1954 1955 1958 1959 1960 1961 1963 1966 -1
1953: 1941 1943 1944 1949 1950 1951 1954 1955 1958 1959 1960 1961 1963 1966 -1
1954: 97 1938 1939 1940 1941 1942 1944 1945 1946 1947 1949 1952 1953 1956 1957 1959 1960 1962 1963 1964 1965 1967 1968 1969 1973 1974 1975 1976 1977 1978 1979 1980 1981 1982 1983 1984 1985 1986 1987 1988 1989 1990 1991 1992 1993 1994 1995 1996 1997 1998 1999 2000 2001 2002 2003 -1
1955: 97 1938 1939 1940 1941 1942 1944 1945 1946 1947 1949 1952 1953 1956 1957 1959 1960 1962 1963 1964 1965 1967 1968 1969 1973 1974 1975 1976 1977 1978 1979 1980 1981 1982 1983 1984 1985 1986 1987 1988 1989 1990 1991 1992 1993 1994 1995 1996 1997 1998 1999 2000 2001 2002 2003 -1
1956: 1941 1943 1944 1949 1950 1951 1954 1955 1958 1959 1960 1961 1963 1966 -1
1957: 1941 1943 1944 1949 1950 1951 1954 1955 1958 1959 1960 1961 1963 1966 -1
1958: 97 1938 1939 1940 1941 1942 1944 1945 1946 1947 1949 1952 1953 1956 1957 1959 1960 1962 1963 1964 1965 1967 1968 1969 1973 1974 1975 1976 1977 1978 1979 1980 1981 1982 1983 1984 1985 1986 1987 1988 1989 1990 1991 1992 1993 1994 1995 1996 1997 1998 1999 2000 2001 2002 2003 -1
1959: 97 1938 1939 1940 1942 1943 1945 1946 1947 1950 1951 1952 1953 1954 1955 1956 1957 1958 1960 1961 1962 1964 1965 1966 1967 1968 1969 1973 1974 1975 1976 1977 1978 1979 1980 1981 1982 1983 1984 1985 1986 1987 1988 1989 1990 1991 1992 1993 1994 1995 1996 1997 1998 1999 2000 2001 2002 2003 -1
1960: 97 1938 1939 1940 1941 1942 1943 1944 1945 1946 1947 1949 1950 1951 1952 1953 1954 1955 1956 1957 1958 1959 1961 1962 1963 1964 1965 1966 1967 1968 1969 1973 1974 1975 1976 1977 1978 1979 1980 1981 1982 1983 1984 1985 1986 1987 1988 1989 1990 1991 1992 1993 1994 1995 1996 1997 1998 1999 2000 2001 2002 2003 -1
1961: 97 1938 1939 1940 1941 1942 1944 1945 1946 1947 1949 1952 1953 1956 1957 1959 1960 1962 1963 1964 1965 1967 1968 1969 1973 1974 1975 1976 1977 1978 1979 1980 1981 1982 1983 1984 1985 1986 1987 1988 1989 1990 1991 1992 1993 1994 1995 1996 1997 1998 1999 2000 2001 2002 2003 -1
1962: 1941 1943 1944 1949 1950 1951 1954 1955 1958 1959 1960 1961 1963 1966 -1
1963: 97 1938 1939 1940 1942 1943 1945 1946 1947 1950 1951 1952 1953 1954 1955 1956 1957 1958 1960 1961 1962 1964 1965 1966 1967 1968 1969 1973 1974 1975 1976 1977 1978 1979 1980 1981 1982 1983 1984 1985 1986 1987 1988 1989 1990 1991 1992 1993 1994 1995 1996 1997 1998 1999 2000 2001 2002 2003 -1
1964: 1941 1943 1944 1949 1950 1951 1954 1955 1958 1959 1960 1961 1963 1966 -1
1965: 1941 1943 1944 1949 1950 1951 1954 1955 1958 1959 1960 1961 1963 1966 -1
1966: 97 1938 1939 1940 1941 1942 1944 1945 1946 1947 1949 1952 1953 1956 1957 1959 1960 1962 1963 1964 1965 1967 1968 1969 1973 1974 1975 1976 1977 1978 1979 1980 1981 1982 1983 1984 1985 1986 1987 1988 1989 1990 1991 1992 1993 1994 1995 1996 1997 1998 1999 2000 2001 2002 2003 -1
1967: 1941 1943 1944 1949 1950 1951 1954 1955 1958 1959 1960 1961 1963 1966 -1
1968: 1941 1943 1944 1949 1950 1951 1954 1955 1958 1959 1960 1961 1963 1966 -1
1969: 1941 1943 1944 1949 1950 1951 1954 1955 1958 1959 1960 1961 1963 1966 -1
1970: 97 1967 1968 1969 1973 1974 1975 1976 1977 1978 1979 1980 1981 1982 1983 1984 1985 1986 1987 1988 1989 1990 1991 1992 1993 1994 1995 1996 1997 1998 1999 2000 2001 2002 2003 -1
1971: 97 1968 1973 1974 1975 1976 1977 1978 1979 1980 1981 1982 1983 1984 1985 1986 1987 1988 1989 1990 1991 1992 1993 1994 1995 1996 1997 1998 1999 2000 2001 2002 2003 -1
1972: 97 1968 1973 1974 1975 1976 1977 1978 1979 1980 1981 1982 1983 1984 1985 1986 1987 1988 1989 1990 1991 1992 1993 1994 1995 1996 1997 1998 1999 2000 2001 2002 2003 -1
1973: -1
1974: -1
1975: -1
1976: -1
1977: -1
1978: -1
1979: -1
1980: -1
1981: -1
1982: -1
1983: -1
1984: -1
1985: -1
1986: -1
1987: -1
1988: -1
1989: -1
1990: -1
1991: -1
1992: -1
1993: -1
1994: -1
1995: -1
1996: -1
1997: -1
1998: -1
1999: -1
2000: -1
2001: -1
2002: -1
2003: -1
2004: -1
2005: -1
2006: -1
2007: 201 230 275 282 393 396 470 641 642 654 807 1548 2455 -1
2008: 282 -1
2009: 100 114 188 214 238 239 249 258 267 271 400 423 427 499 515 636 650 722 729 791 911 985 1001 1010 1403 1592 1600 1614 1777 2013 2229 2732 2937 -1
2010: 100 214 437 438 625 717 728 729 838 984 1613 -1
2011: 100 214 220 438 504 -1
2012: 100 214 504 881 1031 1137 -1
2013: 100 214 237 245 2339 -1
2014: 100 214 -1
2015: 100 214 -1
2016: 100 214 -1
2017: 100 156 214 228 282 368 369 372 380 388 391 398 401 444 484 499 512 514 520 587 717 850 953 971 1019 1021 1028 1129 1365 1368 1610 1835 2038 2331 2417 -1
2018: 100 214 282 816 839 -1
2019: 100 214 465 717 1117 1835 -1
2020: 100 214 717 1144 -1
2021: 100 156 214 380 393 398 470 601 717 729 1109 1548 1597 2230 2809 -1
2022: 100 114 214 261 515 802 803 1926 -1
2023: 100 214 803 1926 -1
2024: 100 214 -1
2025: 100 214 -1
2026: 100 214 -1
2027: 100 214 -1
2028: 100 1926 -1
2029: 100 214 -1
2030: 100 214 -1
2031: 100 214 -1
2032: 100 214 -1
2033: 100 214 -1
2034: 100 214 1608 -1
2035: 101 -1
2036: 101 173 969 2040 2041 2042 2496 -1
2037: 101 2042 -1
2038: -1
2039: -1
2040: -1
2041: -1
2042: 650 -1
2043: 102 491 495 1038 1903 -1
2044: 102 291 948 2849 2852 -1
2045: -1
2046: -1
2047: -1
2048: -1
2049: 103 240 244 253 469 471 477 489 492 494 636 650 701 1009 1552 1595 2339 -1
2050: 103 489 492 -1
2051: 103 489 492 -1
2052: 103 488 -1
2053: 104 -1
2054: 104 -1
2055: 280 2057 -1
2056: -1
2057: -1
2058: -1
2059: -1
2060: -1
2061: 1548 2059 2732 -1
2062: -1
2063: -1
2064: -1
2065: -1
2066: -1
2067: -1
2068: -1
2069: -1
2070: -1
2071: -1
2072: -1
2073: -1
2074: -1
2075: -1
2076: -1
2077: -1
2078: -1
2079: -1
2080: -1
2081: -1
2082: -1
2083: -1
2084: -1
2085: -1
2086: -1
2087: -1
2088: -1
2089: -1
2090: -1
2091: -1
2092: -1
2093: -1
2094: -1
2095: -1
2096: -1
2097: -1
2098: -1
2099: -1
2100: -1
2101: -1
2102: -1
2103: -1
2104: -1
2105: -1
2106: -1
2107: -1
2108: -1
2109: -1
2110: -1
2111: 464 512 726 1617 1898 2331 -1
2112: -1
2113: 108 -1
2114: 108 -1
2115: 108 -1
2116: 108 -1
2117: 108 -1
2118: 108 -1
2119: 108 -1
2120: 108 -1
2121: 108 -1
2122: 108 -1
2123: 108 -1
2124: 108 -1
2125: 108 -1
2126: 108 -1
2127: 108 -1
2128: 108 -1
2129: 108 -1
2130: 108 -1
2131: 108 -1
2132: 108 -1
2133: 108 -1
2134: 108 -1
2135: 108 -1
2136: 108 -1
2137: 108 -1
2138: 108 -1
2139: 108 -1
2140: 108 -1
2141: 108 -1
2142: 108 -1
2143: 108 -1
2144: 108 -1
2145: 108 -1
2146: 108 -1
2147: 108 -1
2148: 108 -1
2149: 108 -1
2150: 108 -1
2151: 108 -1
2152: 108 -1
2153: 108 -1
2154: 108 -1
2155: 108 -1
2156: 108 -1
2157: 108 -1
2158: 108 -1
2159: 108 -1
2160: 108 -1
2161: 108 -1
2162: 108 -1
2163: 108 -1
2164: 108 -1
2165: 108 -1
2166: 108 -1
2167: 108 -1
2168: 108 -1
2169: 108 -1
2170: 108 -1
2171: 108 -1
2172: 108 -1
2173: 108 -1
2174: 108 -1
2175: 108 -1
2176: 108 -1
2177: 108 -1
2178: -1
2179: 109 175 1303 1907 2180 2181 2182 2183 2184 2185 2186 2187 2188 2189 2190 2191 2192 2193 2194 -1
2180: -1
2181: -1
2182: -1
2183: -1
2184: -1
2185: -1
2186: -1
2187: -1
2188: -1
2189: -1
2190: -1
2191: -1
2192: -1
2193: -1
2194: -1
2195: 1399 -1
2196: 111 137 1234 1566 1567 2199 2204 2206 2209 2549 2551 2706 -1
2197: 111 137 1234 1566 1567 2206 2209 2549 2551 -1
2198: 111 137 1566 1567 2206 2209 2549 2551 -1
2199: 111 137 1566 1567 2206 2209 2549 2551 -1
2200: 111 137 1566 1567 2206 2209 2549 2551 -1
2201: 111 137 1566 1567 2206 2209 2549 2551 -1
2202: 111 137 1566 1567 2206 2209 2549 2551 -1
2203: 111 137 1566 1567 2206 2209 2549 2551 2706 -1
2204: -1
2205: 111 1566 1567 -1
2206: -1
2207: 242 -1
2208: -1
2209: 804 -1
2210: 112 -1
2211: 112 -1
2212: 112 -1
2213: 112 -1
2214: 112 -1
2215: 423 -1
2216: 636 986 -1
2217: 113 370 922 -1
2218: 113 -1
2219: 114 -1
2220: 114 -1
2221: 114 -1
2222: 114 -1
2223: 114 -1
2224: 114 1926 2953 -1
2225: 114 271 282 461 636 722 723 965 1009 1590 1777 -1
2226: 114 -1
2227: 114 201 1595 -1
2228: 260 278 469 1470 1471 1472 1473 1474 2937 -1
2229: 477 -1
2230: -1
2231: -1
2232: -1
2233: -1
2234: -1
2235: -1
2236: -1
2237: -1
2238: -1
2239: -1
2240: -1
2241: -1
2242: -1
2243: -1
2244: -1
2245: -1
2246: -1
2247: -1
2248: -1
2249: -1
2250: -1
2251: -1
2252: -1
2253: -1
2254: -1
2255: -1
2256: -1
2257: -1
2258: -1
2259: -1
2260: -1
2261: 116 2231 2232 2233 2234 2235 2236 2237 2238 2239 2240 2241 2242 2243 2244 2245 2246 2247 2248 2249 2250 2251 2252 2253 2254 2255 2256 2257 2258 2259 2260 2266 2267 2268 2269 2270 2271 2272 2273 2274 2275 2276 2277 2278 2279 2280 2281 2282 2283 2284 2285 2286 2287 2289 2290 2301 2302 2303 2304 2305 2306 2307 2308 -1
2262: 116 2231 2232 2233 2234 2235 2236 2237 2238 2239 2240 2241 2242 2243 2244 2245 2246 2247 2248 2249 2250 2251 2252 2253 2254 2255 2256 2257 2258 2259 2260 2265 2266 2267 2268 2269 2270 2271 2272 2273 2274 2275 2276 2277 2278 2279 2280 2281 2282 2283 2284 2285 2286 2287 2289 2290 2301 2302 2303 2304 2305 2306 2307 2308 -1
2263: 116 2231 2232 2233 2234 2235 2236 2237 2238 2239 2240 2241 2242 2243 2244 2245 2246 2247 2248 2249 2250 2251 2252 2253 2254 2255 2256 2257 2258 2259 2260 2265 2266 2267 2268 2269 2270 2271 2272 2273 2274 2275 2276 2277 2278 2279 2280 2281 2282 2283 2284 2285 2286 2287 2289 2290 2301 2302 2303 2304 2305 2306 2307 2308 -1
2264: 116 2231 2232 2233 2234 2235 2236 2237 2238 2239 2240 2241 2242 2243 2244 2245 2246 2247 2248 2249 2250 2251 2252 2253 2254 2255 2256 2257 2258 2259 2260 2266 2267 2268 2269 2270 2271 2272 2273 2274 2275 2276 2277 2278 2279 2280 2281 2282 2283 2284 2285 2286 2287 2288 2289 2290 2291 2295 2296 2297 2298 2299 2300 2301 2302 2303 2304 2305 2306 2307 2308 -1
2265: -1
2266: -1
2267: -1
2268: -1
2269: -1
2270: -1
2271: -1
2272: -1
2273: -1
2274: -1
2275: -1
2276: -1
2277: -1
2278: -1
2279: -1
2280: -1
2281: -1
2282: -1
2283: -1
2284: -1
2285: -1
2286: -1
2287: -1
2288: -1
2289: -1
2290: -1
2291: -1
2292: 116 2231 2232 2233 2234 2235 2236 2237 2238 2239 2240 2241 2242 2243 2244 2245 2246 2247 2248 2249 2250 2251 2252 2253 2254 2255 2256 2257 2258 2259 2260 2265 2266 2267 2268 2269 2270 2271 2272 2273 2274 2275 2276 2277 2278 2279 2280 2281 2282 2283 2284 2285 2286 2287 2288 2289 2290 2291 2295 2296 2297 2298 2299 2300 2301 2302 2303 2304 2305 2306 2307 2308 -1
2293: 116 2231 2236 2237 2238 2239 2240 2241 2243 2244 2245 2246 2247 2248 2249 2250 2251 2252 2253 2254 2255 2256 2257 2258 2259 2260 2265 2266 2267 2268 2269 2270 2271 2272 2273 2274 2275 2276 2277 2278 2279 2280 2281 2282 2283 2284 2285 2286 2287 2288 2289 2290 2291 2295 2296 2297 2298 2299 2300 2301 2302 2303 2304 2305 2306 2308 -1
2294: 116 2231 2236 2237 2238 2239 2240 2241 2243 2244 2245 2246 2247 2248 2249 2250 2251 2252 2253 2254 2255 2256 2257 2258 2259 2260 2265 2266 2267 2268 2269 2270 2271 2272 2273 2274 2275 2276 2277 2278 2279 2280 2281 2282 2283 2284 2285 2286 2287 2288 2289 2290 2291 2295 2296 2297 2298 2299 2300 2301 2302 2303 2304 2305 2306 2308 -1
2295: -1
2296: -1
2297: -1
2298: -1
2299: -1
2300: -1
2301: -1
2302: -1
2303: -1
2304: -1
2305: -1
2306: -1
2307: -1
2308: -1
2309: 117 -1
2310: 117 -1
2311: 117 861 1194 2058 -1
2312: 117 2723 2724 2725 -1
2313: 117 189 400 636 918 1360 -1
2314: 117 261 1194 -1
2315: 117 261 -1
2316: 117 -1
2317: 117 -1
2318: 117 -1
2319: 117 -1
2320: 117 -1
2321: 117 266 268 594 1597 -1
2322: 117 637 651 700 -1
2323: 117 -1
2324: 117 -1
2325: 117 -1
2326: 117 -1
2327: 117 912 1600 2312 -1
2328: 117 -1
2329: 117 -1
2330: 117 212 256 266 467 647 804 806 839 861 1357 1549 1602 -1
2331: 117 -1
2332: -1
2333: -1
2334: 238 645 -1
2335: -1
2336: -1
2337: 222 -1
2338: 257 853 -1
2339: -1
2340: 603 612 705 707 716 -1
2341: 119 914 1535 1565 2345 2346 2347 2348 2349 2350 2351 2352 2353 2354 2355 2356 2357 -1
2342: 119 282 2345 2346 2347 2348 2349 2350 2351 2352 2353 2354 2355 2356 2357 -1
2343: 119 2355 -1
2344: 119 2348 2352 2355 -1
2345: -1
2346: -1
2347: -1
2348: -1
2349: -1
2350: -1
2351: -1
2352: -1
2353: -1
2354: -1
2355: -1
2356: -1
2357: -1
2358: 120 -1
2359: -1
2360: 121 -1
2361: 256 -1
2362: 261 -1
2363: -1
2364: 123 461 -1
2365: 123 134 180 181 182 607 831 834 -1
2366: 123 161 222 237 238 263 283 471 609 635 639 880 1137 1408 2899 2937 -1
2367: 123 465 611 635 1518 -1
2368: 123 617 -1
2369: 123 230 398 464 1137 2418 -1
2370: 123 475 -1
2371: -1
2372: -1
2373: -1
2374: -1
2375: -1
2376: -1
2377: -1
2378: 2733 2937 -1
2379: -1
2380: 124 -1
2381: 124 -1
2382: 124 -1
2383: 124 -1
2384: 124 1285 -1
2385: 124 1285 -1
2386: 124 1285 -1
2387: -1
2388: 125 2751 -1
2389: 125 2399 -1
2390: 125 2399 -1
2391: 125 2399 -1
2392: 125 2399 -1
2393: 125 2399 -1
2394: 125 2399 -1
2395: 436 1363 1548 1591 2398 2589 2593 -1
2396: -1
2397: -1
2398: -1
2399: -1
2400: 126 -1
2401: 126 413 429 652 700 724 803 815 1452 -1
2402: 126 204 237 240 241 244 245 254 258 260 271 279 282 283 412 422 465 475 477 495 515 635 643 722 734 1010 1012 1137 1545 1546 2006 2229 2339 2777 -1
2403: 126 -1
2404: -1
2405: 429 2403 -1
2406: 127 -1
2407: 127 -1
2408: 265 423 -1
2409: -1
2410: -1
2411: -1
2412: 201 527 804 2395 -1
2413: 1214 -1
2414: -1
2415: 1597 -1
2416: -1
2417: -1
2418: -1
2419: -1
2420: -1
2421: -1
2422: -1
2423: -1
2424: -1
2425: -1
2426: -1
2427: -1
2428: -1
2429: -1
2430: -1
2431: -1
2432: -1
2433: -1
2434: -1
2435: -1
2436: -1
2437: -1
2438: -1
2439: -1
2440: -1
2441: 132 986 1481 1927 2420 2421 2422 2423 2424 2425 2426 2427 2428 2429 2430 2431 2432 2433 2434 2435 2436 2437 2438 2439 2442 2445 2446 2447 2448 2449 2450 2451 2452 2453 2454 2455 2456 2457 2458 2459 2460 2462 2465 2466 2467 2468 2469 2470 2471 2472 2473 2474 2476 2477 2478 2479 -1
2442: -1
2443: 132 1481 1927 2420 2421 2422 2423 2424 2425 2426 2427 2428 2429 2430 2431 2432 2433 2434 2435 2436 2437 2438 2439 2442 2445 2446 2447 2448 2449 2450 2451 2452 2453 2454 2455 2456 2457 2458 2459 2460 2462 2465 2466 2467 2468 2469 2470 2471 2472 2473 2474 2475 2476 2477 2478 2479 -1
2444: 132 1481 1927 2420 2421 2422 2423 2424 2425 2426 2427 2428 2429 2430 2431 2432 2433 2434 2435 2436 2437 2438 2439 2442 2445 2446 2447 2448 2449 2450 2451 2452 2453 2454 2455 2456 2457 2458 2459 2460 2462 2465 2466 2467 2468 2469 2470 2471 2472 2473 2474 2476 2477 2478 2479 -1
2445: -1
2446: -1
2447: -1
2448: -1
2449: -1
2450: -1
2451: -1
2452: -1
2453: -1
2454: -1
2455: -1
2456: -1
2457: -1
2458: -1
2459: -1
2460: -1
2461: 132 1481 1927 2420 2421 2422 2423 2424 2425 2426 2427 2428 2429 2430 2431 2432 2433 2434 2435 2436 2437 2438 2439 2442 2445 2446 2447 2448 2449 2450 2451 2452 2453 2454 2455 2456 2457 2458 2459 2460 2462 2465 2466 2467 2468 2469 2470 2471 2472 2473 2474 2476 2477 2478 2479 -1
2462: -1
2463: 132 1481 1927 2420 2421 2422 2423 2424 2425 2426 2427 2428 2429 2430 2431 2432 2433 2434 2435 2436 2437 2438 2439 2442 2445 2446 2447 2448 2449 2450 2451 2452 2453 2454 2455 2456 2457 2458 2459 2460 2462 2465 2466 2467 2468 2469 2470 2471 2472 2473 2474 2476 2477 2478 2479 -1
2464: -1
2465: -1
2466: 1579 -1
2467: -1
2468: -1
2469: -1
2470: -1
2471: -1
2472: -1
2473: -1
2474: 2441 -1
2475: 2441 -1
2476: -1
2477: -1
2478: -1
2479: -1
2480: -1
2481: 133 2482 2483 2484 2485 2486 2487 -1
2482: -1
2483: -1
2484: -1
2485: -1
2486: -1
2487: 2481 -1
2488: 134 -1
2489: 134 -1
2490: 134 -1
2491: 134 156 380 398 -1
2492: 134 511 718 728 735 1600 2495 -1
2493: 134 -1
2494: 134 -1
2495: 134 258 1519 -1
2496: 1406 -1
2497: -1
2498: -1
2499: -1
2500: -1
2501: -1
2502: -1
2503: -1
2504: -1
2505: -1
2506: -1
2507: -1
2508: -1
2509: -1
2510: -1
2511: -1
2512: -1
2513: -1
2514: -1
2515: -1
2516: -1
2517: -1
2518: -1
2519: -1
2520: -1
2521: -1
2522: -1
2523: -1
2524: 136 2498 2499 2500 2501 2502 2503 2504 2505 2506 2507 2508 2509 2510 2511 2512 2513 2514 2515 2516 2517 2518 2519 2520 2521 2522 2523 2525 2526 2527 2528 2529 2530 2531 2532 2533 2534 2535 2536 2537 2538 2539 2540 2541 2542 2543 2544 -1
2525: -1
2526: -1
2527: -1
2528: -1
2529: -1
2530: -1
2531: -1
2532: -1
2533: -1
2534: -1
2535: -1
2536: -1
2537: -1
2538: -1
2539: 1552 2524 -1
2540: -1
2541: -1
2542: -1
2543: -1
2544: -1
2545: 137 -1
2546: 137 -1
2547: 137 -1
2548: 137 -1
2549: -1
2550: 137 2551 -1
2551: -1
2552: 248 274 278 338 420 423 816 833 891 986 1452 1476 1591 2726 -1
2553: -1
2554: 139 -1
2555: 139 -1
2556: -1
2557: 603 612 842 953 -1
2558: 140 843 -1
2559: 140 843 -1
2560: 141 2561 -1
2561: -1
2562: -1
2563: 607 -1
2564: 142 804 833 1319 1594 2216 2566 2567 2568 2569 2570 2571 2572 2573 2574 2575 2576 2577 2578 2579 2580 2581 2582 -1
2565: 142 2566 2567 2568 2569 2570 2571 2572 2573 2574 2575 2576 2577 2578 2579 2580 2581 2582 -1
2566: -1
2567: -1
2568: -1
2569: -1
2570: -1
2571: -1
2572: -1
2573: -1
2574: -1
2575: -1
2576: -1
2577: -1
2578: -1
2579: -1
2580: -1
2581: -1
2582: -1
2583: 259 469 527 610 2331 2667 2899 -1
2584: 143 213 2395 2583 2585 -1
2585: 1194 -1
2586: -1
2587: -1
2588: -1
2589: -1
2590: 2595 -1
2591: 2595 -1
2592: 2595 -1
2593: -1
2594: -1
2595: -1
2596: 145 -1
2597: 145 -1
2598: 145 -1
2599: 145 -1
2600: 145 -1
2601: 145 -1
2602: 145 -1
2603: 145 -1
2604: 145 -1
2605: 145 -1
2606: 145 -1
2607: 145 -1
2608: 145 -1
2609: 145 -1
2610: 145 -1
2611: 145 -1
2612: 145 -1
2613: 145 -1
2614: 145 -1
2615: 145 -1
2616: 145 -1
2617: 145 -1
2618: 145 -1
2619: 145 -1
2620: 145 -1
2621: 145 -1
2622: 145 -1
2623: 145 -1
2624: 145 -1
2625: 145 -1
2626: 145 -1
2627: 145 -1
2628: 145 -1
2629: 145 -1
2630: 145 -1
2631: 145 -1
2632: 145 -1
2633: 145 -1
2634: 145 -1
2635: 145 -1
2636: 145 -1
2637: 145 -1
2638: 145 -1
2639: 145 -1
2640: 145 -1
2641: 145 -1
2642: 145 -1
2643: 145 -1
2644: 145 -1
2645: 145 -1
2646: 145 -1
2647: 145 -1
2648: 145 -1
2649: 145 -1
2650: 145 -1
2651: 145 -1
2652: 145 -1
2653: 145 -1
2654: 145 201 224 226 267 370 387 394 446 469 487 527 528 529 587 728 1029 1035 1140 1141 1142 1143 1146 1365 1476 1548 1553 2371 2590 2658 2659 2660 2704 2860 2937 -1
2655: 145 -1
2656: 145 -1
2657: -1
2658: -1
2659: -1
2660: -1
2661: 146 1620 1628 -1
2662: 857 965 -1
2663: 201 -1
2664: 2395 -1
2665: -1
2666: -1
2667: -1
2668: -1
2669: -1
2670: -1
2671: 201 226 259 394 438 442 457 729 1591 -1
2672: 2674 -1
2673: 148 2674 -1
2674: 148 -1
2675: 238 248 251 282 393 396 510 527 539 641 642 654 938 1476 1751 2332 2334 2712 2713 2714 2715 2731 -1
2676: -1
2677: -1
2678: 149 2320 2675 -1
2679: 149 2677 -1
2680: 149 2677 -1
2681: 149 2677 -1
2682: 149 2677 -1
2683: 149 2677 -1
2684: 149 2677 -1
2685: 149 2677 -1
2686: 149 2677 -1
2687: 149 2677 -1
2688: 149 2677 -1
2689: 149 2677 -1
2690: 149 2677 -1
2691: 149 2677 -1
2692: 149 2677 -1
2693: 149 2677 -1
2694: 149 2677 -1
2695: 149 2677 -1
2696: 149 2677 -1
2697: 149 2677 -1
2698: 149 2677 -1
2699: 149 2677 -1
2700: 149 2677 -1
2701: 149 2677 -1
2702: 149 2677 -1
2703: 149 2677 -1
2704: 149 2677 -1
2705: 149 2677 -1
2706: -1
2707: 1324 -1
2708: 149 2707 -1
2709: 2712 2713 2714 2715 -1
2710: 149 895 2320 2675 2676 2707 2709 2720 2722 -1
2711: -1
2712: 149 2320 2675 2676 2707 2720 2722 -1
2713: 149 2320 2675 2676 2707 2720 2722 -1
2714: 149 2320 2675 2676 2707 2720 2722 -1
2715: 149 2320 2675 2676 2707 2720 2722 -1
2716: 149 2320 2675 2676 2707 2712 2713 2714 2715 2720 2722 -1
2717: 149 2320 2675 2676 2707 2720 2722 -1
2718: 149 2320 2675 2676 2707 2720 2722 -1
2719: 149 2320 2675 2676 2707 2720 2722 -1
2720: 2712 2713 2714 2715 -1
2721: 2712 2713 2714 2715 -1
2722: -1
2723: -1
2724: 258 -1
2725: -1
2726: 244 266 283 400 412 635 636 645 833 839 914 986 1008 1546 1590 -1
2727: 150 -1
2728: 150 -1
2729: -1
2730: -1
2731: -1
2732: -1
2733: -1
2734: -1
2735: 151 2740 2741 2742 2743 2744 2745 2746 2747 2748 -1
2736: 151 -1
2737: 151 -1
2738: 151 -1
2739: 151 2740 2741 2742 2743 2744 2745 2746 2747 2748 -1
2740: -1
2741: -1
2742: 244 249 271 833 866 880 1546 1590 2544 2733 2899 -1
2743: -1
2744: -1
2745: -1
2746: -1
2747: -1
2748: -1
2749: -1
2750: -1
2751: 153 -1
2752: 2733 -1
2753: -1
2754: -1
2755: -1
2756: -1
2757: -1
2758: -1
2759: -1
2760: 155 2762 2763 2764 2765 2766 2767 2769 2770 2771 2772 2773 2774 2775 2776 2777 2778 2779 2780 2781 2782 2783 2784 2785 2786 2787 2788 2789 2790 2791 2792 -1
2761: 155 237 274 467 2762 2763 2764 2765 2766 2767 2768 2769 2770 2771 2772 2773 2774 2775 2776 2777 2778 2779 2780 2781 2782 2783 2784 2785 2786 2787 2788 2789 2790 2791 2792 -1
2762: 413 652 -1
2763: -1
2764: -1
2765: -1
2766: -1
2767: -1
2768: -1
2769: -1
2770: -1
2771: -1
2772: -1
2773: -1
2774: -1
2775: -1
2776: -1
2777: -1
2778: -1
2779: -1
2780: -1
2781: -1
2782: -1
2783: -1
2784: -1
2785: -1
2786: -1
2787: -1
2788: -1
2789: -1
2790: -1
2791: -1
2792: -1
2793: 156 380 -1
2794: 156 380 -1
2795: 156 380 -1
2796: 156 380 -1
2797: 156 380 -1
2798: 156 380 -1
2799: 156 380 -1
2800: 156 380 2491 2801 -1
2801: -1
2802: 156 380 2491 2803 -1
2803: -1
2804: 156 380 437 491 -1
2805: 156 380 -1
2806: -1
2807: 156 380 -1
2808: 156 380 -1
2809: 156 380 393 437 726 1365 -1
2810: 156 219 238 260 368 374 380 391 398 401 461 470 525 529 717 815 932 953 971 1021 1028 1031 1109 1126 1129 1137 1363 1365 1368 1548 1610 1835 2017 2417 2491 2559 2809 2811 -1
2811: 156 380 -1
2812: 156 380 1610 2417 -1
2813: 156 380 -1
2814: 156 380 -1
2815: 156 207 380 -1
2816: 156 380 -1
2817: 156 380 -1
2818: 156 380 -1
2819: 156 380 -1
2820: 156 380 -1
2821: 156 380 2491 -1
2822: 156 380 -1
2823: 156 380 -1
2824: 156 380 -1
2825: 156 380 -1
2826: 156 380 2491 -1
2827: 156 380 -1
2828: 2899 -1
2829: -1
2830: -1
2831: -1
2832: 157 639 1268 1589 2828 2829 2830 2831 2835 2836 2838 2860 2861 2862 2863 2864 2865 2866 2867 2868 2869 2870 2871 2872 2873 2874 2875 2876 2877 2878 2879 2880 2881 2882 2883 2884 2885 2886 2887 2888 -1
2833: 157 1268 2836 2860 2861 2862 2863 2865 2866 2867 2868 2869 2870 2871 2872 2873 2875 2887 2888 -1
2834: 157 1268 2836 2860 2861 2862 2863 2864 2865 2866 2867 2868 2869 2870 2871 2872 2873 2875 2887 2888 -1
2835: -1
2836: -1
2837: 157 -1
2838: 2497 -1
2839: 157 -1
2840: 157 -1
2841: 157 187 -1
2842: 157 -1
2843: 157 1932 -1
2844: 157 -1
2845: 157 -1
2846: 157 -1
2847: 157 -1
2848: 157 2887 -1
2849: 157 180 181 182 901 1424 -1
2850: 157 2838 -1
2851: 157 2836 -1
2852: 157 1389 1924 1925 -1
2853: 157 2838 -1
2854: 157 2838 -1
2855: 157 -1
2856: 157 1539 -1
2857: 157 -1
2858: 157 -1
2859: 157 -1
2860: -1
2861: -1
2862: -1
2863: -1
2864: -1
2865: -1
2866: -1
2867: -1
2868: -1
2869: -1
2870: -1
2871: -1
2872: -1
2873: -1
2874: -1
2875: -1
2876: -1
2877: -1
2878: -1
2879: -1
2880: -1
2881: -1
2882: -1
2883: -1
2884: -1
2885: -1
2886: -1
2887: -1
2888: -1
2889: 158 -1
2890: 158 237 281 635 1590 -1
2891: 158 -1
2892: 158 -1
2893: 158 724 -1
2894: 158 -1
2895: 158 -1
2896: 158 226 1590 2937 -1
2897: 158 224 245 504 529 723 726 734 807 933 1010 1591 1777 2339 -1
2898: 158 -1
2899: 158 -1
2900: 158 -1
2901: 159 -1
2902: -1
2903: -1
2904: -1
2905: -1
2906: 160 423 1780 2907 -1
2907: -1
2908: 280 914 2335 -1
2909: 161 -1
2910: 161 -1
2911: 161 -1
2912: 2918 -1
2913: 161 2914 2915 2917 2936 2937 -1
2914: 161 2915 2936 2937 -1
2915: 161 2914 2936 -1
2916: 161 2914 2936 -1
2917: 161 2914 2936 -1
2918: 161 2936 2937 -1
2919: 161 2937 -1
2920: 161 1548 2006 2916 2918 2936 2938 -1
2921: 161 2937 -1
2922: 161 -1
2923: 161 1389 1924 1925 -1
2924: 161 639 1925 2372 2374 2936 2937 -1
2925: 161 -1
2926: 161 -1
2927: 161 -1
2928: 161 -1
2929: 161 -1
2930: 161 -1
2931: 161 -1
2932: 161 -1
2933: 161 -1
2934: 161 2935 2936 -1
2935: 161 2936 2937 -1
2936: 2910 2911 2914 2915 2916 2917 2918 2921 2927 2928 2929 2930 2935 2938 -1
2937: 2938 -1
2938: 161 2936 -1
2939: 161 914 2916 2938 -1
2940: -1
2941: -1
2942: -1
2943: 912 -1
2944: -1
2945: -1
2946: -1
2947: -1
2948: 162 238 2595 -1
2949: -1
2950: -1
2951: 271 400 412 631 632 636 839 881 1010 1518 1593 1595 -1
2952: -1
2953: -1
2954: -1
