0: 27 31 120 129 131 132 133 134 135 136 137 139 141 142 143 144 145 513 670 791 -1
1: 3 45 64 95 120 124 132 133 139 146 147 148 150 151 152 153 154 156 157 158 159 160 161 162 163 164 165 166 167 168 169 170 171 172 173 174 176 177 178 179 180 181 230 245 251 253 256 261 275 340 436 437 465 479 481 482 485 496 661 670 791 908 912 916 1064 1444 1582 -1
2: 41 113 190 191 193 194 195 196 197 198 199 200 201 202 203 204 205 206 207 208 209 210 211 212 213 214 215 218 219 220 221 1582 -1
3: 27 30 45 61 95 124 147 150 153 161 174 175 230 235 236 237 238 239 240 241 242 243 244 245 246 247 248 249 250 252 253 254 256 257 258 259 260 261 262 263 782 791 -1
4: 49 265 266 267 268 269 270 271 272 273 274 275 791 -1
5: 262 289 296 298 307 312 -1
6: 204 322 323 324 325 326 327 328 329 330 331 332 334 791 -1
7: 3 20 27 45 91 147 150 151 153 156 159 161 163 174 176 179 180 204 230 236 242 244 245 247 248 250 251 254 261 340 359 361 362 365 366 367 368 370 371 372 373 375 376 379 380 383 384 385 386 388 389 390 391 392 393 437 791 914 917 1064 -1
8: 401 -1
9: 94 211 266 402 403 404 405 406 407 408 409 410 411 412 1517 1518 1582 -1
10: 413 414 415 416 417 418 419 420 421 422 423 424 425 426 -1
11: 95 116 124 143 236 244 258 260 451 791 1700 -1
12: -1
13: 64 95 124 153 167 174 236 436 437 -1
14: 17 20 27 30 61 98 236 245 256 376 436 445 446 448 449 450 451 452 456 458 459 460 462 463 464 465 466 467 468 469 513 1052 1179 1545 1546 1547 1548 1549 1551 1552 1553 1554 -1
15: -1
16: 20 27 95 120 124 132 146 166 167 168 170 174 175 176 180 209 281 340 407 477 478 479 481 482 483 485 1617 -1
17: 48 75 108 468 490 -1
18: 45 80 95 118 124 496 791 1237 1238 1239 1240 1241 1736 1737 1738 -1
19: 83 -1
20: 95 124 791 -1
21: -1
22: -1
23: 179 436 641 642 -1
24: 204 -1
25: 27 44 95 134 142 170 174 179 198 204 209 214 340 370 436 448 459 476 496 651 652 653 654 655 656 657 658 659 660 661 662 663 664 665 666 962 1260 1303 1313 1318 1675 -1
26: 667 -1
27: 791 -1
28: 93 775 776 -1
29: 27 95 116 133 158 170 175 249 258 340 670 1700 -1
30: 451 -1
31: -1
32: 804 -1
33: -1
34: -1
35: 236 -1
36: -1
37: 819 820 -1
38: 90 104 824 825 826 827 829 830 831 832 833 835 836 -1
39: -1
40: -1
41: -1
42: -1
43: -1
44: 95 124 174 239 660 909 911 912 913 914 917 -1
45: -1
46: -1
47: -1
48: -1
49: -1
50: 238 -1
51: 775 959 960 961 962 965 966 967 968 970 -1
52: -1
53: -1
54: -1
55: -1
56: -1
57: 1012 -1
58: 1013 -1
59: 1019 -1
60: -1
61: -1
62: -1
63: 1048 1049 -1
64: -1
65: -1
66: -1
67: 1119 -1
68: -1
69: -1
70: 1179 -1
71: 20 95 120 124 167 513 1189 -1
72: -1
73: -1
74: -1
75: -1
76: -1
77: 134 -1
78: -1
79: -1
80: 18 -1
81: -1
82: 27 95 105 124 133 244 437 670 1258 1259 1260 -1
83: 204 230 235 255 262 301 308 1271 1299 1300 1301 1302 1303 1305 1307 1308 1309 1310 1311 1312 1313 1315 1316 1317 1318 1320 1322 1323 1324 1326 -1
84: -1
85: 238 451 -1
86: -1
87: -1
88: 1387 -1
89: -1
90: 269 822 837 966 1273 1408 1409 1410 1412 1413 1414 1415 1416 1417 1418 1419 1420 1422 1423 1424 1425 1426 1427 1428 1429 1430 1431 1432 1434 1435 1436 1437 1438 1439 -1
91: 3 95 124 150 156 167 170 230 340 1064 1444 -1
92: -1
93: -1
94: -1
95: 20 1533 -1
96: -1
97: -1
98: -1
99: 1580 1581 1582 1583 1584 1585 1586 1592 1593 1594 -1
100: -1
101: -1
102: 1605 -1
103: -1
104: 19 269 826 1437 1610 1611 1612 1613 1614 1615 1616 1617 1618 1619 1620 1621 1622 1623 1625 1626 1627 1628 1629 1630 1632 1633 -1
105: -1
106: -1
107: -1
108: -1
109: -1
110: 1543 1548 1549 1551 1552 1553 1554 1555 1557 1558 1559 1561 1562 1563 1565 1566 1568 -1
111: -1
112: -1
113: -1
114: -1
115: 287 290 306 308 959 1438 1614 1623 -1
116: -1
117: -1
118: -1
119: -1
120: 1741 -1
121: -1
122: -1
123: -1
124: 95 -1
125: -1
126: -1
127: 0 451 -1
128: 665 -1
129: 513 -1
130: 151 153 167 174 179 253 392 436 -1
131: -1
132: -1
133: -1
134: -1
135: -1
136: -1
137: 133 670 -1
138: -1
139: -1
140: 20 436 782 -1
141: -1
142: 273 -1
143: -1
144: -1
145: -1
146: 49 -1
147: -1
148: -1
149: 1582 -1
150: -1
151: -1
152: -1
153: -1
154: -1
155: -1
156: -1
157: -1
158: -1
159: -1
160: -1
161: -1
162: 385 -1
163: 436 -1
164: -1
165: -1
166: -1
167: -1
168: -1
169: -1
170: 27 91 151 153 174 175 177 261 914 -1
171: -1
172: -1
173: -1
174: 27 44 64 153 162 167 170 179 204 249 253 258 261 340 365 372 436 448 658 660 661 914 1303 1313 -1
175: -1
176: -1
177: -1
178: -1
179: -1
180: -1
181: -1
182: 2 -1
183: 2 182 491 1257 -1
184: 2 182 183 185 188 189 491 1535 -1
185: 2 182 491 -1
186: 2 182 491 1257 -1
187: 2 182 183 185 188 189 491 1535 -1
188: 2 182 491 1257 -1
189: 2 182 491 1257 -1
190: -1
191: -1
192: -1
193: -1
194: -1
195: -1
196: -1
197: -1
198: -1
199: -1
200: -1
201: -1
202: -1
203: -1
204: -1
205: -1
206: -1
207: -1
208: -1
209: -1
210: -1
211: -1
212: -1
213: -1
214: -1
215: -1
216: 169 209 308 -1
217: -1
218: -1
219: -1
220: -1
221: -1
222: 7 11 36 115 116 133 156 167 171 181 193 202 218 223 235 237 238 262 277 282 284 293 295 296 298 299 300 301 303 305 312 317 318 320 355 361 366 367 368 383 402 428 429 430 431 432 433 434 435 448 450 451 502 661 662 667 670 775 776 782 805 831 842 902 953 954 964 1039 1298 1299 1300 1303 1304 1306 1309 1313 1321 1325 1390 1404 1411 1419 1421 1423 1432 1434 1439 1580 1611 1617 1618 1623 1626 1627 1630 1633 1693 1700 -1
223: 3 156 238 262 361 450 833 956 963 1064 1299 1303 1305 1312 1313 1410 -1
224: 156 -1
225: 156 -1
226: 156 -1
227: 156 -1
228: 3 156 259 1064 -1
229: 3 153 156 1064 1444 -1
230: 3 179 235 238 1064 -1
231: 156 -1
232: 153 156 230 242 1444 -1
233: 156 -1
234: 3 167 181 193 196 202 242 260 288 295 306 318 413 420 437 450 917 1064 1302 1412 -1
235: -1
236: -1
237: -1
238: -1
239: -1
240: -1
241: -1
242: -1
243: -1
244: -1
245: -1
246: -1
247: -1
248: -1
249: -1
250: -1
251: -1
252: -1
253: -1
254: -1
255: 204 259 279 301 1322 1514 -1
256: -1
257: -1
258: -1
259: -1
260: -1
261: -1
262: -1
263: -1
264: 465 -1
265: -1
266: -1
267: -1
268: -1
269: -1
270: -1
271: -1
272: -1
273: -1
274: -1
275: -1
276: -1
277: -1
278: -1
279: -1
280: -1
281: -1
282: 238 253 306 308 372 382 830 1299 1303 1312 1313 1316 1331 -1
283: 146 168 295 306 315 481 482 485 775 827 -1
284: -1
285: -1
286: -1
287: -1
288: -1
289: -1
290: -1
291: -1
292: -1
293: -1
294: -1
295: -1
296: -1
297: -1
298: -1
299: -1
300: -1
301: -1
302: -1
303: -1
304: -1
305: -1
306: -1
307: -1
308: -1
309: -1
310: -1
311: -1
312: -1
313: -1
314: -1
315: -1
316: -1
317: -1
318: -1
319: -1
320: -1
321: -1
322: -1
323: -1
324: -1
325: -1
326: -1
327: -1
328: -1
329: -1
330: -1
331: -1
332: -1
333: 113 138 190 191 197 200 206 217 265 271 322 331 369 374 375 406 421 425 426 455 915 1015 1580 1581 1582 1659 1660 1661 1662 1663 1664 1665 1666 1667 1668 1669 1670 1671 1672 1673 1674 1675 1679 1680 1681 1682 1683 1684 -1
334: -1
335: 1052 -1
336: 7 -1
337: 7 -1
338: 7 -1
339: 7 -1
340: 7 167 436 517 -1
341: 7 -1
342: 7 -1
343: 7 -1
344: 7 48 91 153 174 176 181 238 242 290 306 393 658 1050 1303 1311 1313 1433 1440 1442 -1
345: 7 -1
346: 7 -1
347: 7 -1
348: 7 -1
349: 7 -1
350: 7 -1
351: 7 -1
352: 7 174 359 658 -1
353: 7 147 161 371 480 -1
354: 7 64 153 174 179 230 261 -1
355: 7 153 -1
356: 7 25 174 273 658 -1
357: 7 451 -1
358: 7 363 364 377 378 381 387 436 451 452 -1
359: -1
360: 452 1052 -1
361: -1
362: -1
363: -1
364: 11 20 30 61 85 132 165 166 167 202 209 247 249 250 256 258 270 273 274 299 306 318 359 361 366 367 368 373 375 386 406 412 450 460 517 660 775 782 878 908 916 1179 1203 1316 1442 -1
365: -1
366: -1
367: -1
368: -1
369: 374 -1
370: -1
371: -1
372: -1
373: -1
374: -1
375: -1
376: -1
377: -1
378: -1
379: -1
380: -1
381: -1
382: -1
383: -1
384: -1
385: -1
386: -1
387: -1
388: -1
389: -1
390: -1
391: -1
392: -1
393: -1
394: 238 1630 -1
395: 193 217 -1
396: -1
397: 8 167 308 398 399 400 -1
398: -1
399: -1
400: -1
401: -1
402: -1
403: -1
404: -1
405: -1
406: -1
407: -1
408: -1
409: -1
410: -1
411: -1
412: -1
413: -1
414: -1
415: -1
416: -1
417: -1
418: -1
419: -1
420: -1
421: -1
422: -1
423: -1
424: -1
425: -1
426: -1
427: 12 400 430 431 432 433 -1
428: -1
429: 456 -1
430: -1
431: -1
432: -1
433: -1
434: -1
435: -1
436: 27 64 132 153 158 162 174 175 180 197 204 238 256 483 888 1582 -1
437: -1
438: 14 441 442 443 444 447 453 454 461 1051 1529 -1
439: 14 1051 -1
440: 14 1051 -1
441: 782 -1
442: -1
443: -1
444: -1
445: -1
446: -1
447: -1
448: -1
449: -1
450: 95 124 513 -1
451: -1
452: -1
453: -1
454: -1
455: 411 -1
456: -1
457: 451 -1
458: -1
459: -1
460: -1
461: -1
462: -1
463: -1
464: 18 238 -1
465: -1
466: -1
467: -1
468: 245 257 -1
469: -1
470: 15 472 473 474 475 -1
471: 15 -1
472: -1
473: -1
474: -1
475: -1
476: -1
477: -1
478: -1
479: -1
480: -1
481: -1
482: -1
483: -1
484: 17 -1
485: 17 150 -1
486: 17 48 -1
487: 17 42 135 160 209 409 451 488 489 850 851 852 853 854 855 856 858 860 861 865 866 867 869 870 871 872 873 874 875 876 877 881 882 883 893 937 1416 -1
488: -1
489: -1
490: -1
491: 183 189 -1
492: 18 20 98 275 1454 1545 1546 1547 1548 1549 1551 1552 1553 1554 1555 1557 1558 1559 1561 1605 -1
493: 18 -1
494: 18 30 61 95 124 450 -1
495: 18 153 164 179 204 301 306 308 318 1322 1419 1440 -1
496: -1
497: 19 -1
498: 19 -1
499: 19 -1
500: 19 -1
501: 19 -1
502: 19 104 204 255 257 284 285 287 288 290 291 292 293 294 295 297 299 300 302 304 305 306 308 309 310 311 313 314 315 316 317 318 319 320 775 830 1419 1429 -1
503: 19 83 204 970 1316 1437 1438 -1
504: -1
505: 20 -1
506: 20 -1
507: 20 -1
508: 20 -1
509: 20 -1
510: 20 -1
511: 20 -1
512: 20 273 665 -1
513: 20 -1
514: 20 273 -1
515: 20 -1
516: 20 98 120 133 275 407 450 463 464 468 513 665 670 1260 1545 1546 1547 1548 1549 1551 1552 1553 1554 -1
517: 20 -1
518: 20 29 133 167 448 513 670 -1
519: 20 -1
520: 20 167 -1
521: 20 158 167 245 -1
522: 20 105 -1
523: 20 95 124 176 392 436 513 -1
524: 20 167 -1
525: 20 167 -1
526: 20 167 513 -1
527: 20 167 -1
528: 20 167 -1
529: 20 -1
530: -1
531: -1
532: -1
533: -1
534: -1
535: -1
536: -1
537: -1
538: -1
539: -1
540: -1
541: -1
542: 540 547 549 550 551 552 553 554 555 556 557 558 559 560 561 562 563 564 565 566 567 568 569 570 571 572 573 574 576 577 578 579 580 581 582 583 584 585 586 587 588 600 601 602 603 604 -1
543: 21 34 530 531 532 533 534 535 536 537 538 539 540 541 546 547 549 550 551 552 553 554 555 556 557 558 559 560 561 562 563 564 565 566 567 568 569 570 571 572 573 574 575 576 577 578 579 580 581 582 583 584 585 586 587 588 589 590 591 592 593 594 595 596 597 598 599 600 601 602 603 604 605 806 807 811 812 -1
544: 34 806 807 811 812 1436 -1
545: 540 547 549 550 551 552 553 554 555 556 557 558 559 560 561 562 563 564 565 566 567 568 569 570 571 572 573 574 576 577 578 579 580 581 582 583 584 585 586 587 588 600 601 602 603 604 -1
546: -1
547: 542 -1
548: 21 530 533 534 535 536 537 538 539 540 547 549 550 551 552 553 554 555 556 557 558 559 560 561 562 563 564 565 566 567 568 569 570 571 572 573 574 575 576 577 578 579 580 581 582 583 584 585 586 587 588 589 594 595 596 601 602 603 604 605 -1
549: -1
550: -1
551: -1
552: -1
553: -1
554: -1
555: -1
556: -1
557: -1
558: -1
559: -1
560: -1
561: -1
562: -1
563: -1
564: -1
565: -1
566: -1
567: -1
568: -1
569: -1
570: -1
571: -1
572: -1
573: -1
574: -1
575: -1
576: -1
577: -1
578: -1
579: -1
580: -1
581: -1
582: -1
583: -1
584: -1
585: -1
586: -1
587: -1
588: -1
589: -1
590: -1
591: -1
592: -1
593: -1
594: -1
595: -1
596: -1
597: -1
598: -1
599: -1
600: 542 -1
601: -1
602: -1
603: -1
604: -1
605: -1
606: 22 72 607 608 609 610 611 612 613 614 615 616 617 618 619 620 621 622 623 624 625 626 627 628 629 630 631 632 633 634 635 636 637 638 639 640 -1
607: -1
608: -1
609: -1
610: -1
611: -1
612: -1
613: -1
614: -1
615: -1
616: -1
617: -1
618: -1
619: -1
620: -1
621: -1
622: -1
623: -1
624: -1
625: -1
626: -1
627: -1
628: -1
629: -1
630: -1
631: -1
632: -1
633: -1
634: -1
635: -1
636: -1
637: -1
638: -1
639: -1
640: -1
641: -1
642: -1
643: 646 647 -1
644: 24 104 204 826 1533 1534 -1
645: 24 648 -1
646: -1
647: -1
648: -1
649: 1459 -1
650: 25 370 -1
651: -1
652: -1
653: -1
654: -1
655: -1
656: -1
657: -1
658: -1
659: -1
660: -1
661: -1
662: -1
663: -1
664: -1
665: 1302 -1
666: -1
667: -1
668: 1442 -1
669: 27 436 -1
670: 27 170 179 340 436 -1
671: 27 64 153 167 174 176 383 392 436 479 -1
672: 27 30 61 148 153 174 176 180 242 256 376 436 451 452 1052 -1
673: 27 436 -1
674: 28 93 675 677 680 681 682 683 684 685 686 687 688 689 690 691 692 693 694 695 696 697 698 701 703 705 706 712 714 716 717 718 719 720 722 724 725 726 727 728 729 730 731 732 733 734 735 736 740 741 742 743 744 745 746 748 749 750 752 753 754 755 757 758 759 761 762 763 764 765 766 767 768 769 770 771 774 1466 1467 1468 1469 1470 1471 1472 1473 1474 1475 1476 1477 1478 1479 1480 1481 1482 1483 1484 1485 1486 1487 1488 1489 1490 1491 1492 1493 1494 1495 1496 1497 1498 1499 1500 1501 1502 1503 1504 1505 1506 1507 1508 1509 1510 -1
675: 93 -1
676: 28 677 728 731 774 -1
677: 93 -1
678: 28 93 -1
679: 28 -1
680: 93 -1
681: 93 -1
682: 93 -1
683: 93 -1
684: 93 -1
685: 93 -1
686: 93 -1
687: 93 -1
688: 93 -1
689: 93 -1
690: 93 -1
691: 93 -1
692: 93 -1
693: 93 -1
694: 93 -1
695: 93 -1
696: 93 -1
697: 93 -1
698: 93 -1
699: 28 684 698 1467 1494 -1
700: 28 680 681 682 683 684 685 686 687 688 689 690 691 692 693 694 695 696 698 704 705 712 714 719 759 774 1482 1485 1486 1487 1488 1492 1494 1495 1496 1497 1498 1499 1500 1501 1502 1503 1504 1505 -1
701: 93 -1
702: 28 757 -1
703: -1
704: -1
705: 93 -1
706: 93 -1
707: 28 774 -1
708: 28 827 1610 1617 -1
709: 28 290 827 -1
710: 28 290 1612 -1
711: 28 -1
712: -1
713: 28 684 689 690 698 1494 -1
714: -1
715: 28 -1
716: 28 93 674 675 706 727 728 729 730 731 732 733 734 735 736 741 742 743 744 745 746 748 749 750 752 753 754 755 757 758 759 761 762 763 764 765 766 767 769 770 771 774 1466 1467 1468 1469 1470 1471 1472 1473 1474 1475 1476 1477 1478 1479 1480 1481 1483 1489 1490 1507 1508 1509 1510 -1
717: 93 -1
718: 93 -1
719: 93 -1
720: 93 -1
721: 93 -1
722: -1
723: 28 93 732 774 1474 -1
724: 93 -1
725: 93 -1
726: -1
727: 93 -1
728: -1
729: 93 -1
730: 93 -1
731: 93 -1
732: 93 -1
733: 93 -1
734: 93 -1
735: 93 -1
736: 93 -1
737: 28 93 675 706 727 728 729 730 731 732 733 734 735 736 741 742 743 744 745 746 748 749 750 752 753 754 755 757 758 759 761 762 763 764 765 766 767 769 770 771 774 1466 1467 1468 1469 1470 1471 1472 1473 1474 1475 1476 1477 1478 1479 1480 1481 1483 1489 1490 1507 1508 1509 1510 -1
738: 93 -1
739: 93 -1
740: 28 93 675 706 727 728 729 730 731 732 733 734 735 736 741 742 743 744 745 746 748 749 750 752 753 754 755 757 758 759 761 762 763 764 765 766 767 769 770 771 774 1466 1467 1468 1469 1470 1471 1472 1473 1474 1475 1476 1477 1478 1479 1480 1481 1483 1489 1490 1507 1508 1509 1510 -1
741: 93 -1
742: 93 -1
743: 93 -1
744: 93 -1
745: 93 -1
746: 93 -1
747: 28 93 675 706 727 728 729 730 731 732 733 734 735 736 741 742 743 744 745 746 748 749 750 752 753 754 755 757 758 759 761 762 763 764 765 766 767 769 770 771 774 1466 1467 1468 1469 1470 1471 1472 1473 1474 1475 1476 1477 1478 1479 1480 1481 1483 1489 1490 1507 1508 1509 1510 -1
748: 93 -1
749: 93 -1
750: 93 -1
751: 28 93 675 706 727 728 729 730 731 732 733 734 735 736 741 742 743 744 745 746 748 749 750 752 753 754 755 757 758 759 761 762 763 764 765 766 767 769 770 771 774 1466 1467 1468 1469 1470 1471 1472 1473 1474 1475 1476 1477 1478 1479 1480 1481 1483 1489 1490 1507 1508 1509 1510 -1
752: 93 -1
753: 93 -1
754: 93 -1
755: 93 -1
756: 28 93 675 706 727 728 729 730 731 732 733 734 735 736 741 742 743 744 745 746 748 749 750 752 753 754 755 757 758 759 761 762 763 764 765 766 767 769 770 771 774 1466 1467 1468 1469 1470 1471 1472 1473 1474 1475 1476 1477 1478 1479 1480 1481 1483 1489 1490 1507 1508 1509 1510 -1
757: 93 -1
758: 93 -1
759: 93 -1
760: 28 93 675 706 727 728 729 730 731 732 733 734 735 736 741 742 743 744 745 746 748 749 750 752 753 754 755 757 758 759 761 762 763 764 765 766 767 769 770 771 774 1466 1467 1468 1469 1470 1471 1472 1473 1474 1475 1476 1477 1478 1479 1480 1481 1483 1489 1490 1507 1508 1509 1510 -1
761: 93 -1
762: 93 -1
763: 93 -1
764: 93 -1
765: 93 -1
766: 93 -1
767: 93 -1
768: 28 93 675 706 727 728 729 730 731 732 733 734 735 736 741 742 743 744 745 746 748 749 750 752 753 754 755 757 758 759 761 762 763 764 765 766 767 769 770 771 774 1466 1467 1468 1469 1470 1471 1472 1473 1474 1475 1476 1477 1478 1479 1480 1481 1483 1489 1490 1507 1508 1509 1510 -1
769: 93 -1
770: 93 -1
771: 93 -1
772: 28 -1
773: 28 675 718 719 727 728 729 730 732 774 1485 1486 1491 1492 -1
774: -1
775: -1
776: -1
777: 133 134 142 256 273 301 406 450 455 459 478 496 665 670 909 914 1260 -1
778: 29 -1
779: 29 134 -1
780: 29 -1
781: 190 202 209 245 288 301 306 308 318 361 368 450 805 836 877 1302 1303 1313 1623 -1
782: -1
783: -1
784: 31 783 792 -1
785: 31 783 792 -1
786: 31 783 792 -1
787: 31 783 792 -1
788: 31 783 792 -1
789: 31 783 792 -1
790: 31 -1
791: 31 -1
792: -1
793: 32 85 797 798 799 800 801 802 803 1435 -1
794: 318 -1
795: 651 878 -1
796: 32 204 804 1620 -1
797: 306 -1
798: 153 158 180 235 261 1302 -1
799: -1
800: -1
801: -1
802: -1
803: -1
804: -1
805: 33 -1
806: -1
807: -1
808: -1
809: 34 806 807 808 811 812 -1
810: 34 807 808 811 812 -1
811: -1
812: -1
813: 34 807 811 812 -1
814: 34 806 807 811 812 -1
815: 34 806 807 811 812 -1
816: 34 546 547 600 806 807 811 812 -1
817: 450 -1
818: 236 276 278 279 280 281 -1
819: -1
820: -1
821: 826 -1
822: -1
823: 1623 -1
824: -1
825: -1
826: -1
827: -1
828: -1
829: 308 827 832 952 989 1405 1422 1425 1430 1434 1436 1437 1439 1623 -1
830: -1
831: -1
832: -1
833: -1
834: 826 -1
835: -1
836: -1
837: -1
838: 1623 -1
839: 164 266 1301 1419 1433 -1
840: 826 -1
841: -1
842: 39 -1
843: 39 -1
844: 40 846 847 -1
845: 1423 -1
846: -1
847: -1
848: 41 -1
849: 42 850 852 853 854 856 858 859 860 861 862 864 865 868 885 895 896 -1
850: 306 -1
851: -1
852: -1
853: -1
854: -1
855: -1
856: -1
857: -1
858: -1
859: -1
860: -1
861: -1
862: -1
863: -1
864: -1
865: -1
866: -1
867: -1
868: -1
869: -1
870: -1
871: -1
872: -1
873: -1
874: -1
875: -1
876: -1
877: -1
878: -1
879: 42 850 852 853 854 855 856 857 858 859 860 861 862 864 865 866 867 869 871 874 875 876 877 878 893 -1
880: 42 853 854 855 856 857 858 859 860 861 862 864 865 867 869 870 871 872 873 876 878 881 893 -1
881: -1
882: -1
883: -1
884: -1
885: -1
886: -1
887: -1
888: 42 51 142 177 238 279 297 301 306 385 950 956 958 1409 1620 -1
889: 42 385 888 1421 -1
890: 42 -1
891: 42 204 290 1613 -1
892: 42 853 855 856 858 860 861 -1
893: -1
894: -1
895: -1
896: -1
897: 42 850 851 852 853 854 855 856 857 858 859 860 861 862 863 864 865 866 867 868 869 870 871 872 873 874 875 876 877 878 885 893 894 896 -1
898: 42 851 853 854 855 856 857 858 859 860 861 862 863 864 866 869 870 871 872 873 874 876 877 878 885 -1
899: 42 851 853 854 855 856 857 858 859 860 861 862 863 864 869 870 871 872 873 878 885 -1
900: 42 851 856 859 860 863 864 868 869 870 871 873 884 886 894 -1
901: 43 76 90 104 829 832 989 1425 1438 1439 -1
902: -1
903: 44 910 -1
904: 44 -1
905: 44 -1
906: 44 -1
907: 44 -1
908: 44 -1
909: -1
910: -1
911: -1
912: -1
913: -1
914: -1
915: -1
916: -1
917: -1
918: 45 53 146 148 168 176 308 481 482 483 485 878 1179 1302 -1
919: 45 -1
920: 45 -1
921: 45 153 245 308 418 422 425 1302 -1
922: 45 301 396 -1
923: 45 925 -1
924: 45 925 -1
925: -1
926: 46 933 -1
927: 46 933 -1
928: 46 933 -1
929: 46 933 -1
930: 46 927 933 -1
931: 46 933 -1
932: 46 924 933 1015 1388 -1
933: 926 -1
934: 47 937 940 -1
935: -1
936: -1
937: -1
938: -1
939: -1
940: -1
941: -1
942: -1
943: -1
944: 945 -1
945: 47 935 936 938 939 941 942 943 944 -1
946: 49 -1
947: 1304 1306 -1
948: 1304 1306 -1
949: 1304 1306 -1
950: 967 -1
951: 51 177 385 950 956 958 963 -1
952: -1
953: 204 1309 -1
954: 148 154 202 223 238 257 299 300 306 319 320 450 826 1303 1304 1306 1312 1313 1324 1434 1439 1442 -1
955: 176 308 967 1303 1313 1627 -1
956: 960 965 -1
957: 306 967 -1
958: -1
959: -1
960: -1
961: -1
962: -1
963: -1
964: -1
965: -1
966: -1
967: 852 -1
968: -1
969: 263 301 -1
970: -1
971: 52 286 457 946 979 980 -1
972: 238 455 -1
973: 52 286 457 946 972 979 980 -1
974: 52 286 457 946 972 979 980 -1
975: 52 286 457 946 972 979 980 -1
976: 52 286 457 946 972 979 980 -1
977: 52 286 -1
978: 52 286 457 946 979 980 -1
979: -1
980: -1
981: 53 -1
982: 53 983 -1
983: 53 -1
984: 53 -1
985: 53 -1
986: -1
987: 54 55 209 986 1630 -1
988: 54 55 986 -1
989: -1
990: -1
991: -1
992: -1
993: -1
994: -1
995: -1
996: -1
997: -1
998: -1
999: -1
1000: -1
1001: -1
1002: -1
1003: -1
1004: -1
1005: -1
1006: -1
1007: -1
1008: 56 990 991 992 993 994 995 996 997 998 999 1000 1001 1002 1003 1004 1005 1006 1007 1009 1010 1011 -1
1009: -1
1010: -1
1011: -1
1012: -1
1013: 58 -1
1014: 404 412 478 488 1318 -1
1015: 191 -1
1016: -1
1017: 1015 1174 1177 -1
1018: 59 70 1016 1017 1076 1176 1178 -1
1019: -1
1020: -1
1021: -1
1022: -1
1023: -1
1024: -1
1025: -1
1026: -1
1027: 60 1020 1022 1023 1024 1025 1026 1031 1032 1033 1034 1035 1036 1037 -1
1028: 60 1020 1022 1023 1024 1025 1026 1031 1032 1033 1034 1035 1036 1037 -1
1029: 60 1020 1022 1023 1024 1025 1026 1031 1032 1033 1034 1035 1036 1037 -1
1030: 60 1020 1021 1022 1023 1024 1025 1026 1031 1032 1033 1034 1035 1036 1037 -1
1031: -1
1032: -1
1033: -1
1034: -1
1035: -1
1036: -1
1037: -1
1038: 62 368 372 1039 1421 -1
1039: 1038 1040 1041 1042 1043 -1
1040: 62 1039 -1
1041: 62 1039 -1
1042: 62 1039 -1
1043: 62 1039 -1
1044: 62 290 295 318 320 372 1298 1300 1418 1430 1623 -1
1045: 63 140 841 1319 -1
1046: 63 140 841 1319 -1
1047: 63 140 841 1319 -1
1048: 63 -1
1049: 63 -1
1050: -1
1051: -1
1052: -1
1053: 64 1063 1065 -1
1054: 64 1063 1065 -1
1055: 64 1063 1065 -1
1056: 64 1063 1065 -1
1057: 64 1063 1065 -1
1058: 64 1063 1065 -1
1059: 64 1063 1065 -1
1060: 64 1061 1062 1063 1065 -1
1061: 64 1063 1065 -1
1062: 64 1063 1065 -1
1063: -1
1064: 64 -1
1065: -1
1066: 64 1063 1065 -1
1067: 64 1063 1065 -1
1068: 64 1063 1065 -1
1069: 64 1063 1065 -1
1070: 64 1063 1065 -1
1071: 64 1063 1065 -1
1072: 64 1063 1065 -1
1073: 64 1063 1065 -1
1074: 64 1063 1065 -1
1075: 64 1063 1065 -1
1076: 64 1063 1065 -1
1077: 64 1063 1065 -1
1078: 64 1063 1065 -1
1079: 64 1063 1065 -1
1080: 64 1063 1065 -1
1081: 64 1063 1065 -1
1082: 64 1063 1065 -1
1083: 64 1063 1065 -1
1084: 64 1063 1065 -1
1085: 250 295 878 -1
1086: -1
1087: -1
1088: -1
1089: -1
1090: -1
1091: -1
1092: -1
1093: -1
1094: -1
1095: -1
1096: -1
1097: -1
1098: -1
1099: -1
1100: -1
1101: -1
1102: -1
1103: -1
1104: -1
1105: -1
1106: -1
1107: -1
1108: -1
1109: -1
1110: -1
1111: -1
1112: -1
1113: -1
1114: -1
1115: 65 1086 1087 1088 1089 1090 1091 1092 1093 1094 1095 1096 1097 1098 1099 1100 1101 1102 1103 1104 1105 1106 1107 1108 1109 1110 1111 1112 1113 1114 -1
1116: 65 1086 1087 1088 1089 1090 1091 1092 1093 1094 1095 1096 1097 1098 1099 1100 1101 1102 1103 1104 1105 1106 1107 1108 1109 1110 1111 1112 1113 1114 -1
1117: 65 1086 1087 1088 1089 1090 1091 1092 1093 1094 1095 1096 1097 1098 1099 1100 1101 1102 1103 1104 1105 1106 1107 1108 1109 1110 1111 1112 1113 1114 -1
1118: 66 -1
1119: -1
1120: 68 -1
1121: 68 -1
1122: 455 -1
1123: -1
1124: -1
1125: -1
1126: -1
1127: -1
1128: -1
1129: -1
1130: -1
1131: -1
1132: -1
1133: -1
1134: -1
1135: 69 1165 1166 1167 1168 1169 1170 1171 1172 1173 -1
1136: 69 1165 1166 1167 1168 1169 1170 1171 1172 -1
1137: 69 1165 1166 1167 1168 1169 1170 1171 1172 -1
1138: 69 1165 1166 1167 1168 1169 1170 1171 1172 -1
1139: 69 1165 1166 1167 1168 1169 1170 1171 1172 -1
1140: 69 1165 1166 1167 1168 1169 1170 1171 1172 -1
1141: 69 1165 1166 1167 1168 1169 1170 1171 1172 -1
1142: -1
1143: -1
1144: -1
1145: -1
1146: -1
1147: -1
1148: -1
1149: -1
1150: -1
1151: -1
1152: -1
1153: -1
1154: -1
1155: -1
1156: -1
1157: -1
1158: 69 1165 1166 1167 1168 1169 1170 1171 1172 -1
1159: -1
1160: -1
1161: -1
1162: -1
1163: -1
1164: 69 1123 1124 1125 1126 1127 1128 1129 1130 1131 1132 1133 1134 1142 1143 1144 1145 1146 1147 1148 1149 1150 1151 1152 1153 1154 1155 1156 1157 1159 1160 1161 1162 1163 1165 1166 1167 1168 1169 1170 1171 1172 1443 -1
1165: -1
1166: -1
1167: -1
1168: -1
1169: -1
1170: -1
1171: -1
1172: -1
1173: -1
1174: 70 1176 -1
1175: 70 -1
1176: -1
1177: 70 1176 -1
1178: -1
1179: -1
1180: 71 1181 1183 1184 1185 1186 -1
1181: -1
1182: 71 1181 1183 1184 1185 1186 -1
1183: -1
1184: -1
1185: -1
1186: -1
1187: 71 217 1181 1183 1184 1185 1186 1188 -1
1188: -1
1189: -1
1190: -1
1191: 1196 -1
1192: -1
1193: -1
1194: 662 1195 1196 -1
1195: 73 1190 1192 1193 1201 -1
1196: 73 1190 1192 1193 1201 -1
1197: 73 1190 1192 1193 1201 -1
1198: 73 1190 1192 1193 1201 -1
1199: 73 1190 1192 1193 1201 -1
1200: 73 1190 1192 1193 1201 -1
1201: -1
1202: 74 1203 -1
1203: -1
1204: 75 108 -1
1205: 75 108 -1
1206: 203 -1
1207: 77 -1
1208: 78 -1
1209: 78 -1
1210: 78 -1
1211: 78 -1
1212: 78 -1
1213: 78 -1
1214: 78 -1
1215: 78 -1
1216: 78 -1
1217: 78 -1
1218: 78 -1
1219: 78 -1
1220: 78 -1
1221: 78 -1
1222: 78 -1
1223: 78 -1
1224: 78 -1
1225: 78 -1
1226: 78 -1
1227: 78 -1
1228: 78 -1
1229: 78 -1
1230: 78 -1
1231: 78 -1
1232: 78 -1
1233: 78 -1
1234: 78 -1
1235: 79 123 1236 1808 1809 1815 1816 1887 1973 2042 2073 2108 2120 -1
1236: -1
1237: -1
1238: -1
1239: -1
1240: -1
1241: -1
1242: 1459 -1
1243: 306 1249 -1
1244: 165 209 280 288 309 405 660 665 951 962 1189 1249 1423 -1
1245: 1249 -1
1246: 405 1249 -1
1247: 1249 -1
1248: 1249 -1
1249: 81 1246 1248 1251 1255 1256 1418 1616 1631 -1
1250: 1249 -1
1251: 1249 -1
1252: 1249 -1
1253: 1249 -1
1254: 1249 -1
1255: -1
1256: -1
1257: 455 925 -1
1258: -1
1259: -1
1260: -1
1261: 83 259 1300 1309 1322 1433 -1
1262: 83 483 1303 1313 1322 1440 -1
1263: 137 177 259 295 296 301 393 839 955 1261 1302 1312 1627 -1
1264: 176 1302 1440 -1
1265: 204 1433 -1
1266: 83 142 284 290 471 826 836 -1
1267: 245 262 1418 1437 -1
1268: 204 1433 -1
1269: -1
1270: 83 104 204 284 290 321 826 1302 1303 1313 1436 -1
1271: 83 164 301 1322 -1
1272: 83 176 204 290 301 306 827 1322 1620 -1
1273: 83 204 296 1325 1327 -1
1274: 83 1437 -1
1275: 83 164 176 180 204 259 295 300 301 314 315 318 483 955 1302 1303 1313 1320 1322 1430 1437 1440 -1
1276: 83 176 292 306 318 359 483 955 1320 1437 -1
1277: 83 290 -1
1278: 83 1303 1313 -1
1279: 83 -1
1280: 83 -1
1281: 204 259 290 301 308 314 1322 1433 -1
1282: 259 1433 -1
1283: 164 204 259 301 955 1261 1271 1303 1313 1317 1322 1433 -1
1284: 204 -1
1285: 204 -1
1286: 204 259 301 471 955 1261 1312 1320 1322 1433 -1
1287: 164 176 204 238 259 301 308 471 887 955 1261 1271 1317 1320 1322 1433 -1
1288: 204 253 301 308 471 504 955 1261 1322 1433 -1
1289: 204 290 -1
1290: 204 308 -1
1291: 204 259 1271 1433 -1
1292: 204 259 471 1433 -1
1293: 204 290 -1
1294: 164 204 308 1300 1433 -1
1295: 204 -1
1296: 204 -1
1297: 204 -1
1298: -1
1299: -1
1300: 176 -1
1301: -1
1302: -1
1303: -1
1304: -1
1305: -1
1306: -1
1307: -1
1308: -1
1309: -1
1310: -1
1311: 204 436 483 1303 1313 1440 1533 -1
1312: -1
1313: -1
1314: -1
1315: -1
1316: -1
1317: -1
1318: -1
1319: 176 -1
1320: -1
1321: 308 1300 1312 1430 -1
1322: -1
1323: -1
1324: -1
1325: -1
1326: -1
1327: 204 238 296 775 1325 -1
1328: 316 775 872 878 -1
1329: 418 422 1275 1303 1313 -1
1330: 84 -1
1331: 86 287 308 874 -1
1332: 86 -1
1333: 86 -1
1334: 86 -1
1335: 86 -1
1336: 86 -1
1337: 86 -1
1338: 86 -1
1339: 86 -1
1340: 86 -1
1341: 86 -1
1342: 86 -1
1343: 86 -1
1344: 86 -1
1345: 86 288 296 -1
1346: 87 1347 1348 1349 1350 1351 1352 1354 1357 1358 1359 1360 1361 1362 1363 1364 1365 1366 1367 1368 1369 1370 1371 1372 1373 1374 1375 1376 1377 1384 -1
1347: -1
1348: -1
1349: -1
1350: -1
1351: -1
1352: -1
1353: 87 1347 1348 1349 1350 1351 1352 1354 1355 1356 1357 1368 1377 1384 -1
1354: -1
1355: -1
1356: -1
1357: -1
1358: -1
1359: -1
1360: -1
1361: -1
1362: -1
1363: -1
1364: -1
1365: -1
1366: -1
1367: -1
1368: -1
1369: -1
1370: -1
1371: -1
1372: -1
1373: -1
1374: -1
1375: -1
1376: -1
1377: -1
1378: 87 1347 1348 1349 1350 1351 1352 1354 1368 1377 1384 -1
1379: 87 1347 1348 1349 1350 1351 1352 1354 1368 1377 1384 -1
1380: 87 1347 1348 1349 1350 1351 1352 1354 1368 1377 1384 -1
1381: 87 1347 1348 1349 1350 1351 1352 1354 1368 1377 1384 -1
1382: 87 1347 1348 1349 1350 1351 1352 1354 1368 1377 1384 -1
1383: 87 1347 1348 1349 1350 1351 1352 1354 1357 1368 1377 1384 -1
1384: -1
1385: 169 -1
1386: 88 -1
1387: -1
1388: -1
1389: 306 372 878 1424 -1
1390: -1
1391: 89 112 -1
1392: 89 112 -1
1393: 89 112 -1
1394: 89 112 -1
1395: 89 112 -1
1396: 89 112 -1
1397: 89 112 -1
1398: 89 112 -1
1399: 89 112 -1
1400: 89 112 -1
1401: 89 -1
1402: 89 -1
1403: 89 -1
1404: 90 104 269 828 829 830 832 952 1405 1437 -1
1405: 90 -1
1406: 90 104 832 1434 -1
1407: 204 1431 -1
1408: -1
1409: -1
1410: -1
1411: -1
1412: -1
1413: -1
1414: -1
1415: -1
1416: -1
1417: -1
1418: -1
1419: -1
1420: -1
1421: -1
1422: -1
1423: -1
1424: -1
1425: -1
1426: -1
1427: -1
1428: -1
1429: -1
1430: -1
1431: -1
1432: -1
1433: 164 238 259 274 290 301 306 308 450 800 955 1261 1300 1303 1309 1313 1320 1322 1410 1424 1430 1437 1613 -1
1434: -1
1435: -1
1436: -1
1437: 308 -1
1438: -1
1439: -1
1440: 483 661 1302 1303 1311 1313 -1
1441: 91 -1
1442: -1
1443: -1
1444: -1
1445: 1461 1462 -1
1446: -1
1447: -1
1448: -1
1449: -1
1450: -1
1451: -1
1452: -1
1453: -1
1454: 92 153 180 340 376 436 452 483 661 1052 1451 1453 1567 1605 -1
1455: -1
1456: -1
1457: -1
1458: 92 134 169 209 334 373 404 425 449 459 665 915 922 1015 1445 1446 1447 1448 1449 1450 1451 1452 1453 1455 1456 1457 1618 1680 1681 -1
1459: 92 1445 1446 1447 1448 1449 1450 1451 1452 1453 1455 1456 1457 -1
1460: 92 1445 1446 1447 1448 1449 1450 1451 1452 1453 1455 1456 1457 1458 1461 1462 -1
1461: 92 1445 1446 1447 1448 1449 1450 1451 1452 1453 1455 1456 1457 -1
1462: 92 1445 1446 1447 1448 1449 1450 1451 1452 1453 1455 1456 1457 -1
1463: 92 1445 1446 1447 1448 1449 1450 1451 1452 1453 1455 1456 1457 -1
1464: 92 1445 1446 1447 1448 1449 1450 1451 1452 1453 1455 1456 1457 1458 -1
1465: 92 1445 1446 1447 1448 1449 1450 1451 1452 1453 1455 1456 1457 1458 -1
1466: 93 -1
1467: 93 -1
1468: 93 -1
1469: 93 -1
1470: 93 -1
1471: 93 -1
1472: 93 -1
1473: 93 -1
1474: 93 -1
1475: 93 -1
1476: 93 -1
1477: 93 -1
1478: 93 -1
1479: 93 -1
1480: 93 -1
1481: 93 -1
1482: 93 -1
1483: 93 -1
1484: 93 -1
1485: 93 -1
1486: 93 -1
1487: 93 -1
1488: 93 -1
1489: 93 -1
1490: 93 -1
1491: 93 -1
1492: 93 -1
1493: 93 -1
1494: 93 -1
1495: 93 -1
1496: 93 -1
1497: 93 -1
1498: 93 -1
1499: 93 -1
1500: 93 -1
1501: 93 -1
1502: 93 -1
1503: 93 -1
1504: 93 -1
1505: 93 -1
1506: 93 -1
1507: 93 -1
1508: 93 -1
1509: 93 -1
1510: 93 -1
1511: 93 -1
1512: 93 -1
1513: 93 -1
1514: -1
1515: 1522 -1
1516: -1
1517: -1
1518: -1
1519: 94 1516 1517 1518 -1
1520: -1
1521: -1
1522: 94 1517 1518 1520 1521 -1
1523: 95 124 -1
1524: 95 124 -1
1525: 95 124 153 174 176 479 -1
1526: 95 124 -1
1527: 95 124 1533 -1
1528: 95 124 -1
1529: 95 124 456 458 1050 -1
1530: 95 -1
1531: 95 -1
1532: 95 -1
1533: 95 -1
1534: 95 -1
1535: 95 -1
1536: 95 -1
1537: 95 164 -1
1538: 95 164 -1
1539: 96 460 1540 -1
1540: -1
1541: 97 1542 -1
1542: -1
1543: -1
1544: -1
1545: -1
1546: -1
1547: -1
1548: -1
1549: -1
1550: 98 1545 1546 1547 1548 1549 1551 1552 1553 -1
1551: -1
1552: -1
1553: -1
1554: -1
1555: -1
1556: 98 665 1543 1544 1545 1546 1547 1548 1549 1551 1552 1553 1554 1555 1557 1558 1559 1561 1562 1563 1565 1566 1568 -1
1557: -1
1558: -1
1559: -1
1560: -1
1561: -1
1562: -1
1563: -1
1564: 98 1545 1546 1547 1548 1549 1551 1552 1553 1554 1555 1557 1558 1559 1560 1561 1562 1563 1565 1566 -1
1565: -1
1566: -1
1567: 98 1545 1546 1547 1548 1549 1551 1552 1553 1554 1555 1557 1558 1559 1561 1562 1563 1565 1566 -1
1568: -1
1569: -1
1570: 1575 -1
1571: -1
1572: 220 455 1427 -1
1573: 99 1576 1577 1578 1579 1587 1588 1589 1590 1591 1595 -1
1574: -1
1575: 99 1569 1571 1572 1574 1576 1577 1578 1579 1587 1588 1589 1590 1591 1595 -1
1576: -1
1577: -1
1578: -1
1579: -1
1580: -1
1581: -1
1582: -1
1583: -1
1584: -1
1585: -1
1586: -1
1587: -1
1588: -1
1589: -1
1590: -1
1591: -1
1592: -1
1593: -1
1594: -1
1595: -1
1596: 100 1597 1598 1599 1600 1601 1602 -1
1597: -1
1598: -1
1599: -1
1600: -1
1601: -1
1602: -1
1603: 101 -1
1604: 101 -1
1605: -1
1606: 103 417 424 446 1263 1418 1630 1717 -1
1607: 103 -1
1608: 104 -1
1609: 104 -1
1610: -1
1611: -1
1612: -1
1613: -1
1614: -1
1615: -1
1616: -1
1617: -1
1618: -1
1619: -1
1620: -1
1621: -1
1622: -1
1623: -1
1624: 142 279 301 385 396 450 1409 1412 -1
1625: -1
1626: -1
1627: -1
1628: 134 -1
1629: -1
1630: -1
1631: -1
1632: -1
1633: -1
1634: 105 248 -1
1635: 1644 1646 -1
1636: -1
1637: -1
1638: -1
1639: -1
1640: 106 1635 1636 1637 1638 1639 -1
1641: 106 1635 1636 1637 1638 1639 -1
1642: 106 138 1635 1636 1637 1638 1639 1646 1697 2187 -1
1643: 106 375 649 1635 1636 1637 1638 1639 -1
1644: 106 1635 1636 1637 1638 1639 -1
1645: 106 375 1635 1636 1637 1638 1639 -1
1646: 106 1635 1636 1637 1638 1639 -1
1647: 106 217 369 374 1635 1636 1637 1638 1639 -1
1648: 106 192 198 210 217 239 272 369 374 375 386 425 456 458 467 646 647 1635 1636 1637 1638 1639 1675 1678 1680 1697 -1
1649: 107 -1
1650: 107 -1
1651: 109 -1
1652: -1
1653: 111 1655 -1
1654: 111 1655 -1
1655: 1653 1654 -1
1656: 112 -1
1657: 112 -1
1658: 112 -1
1659: -1
1660: -1
1661: -1
1662: -1
1663: -1
1664: -1
1665: -1
1666: -1
1667: -1
1668: -1
1669: -1
1670: -1
1671: -1
1672: -1
1673: -1
1674: -1
1675: 113 206 302 1015 1019 1659 1660 1661 1662 1663 1664 1665 1666 1667 1668 1669 1670 1671 1672 1673 1674 1682 1683 1684 -1
1676: 113 206 1659 1660 1661 1662 1663 1664 1665 1666 1667 1668 1669 1670 1671 1672 1673 1674 1682 1683 1684 -1
1677: 113 206 426 1019 1659 1660 1661 1662 1663 1664 1665 1666 1667 1668 1669 1670 1671 1672 1673 1674 1675 1680 1682 1683 1684 -1
1678: 113 206 373 1019 1659 1660 1661 1662 1663 1664 1665 1666 1667 1668 1669 1670 1671 1672 1673 1674 1675 1680 1681 1682 1683 1684 1700 -1
1679: 113 206 1015 1019 1659 1660 1661 1662 1663 1664 1665 1666 1667 1668 1669 1670 1671 1672 1673 1674 1675 1678 1680 1681 1682 1683 1684 -1
1680: 113 206 1019 1464 1465 1635 1659 1660 1661 1662 1663 1664 1665 1666 1667 1668 1669 1670 1671 1672 1673 1674 1681 1682 1683 1684 -1
1681: 113 197 206 239 272 456 458 1581 1640 1641 1659 1660 1661 1662 1663 1664 1665 1666 1667 1668 1669 1670 1671 1672 1673 1674 1675 1680 1682 1683 1684 -1
1682: -1
1683: 200 1675 1680 1681 -1
1684: -1
1685: 113 206 345 464 662 1459 1659 1660 1661 1662 1663 1664 1665 1666 1667 1668 1669 1670 1671 1672 1673 1674 1682 1683 1684 -1
1686: -1
1687: 114 1686 1688 1689 1690 1691 -1
1688: -1
1689: -1
1690: -1
1691: -1
1692: 115 1312 -1
1693: 115 1436 -1
1694: 115 167 290 306 430 450 827 967 1303 1313 1316 1439 1615 1617 -1
1695: 115 294 306 311 393 -1
1696: -1
1697: -1
1698: -1
1699: 116 1696 1697 1698 1700 -1
1700: -1
1701: 117 273 1605 1702 1703 1704 1705 1706 1707 1708 1709 1710 1711 1712 1713 1714 1716 1719 1720 1721 1722 1723 1724 1725 1726 1727 1729 1730 1731 1732 1733 1734 -1
1702: 1701 -1
1703: -1
1704: -1
1705: -1
1706: -1
1707: -1
1708: -1
1709: -1
1710: -1
1711: -1
1712: -1
1713: -1
1714: -1
1715: 117 1708 1709 1711 1712 1713 1714 -1
1716: -1
1717: 117 202 204 308 315 340 367 393 836 1300 1309 1320 1322 1437 1605 1708 1709 1716 -1
1718: 117 209 463 469 1050 1263 1275 1302 1303 1313 1708 1709 1716 1717 -1
1719: -1
1720: -1
1721: -1
1722: -1
1723: -1
1724: -1
1725: -1
1726: -1
1727: -1
1728: 117 1708 1709 1716 1719 1720 1721 1722 1723 1724 1725 1726 1727 -1
1729: -1
1730: -1
1731: -1
1732: -1
1733: -1
1734: -1
1735: 117 1605 1702 1703 1704 1705 1706 1707 1708 1709 1711 1712 1713 1714 1716 1719 1720 1721 1722 1723 1724 1725 1726 1727 1729 1730 1731 1732 1733 1734 -1
1736: -1
1737: -1
1738: -1
1739: 119 -1
1740: 120 132 -1
1741: -1
1742: 1773 1774 1775 -1
1743: 121 1742 1744 1745 1746 1747 1748 1749 1750 1751 1752 1753 1754 1755 1759 1760 1761 1762 -1
1744: -1
1745: -1
1746: -1
1747: -1
1748: -1
1749: -1
1750: -1
1751: -1
1752: -1
1753: -1
1754: -1
1755: -1
1756: 121 1742 1746 1749 1752 1754 1775 1776 -1
1757: 121 1742 1746 1749 1752 1754 1775 1776 -1
1758: 121 1742 1746 1749 1752 1754 1775 1776 -1
1759: -1
1760: -1
1761: -1
1762: -1
1763: 121 1752 -1
1764: 121 1752 -1
1765: 121 1752 -1
1766: 121 1752 -1
1767: 121 1752 -1
1768: 121 1752 -1
1769: 121 1752 -1
1770: 121 1742 1744 1746 1747 1748 1750 1752 1754 1755 1775 1776 -1
1771: 121 1742 1744 1746 1747 1748 1750 1752 1754 1755 1775 1776 -1
1772: 121 1742 1744 1745 1746 1747 1748 1749 1750 1751 1752 1753 1754 1755 1773 1774 -1
1773: 121 1742 1744 1745 1746 1747 1748 1749 1750 1751 1752 1753 1754 1755 1774 1775 -1
1774: 121 1742 1744 1745 1746 1747 1748 1749 1750 1751 1752 1753 1754 1755 1773 1775 -1
1775: 121 1742 1744 1745 1746 1747 1748 1749 1750 1751 1752 1753 1754 1755 1773 1774 -1
1776: 121 1742 1744 1745 1746 1747 1748 1749 1750 1751 1752 1753 1754 1755 1773 1774 1775 -1
1777: 121 1742 1744 1745 1746 1747 1748 1749 1750 1751 1752 1753 1754 1755 1773 1774 1775 -1
1778: 121 1742 1744 1745 1746 1747 1748 1749 1750 1751 1752 1753 1754 1755 1773 1775 -1
1779: 121 1742 1744 1745 1746 1747 1748 1749 1750 1751 1752 1753 1754 1755 1763 1773 -1
1780: 121 1742 1744 1745 1746 1747 1748 1749 1750 1751 1752 1753 1754 1755 1759 1760 1761 1762 1773 1775 -1
1781: 121 1742 1744 1745 1746 1747 1748 1749 1750 1751 1752 1753 1754 1755 1759 1760 1761 1762 -1
1782: 122 1652 -1
1783: 122 1652 -1
1784: 122 1652 -1
1785: 122 -1
1786: 122 1652 -1
1787: 122 -1
1788: 122 -1
1789: 122 1652 -1
1790: 122 -1
1791: 122 -1
1792: 122 1652 -1
1793: 122 -1
1794: 122 1652 -1
1795: 122 -1
1796: 122 -1
1797: 122 -1
1798: 122 -1
1799: 122 -1
1800: 122 -1
1801: 122 -1
1802: 122 -1
1803: 122 -1
1804: 122 -1
1805: 122 -1
1806: 122 -1
1807: 122 -1
1808: -1
1809: -1
1810: 123 -1
1811: 123 1816 -1
1812: 123 1816 -1
1813: 123 1816 -1
1814: 123 1816 -1
1815: -1
1816: -1
1817: 123 -1
1818: 123 -1
1819: 123 -1
1820: 123 -1
1821: 123 -1
1822: 123 -1
1823: 123 -1
1824: 123 -1
1825: 123 -1
1826: 123 -1
1827: 123 -1
1828: 123 -1
1829: 123 -1
1830: 123 -1
1831: 123 -1
1832: 123 -1
1833: 123 -1
1834: 123 -1
1835: 123 -1
1836: 123 -1
1837: 123 -1
1838: 123 -1
1839: 123 -1
1840: 123 -1
1841: 123 -1
1842: 123 -1
1843: 123 -1
1844: 123 -1
1845: 123 -1
1846: 123 -1
1847: 123 -1
1848: 123 -1
1849: 123 -1
1850: 123 -1
1851: 123 -1
1852: 123 -1
1853: 123 -1
1854: 123 -1
1855: 123 -1
1856: 123 -1
1857: 123 -1
1858: 123 -1
1859: 123 -1
1860: 123 -1
1861: 123 -1
1862: 123 -1
1863: 123 -1
1864: 123 -1
1865: 123 -1
1866: 123 -1
1867: 123 -1
1868: 123 -1
1869: 123 -1
1870: 123 -1
1871: 123 -1
1872: 123 1887 -1
1873: 123 1887 -1
1874: 123 1887 -1
1875: 123 1887 -1
1876: 123 1887 -1
1877: 123 1887 -1
1878: 123 1887 -1
1879: 123 1887 -1
1880: 123 1887 -1
1881: 123 -1
1882: 123 -1
1883: 123 1887 -1
1884: 123 1887 -1
1885: 123 1887 -1
1886: 123 1887 -1
1887: -1
1888: 123 -1
1889: 123 -1
1890: 123 -1
1891: 123 -1
1892: 123 -1
1893: 123 -1
1894: 123 -1
1895: 123 -1
1896: 123 -1
1897: 123 -1
1898: 123 -1
1899: 123 -1
1900: 123 -1
1901: 123 -1
1902: 123 -1
1903: 123 -1
1904: 123 -1
1905: 123 -1
1906: 123 -1
1907: 123 -1
1908: 123 -1
1909: 123 -1
1910: 123 -1
1911: 123 -1
1912: 123 -1
1913: 123 -1
1914: 123 -1
1915: 123 -1
1916: 123 -1
1917: 123 -1
1918: 123 -1
1919: 123 -1
1920: 123 -1
1921: 123 -1
1922: 123 -1
1923: 123 -1
1924: 123 -1
1925: 123 -1
1926: 123 -1
1927: 123 -1
1928: 123 -1
1929: 123 -1
1930: 123 -1
1931: 123 -1
1932: 123 -1
1933: 123 -1
1934: 123 -1
1935: 123 -1
1936: 123 -1
1937: 123 -1
1938: 123 -1
1939: 123 -1
1940: 123 -1
1941: 123 -1
1942: 123 -1
1943: 123 -1
1944: 123 -1
1945: 123 -1
1946: 123 -1
1947: 123 -1
1948: 123 -1
1949: 123 -1
1950: 123 -1
1951: 123 -1
1952: 123 -1
1953: 123 -1
1954: 123 -1
1955: 123 -1
1956: 123 -1
1957: 123 -1
1958: 123 -1
1959: 123 -1
1960: 123 -1
1961: 123 -1
1962: 123 -1
1963: 123 -1
1964: 123 -1
1965: 123 -1
1966: 123 -1
1967: 123 -1
1968: 123 -1
1969: 123 -1
1970: 123 -1
1971: 123 -1
1972: 123 -1
1973: -1
1974: 123 -1
1975: 123 -1
1976: 123 -1
1977: 123 -1
1978: 123 -1
1979: 123 -1
1980: 123 -1
1981: 123 -1
1982: 123 -1
1983: 123 -1
1984: 123 -1
1985: 123 -1
1986: 123 -1
1987: 123 -1
1988: 123 -1
1989: 123 -1
1990: 123 -1
1991: 123 -1
1992: 123 -1
1993: 123 -1
1994: 123 -1
1995: 123 -1
1996: 123 -1
1997: 123 -1
1998: 123 -1
1999: 123 -1
2000: 123 -1
2001: 123 -1
2002: 123 -1
2003: 123 -1
2004: 123 -1
2005: 123 -1
2006: 123 -1
2007: 123 -1
2008: 123 -1
2009: 123 -1
2010: 123 -1
2011: 123 -1
2012: 123 -1
2013: 123 -1
2014: 123 -1
2015: 123 -1
2016: 123 -1
2017: 123 -1
2018: 123 -1
2019: 123 -1
2020: 123 -1
2021: 123 -1
2022: 123 -1
2023: 123 -1
2024: 123 -1
2025: 123 -1
2026: 123 -1
2027: 123 -1
2028: 123 -1
2029: 123 2042 -1
2030: 123 2042 -1
2031: 123 2042 -1
2032: 123 2042 -1
2033: 123 2042 -1
2034: 123 -1
2035: 123 -1
2036: 123 -1
2037: 123 -1
2038: 123 -1
2039: 123 -1
2040: 123 -1
2041: 123 -1
2042: -1
2043: 123 -1
2044: 123 -1
2045: 123 -1
2046: 123 -1
2047: 123 -1
2048: 123 -1
2049: 123 -1
2050: 123 -1
2051: 123 -1
2052: 123 -1
2053: 123 -1
2054: 123 -1
2055: 123 -1
2056: 123 -1
2057: 123 -1
2058: 123 -1
2059: 123 -1
2060: 123 -1
2061: 123 -1
2062: 123 -1
2063: 123 -1
2064: 123 2073 -1
2065: 123 -1
2066: 123 -1
2067: 123 2073 -1
2068: 123 2073 -1
2069: 123 -1
2070: 123 -1
2071: 123 -1
2072: 123 -1
2073: -1
2074: 123 -1
2075: 123 -1
2076: 123 -1
2077: 123 -1
2078: 123 -1
2079: 123 -1
2080: 123 -1
2081: 123 -1
2082: 123 -1
2083: 123 -1
2084: 123 -1
2085: 123 -1
2086: 123 2108 -1
2087: 123 2108 -1
2088: 123 2108 -1
2089: 123 -1
2090: 123 -1
2091: 123 -1
2092: 123 -1
2093: 123 -1
2094: 123 -1
2095: 123 -1
2096: 123 -1
2097: 123 -1
2098: 123 -1
2099: 123 -1
2100: 123 -1
2101: 123 -1
2102: 123 -1
2103: 123 -1
2104: 123 -1
2105: 123 -1
2106: 123 -1
2107: 123 -1
2108: -1
2109: 123 -1
2110: 123 -1
2111: 123 -1
2112: 123 -1
2113: 123 -1
2114: 123 -1
2115: 123 -1
2116: 123 -1
2117: 123 -1
2118: 123 -1
2119: 123 -1
2120: -1
2121: 123 -1
2122: 123 -1
2123: 123 -1
2124: 123 -1
2125: 123 -1
2126: 123 -1
2127: 123 -1
2128: 123 -1
2129: 123 -1
2130: 123 -1
2131: 123 -1
2132: 123 -1
2133: 123 -1
2134: 123 -1
2135: 123 -1
2136: 123 -1
2137: 123 -1
2138: 123 -1
2139: 123 -1
2140: 123 -1
2141: 123 -1
2142: 123 -1
2143: 123 -1
2144: 123 -1
2145: 123 -1
2146: 123 -1
2147: 123 -1
2148: 123 -1
2149: 123 -1
2150: 123 -1
2151: 123 -1
2152: 123 -1
2153: 123 -1
2154: 123 -1
2155: 123 -1
2156: 123 -1
2157: 123 -1
2158: 123 -1
2159: 123 -1
2160: 123 -1
2161: 123 -1
2162: 123 -1
2163: 123 -1
2164: 123 -1
2165: 123 -1
2166: 123 -1
2167: 123 -1
2168: 123 -1
2169: 123 -1
2170: 123 -1
2171: 123 -1
2172: 123 -1
2173: 123 -1
2174: 123 -1
2175: -1
2176: -1
2177: 124 155 504 2175 2176 -1
2178: 124 169 2175 2176 -1
2179: 124 -1
2180: 125 2181 2186 -1
2181: 2180 2182 -1
2182: 125 -1
2183: 125 -1
2184: 125 -1
2185: 125 235 488 1269 1314 -1
2186: -1
2187: 126 -1
