0: 48 53 104 115 126 149 151 169 174 175 176 177 179 180 181 184 186 191 192 213 215 217 223 226 231 242 264 265 267 269 272 292 300 303 308 309 314 342 350 368 369 372 375 381 389 392 397 399 400 404 405 412 413 416 439 447 449 453 456 457 459 462 464 468 469 470 473 474 480 534 535 547 552 557 558 565 635 646 647 649 652 653 673 679 691 693 699 702 732 753 758 791 800 801 804 806 859 861 935 992 994 998 1052 1233 1240 1266 1286 1482 1519 1520 1523 1527 1528 1529 1535 1542 1626 1627 1635 1677 1680 1738 1835 1868 -1
1: 16 18 20 53 95 104 126 128 146 147 169 176 193 194 195 196 197 198 199 200 201 202 203 204 205 206 207 208 209 210 211 212 213 214 215 216 217 219 220 221 222 223 224 225 226 227 231 237 239 242 244 267 269 272 273 292 293 294 295 300 303 305 308 309 310 312 313 314 336 337 342 344 350 361 364 367 368 369 372 375 381 392 394 395 396 397 398 400 401 402 403 404 405 406 407 409 411 412 413 415 416 439 464 468 469 470 473 497 498 499 500 502 504 510 515 521 529 534 535 541 545 546 550 551 552 553 555 557 633 635 637 642 647 649 653 673 675 677 691 693 712 732 758 761 765 791 793 796 798 801 807 808 813 842 844 850 852 857 861 870 894 901 924 935 953 976 979 994 1013 1027 1033 1041 1046 1052 1061 1069 1073 1099 1158 1213 1215 1240 1249 1276 1286 1353 1362 1511 1512 1550 1620 1626 1627 1665 1699 1730 1738 1740 1827 1829 1836 1849 1868 1943 -1
2: 67 84 95 126 128 136 169 205 206 209 228 229 230 231 232 234 235 236 237 238 239 240 241 242 244 273 295 303 305 312 337 350 361 368 369 375 397 402 407 409 418 468 469 473 493 496 497 498 499 500 501 502 504 506 535 547 552 635 637 642 649 758 807 808 1013 1078 1099 1158 1213 1215 1219 1220 1377 1626 1627 1664 1665 1668 1669 1723 -1
3: 141 273 275 298 1262 1406 1626 -1
4: 36 44 71 85 115 125 126 146 149 176 194 213 268 269 272 273 288 289 290 291 292 293 294 295 296 298 299 300 301 302 305 306 307 308 309 310 311 312 313 314 407 470 500 555 560 635 1025 1240 1626 1627 1677 1835 -1
5: 71 85 125 194 207 308 336 337 338 342 343 344 347 348 349 350 351 407 474 535 655 758 1351 1620 1626 1627 1741 -1
6: 126 149 195 226 231 289 314 350 352 353 354 355 356 357 358 359 360 361 362 363 364 365 366 367 368 369 370 371 372 373 375 376 377 378 379 381 382 383 384 386 470 474 535 547 552 635 732 800 977 1626 1627 1738 -1
7: 71 115 125 145 146 149 194 209 213 242 269 272 273 291 295 299 300 303 309 310 314 337 350 368 390 407 418 470 504 647 668 702 765 805 808 1013 1240 1264 1626 1677 1835 -1
8: 95 104 126 128 149 198 201 203 205 206 207 209 217 220 226 231 242 244 273 292 293 305 309 312 314 336 350 368 369 375 381 392 393 394 395 396 397 398 399 400 401 402 403 404 405 406 407 408 409 410 411 412 413 414 415 416 418 470 473 498 499 502 504 506 535 541 546 547 552 632 633 635 637 649 665 673 677 732 807 808 844 850 852 1046 1073 1099 1277 1279 1626 1627 1699 -1
9: 71 125 226 375 381 869 1626 1652 -1
10: 123 195 269 273 314 367 368 433 436 437 439 441 444 445 446 447 474 511 532 535 539 641 752 766 886 907 909 1213 1801 -1
11: 126 146 149 227 264 272 369 399 449 450 451 452 453 456 457 458 459 462 463 464 465 466 467 468 469 470 471 472 473 474 475 1357 1836 -1
12: 146 198 227 291 336 458 650 1266 1684 1836 -1
13: 126 228 231 240 273 312 350 361 368 369 375 407 409 413 418 468 469 493 494 496 498 499 500 501 502 504 505 508 510 1158 -1
14: 126 149 198 206 289 336 350 361 368 369 397 413 468 469 511 514 515 516 518 519 521 522 523 525 535 547 549 552 633 673 800 -1
15: 123 205 539 1575 1583 1597 1601 -1
16: 194 269 289 350 361 368 397 473 535 543 544 545 546 549 550 551 552 553 554 555 924 -1
17: 71 125 126 176 268 307 438 452 474 557 558 560 561 562 563 565 -1
18: 9 71 85 125 126 309 337 342 350 504 -1
19: 48 123 126 149 168 170 171 172 173 178 183 188 190 194 223 269 272 310 342 350 368 436 439 442 446 447 448 470 473 484 485 486 532 539 562 602 603 604 605 606 607 608 609 610 611 612 613 614 615 618 619 620 621 622 623 624 625 626 627 686 691 693 697 698 702 750 752 882 885 886 896 900 901 902 906 907 908 909 910 992 1050 1286 1510 1836 -1
20: 16 126 350 368 473 545 549 550 552 553 630 631 632 634 635 636 637 642 -1
21: 115 194 198 298 311 338 349 351 541 557 646 647 648 649 650 651 652 655 656 1677 1835 1836 -1
22: 409 468 469 660 661 662 663 -1
23: 99 169 413 669 670 671 672 674 675 676 677 894 -1
24: 53 126 128 194 198 292 295 342 350 367 369 396 405 413 418 439 470 532 535 647 677 678 679 680 681 682 683 684 685 686 689 691 692 693 694 695 696 697 698 699 700 701 702 703 704 705 706 758 791 1061 1810 1868 -1
25: 71 125 207 350 418 431 710 711 712 713 714 715 716 717 718 719 -1
26: 126 200 205 273 337 350 361 393 405 407 418 496 500 501 506 635 663 664 667 720 721 722 723 1056 1060 1157 1158 -1
27: 226 350 368 369 375 381 673 724 725 726 728 729 730 731 732 733 734 735 736 737 738 -1
28: 126 146 167 269 363 435 436 440 443 452 454 455 474 558 743 744 745 746 747 750 751 752 753 907 908 909 1836 -1
29: 71 125 755 756 757 758 -1
30: 217 231 350 369 405 412 413 416 418 468 469 500 532 535 546 673 761 767 771 -1
31: 773 774 775 777 778 779 780 781 782 783 784 785 786 787 789 790 791 792 793 794 795 796 797 798 799 800 -1
32: 169 176 209 220 295 300 312 337 390 407 499 637 758 801 803 804 805 807 808 -1
33: 126 201 231 303 336 350 368 396 405 418 500 506 546 552 635 812 813 814 815 817 818 819 820 822 -1
34: 71 125 126 149 205 206 228 235 393 402 407 418 468 469 493 494 496 505 508 530 637 660 662 665 714 721 723 825 873 984 1008 1009 1011 1012 1013 1063 1081 1157 1191 1394 1715 -1
35: 242 350 368 394 500 506 552 632 634 635 813 826 827 828 829 830 831 832 833 834 835 836 837 838 839 840 841 842 843 844 845 846 847 848 849 850 851 852 853 855 856 1095 1627 -1
36: 343 350 418 511 633 637 673 857 859 861 862 863 -1
37: 53 128 217 231 336 396 412 416 465 474 535 538 541 758 864 865 866 868 869 -1
38: 126 350 643 869 -1
39: 126 205 226 228 232 237 350 369 375 381 407 418 473 496 530 732 825 871 872 873 874 875 984 1056 1060 1141 1163 1219 1394 1402 1412 1715 -1
40: 878 879 -1
41: 123 223 272 368 446 470 474 532 539 650 882 884 885 886 -1
42: 206 292 293 310 350 473 499 502 535 633 649 887 891 892 893 894 -1
43: 123 126 168 272 368 436 470 532 535 539 555 752 758 882 885 896 897 898 899 900 901 902 903 904 905 906 907 908 909 910 1836 -1
44: 71 125 -1
45: 126 194 397 549 550 551 555 633 922 923 924 1405 -1
46: 532 907 926 927 928 929 930 932 -1
47: 126 166 217 226 231 336 350 375 381 397 412 413 416 535 538 732 841 857 865 869 935 936 1387 1396 -1
48: 483 532 613 647 660 662 702 943 1134 1198 1368 -1
49: 466 549 633 952 954 -1
50: 223 226 267 375 381 436 473 474 557 732 859 869 969 -1
51: 53 71 115 125 217 223 231 272 292 308 309 342 368 400 412 416 436 470 473 474 528 532 535 541 555 758 766 827 884 976 978 1550 -1
52: 126 206 393 402 407 665 984 1158 -1
53: 128 231 289 292 314 407 413 541 758 787 995 996 997 998 999 1000 1001 1002 1003 1005 1006 1007 1008 -1
54: 300 805 -1
55: 126 206 312 393 402 407 418 665 1009 1010 1011 1012 1158 -1
56: 103 126 235 407 468 469 499 1013 -1
57: 71 125 -1
58: 128 217 219 231 242 350 368 405 412 416 418 500 506 546 552 635 718 798 1017 1018 1025 1027 1028 1032 1033 1034 1036 1037 1039 1040 1041 1042 1043 1046 1047 -1
59: 469 500 671 -1
60: 12 763 1049 1050 1051 1052 1053 1054 -1
61: 9 350 532 706 1056 1057 1058 1059 1060 1061 1062 -1
62: 95 126 205 393 407 468 469 494 499 504 505 508 530 532 550 665 714 722 758 825 873 984 1008 1012 1064 1157 1269 1274 -1
63: 123 436 445 532 539 1065 -1
64: 126 407 468 469 499 -1
65: 206 231 242 308 336 344 350 368 369 397 418 506 511 535 546 552 649 681 703 758 1067 1068 1069 1071 1072 1073 -1
66: 205 206 228 236 295 401 402 407 496 660 662 721 723 825 1075 1077 1141 -1
67: 71 125 -1
68: 403 473 1092 1093 1094 -1
69: 126 205 375 393 407 418 660 662 665 869 -1
70: 119 126 205 206 232 273 295 393 402 407 418 468 469 493 499 665 723 758 807 825 872 1010 1011 1064 1157 1158 1219 1556 1715 -1
71: 125 1061 -1
72: 293 350 407 425 429 660 662 1061 1141 -1
73: 126 149 205 267 393 402 418 468 469 474 532 550 646 660 662 665 694 700 711 719 758 934 1008 1056 1060 1092 1093 1144 1145 1157 1158 1189 1241 1276 1397 1482 1575 1597 1600 1601 -1
74: 126 205 206 402 407 503 509 825 872 984 -1
75: 1161 1162 1163 1166 1167 1169 1170 1171 1172 1173 1174 1175 1176 1177 1178 1179 1180 1181 1182 1183 1184 1185 1186 1187 1188 1189 1190 1191 1192 1193 1194 1195 1196 1197 -1
76: 1134 1198 -1
77: 123 446 532 539 633 1200 1201 1202 1203 1677 1835 -1
78: 53 128 527 528 532 535 540 541 758 -1
79: 192 789 976 1204 -1
80: 407 660 662 869 -1
81: 126 468 469 -1
82: 126 149 205 309 350 407 469 758 872 1213 1215 -1
83: 292 473 474 660 662 1218 -1
84: 126 205 375 393 407 665 825 827 1399 -1
85: 71 125 -1
86: 269 308 535 660 662 693 -1
87: 95 124 126 205 209 228 237 240 273 295 375 393 398 402 407 468 469 493 496 499 503 509 641 665 671 672 721 722 723 758 808 825 978 1012 1078 1098 1157 1172 1176 1403 1482 1665 1684 -1
88: 123 539 -1
89: 71 125 146 149 158 504 765 1216 1233 1234 1236 1237 1238 1349 -1
90: 869 1241 1242 1243 1246 -1
91: 217 231 350 368 405 412 416 418 500 506 546 552 635 1028 1248 1249 1250 1251 1252 1253 1254 1255 1256 1404 1425 -1
92: 1061 1260 1261 -1
93: 468 469 642 646 835 1269 1270 1271 1272 1274 1275 -1
94: 205 493 550 602 728 750 841 868 884 994 1036 1191 1283 1344 1357 1394 1401 1418 1620 1909 -1
95: 126 149 205 206 228 361 393 402 407 418 494 495 496 501 503 505 507 508 509 660 662 665 825 872 984 1009 1012 1013 1157 1196 1338 1339 -1
96: 841 850 1092 1093 1094 1170 1174 1341 1342 1344 1403 -1
97: 123 532 539 1349 -1
98: 53 126 446 474 528 532 535 541 704 758 801 1351 -1
99: -1
100: 104 196 418 642 758 1202 1353 -1
101: 226 375 381 632 800 1354 1355 1356 1357 1359 1360 1361 1362 -1
102: 468 469 1369 -1
103: 126 235 393 407 665 1375 1377 -1
104: 350 500 635 800 1387 1388 1389 1390 1391 1393 1394 1396 1397 1398 1399 -1
105: 93 232 236 237 359 544 813 835 850 1032 1270 1271 1276 1281 1282 1400 1401 1402 1404 1405 1407 1408 1409 1410 1411 1412 1413 1414 1415 1416 1417 1418 1419 1420 1421 1422 1423 1424 1425 1426 1427 -1
106: -1
107: 126 407 468 469 1464 -1
108: 126 206 209 239 295 402 407 808 1465 -1
109: 1468 1469 1470 1471 1472 1473 1474 1475 1476 1477 -1
110: 126 393 407 665 -1
111: 223 261 269 272 292 368 400 439 447 454 455 460 470 474 532 558 686 694 698 700 752 882 886 904 907 908 909 1286 1479 1480 1481 1482 1483 1484 1485 1486 1487 1488 1489 1490 1491 1492 1493 1494 -1
112: 407 468 469 1496 -1
113: 85 -1
114: -1
115: 194 660 662 804 969 1200 1508 1511 1512 1516 1519 1520 1521 1522 1523 1525 1526 1534 1535 1536 1537 1538 1539 1540 1541 1551 1552 -1
116: 1555 -1
117: 468 469 709 712 1556 -1
118: 473 549 660 662 923 -1
119: 126 205 407 493 495 499 503 504 507 509 758 825 1075 1077 1161 1166 1177 1180 1304 1715 -1
120: 205 407 494 505 508 660 662 722 825 984 -1
121: 194 231 292 404 405 500 532 682 684 685 695 698 701 705 758 883 1024 1029 1030 1044 1046 1557 1559 1560 1561 1563 1564 1565 -1
122: 1588 1589 1594 1595 1596 1597 1600 1601 -1
123: 539 764 -1
124: 126 468 469 -1
125: -1
126: -1
127: 194 407 470 473 555 772 1684 1685 -1
128: 53 413 418 474 -1
129: 336 350 396 552 1700 1701 1702 1703 -1
130: 146 -1
131: -1
132: 407 468 -1
133: 546 -1
134: 126 205 235 393 407 665 722 825 984 1068 1157 1177 1715 -1
135: -1
136: 126 407 468 469 -1
137: 400 660 662 1284 -1
138: 217 296 347 348 350 368 405 412 416 473 635 800 1728 1729 1730 1731 1732 1733 1734 1735 1736 1737 1738 1739 1740 1741 -1
139: -1
140: 1755 -1
141: 3 54 247 249 256 257 258 259 260 262 263 266 270 271 274 297 304 581 582 583 602 616 750 867 888 913 914 916 917 1244 1262 1406 1632 1633 1634 1643 1672 1683 1684 1724 1757 1758 1867 -1
142: 146 149 166 182 185 223 265 267 269 272 292 308 342 368 399 436 439 442 446 447 455 456 460 470 474 487 488 490 532 534 535 555 691 693 752 758 766 882 885 886 897 905 907 908 909 1233 1481 1483 1489 1493 1510 1801 -1
143: 151 660 662 1804 1807 -1
144: 418 660 662 758 977 -1
145: 405 1389 1394 1817 1819 -1
146: -1
147: 71 125 1828 1831 -1
148: 660 662 1368 -1
149: 648 -1
150: 502 660 662 -1
151: 143 660 662 1803 1807 1864 -1
152: 407 409 660 662 -1
153: 126 407 468 469 -1
154: 407 418 660 662 -1
155: 393 407 665 -1
156: 483 660 662 1866 -1
157: 126 205 347 348 407 418 502 665 719 733 868 947 948 1009 1135 1141 1161 1177 1180 1189 1741 -1
158: -1
159: -1
160: 1909 1929 -1
161: 126 393 407 418 665 -1
162: 368 418 500 506 635 842 1942 1943 1944 -1
163: 205 393 665 825 984 -1
164: 226 314 375 377 381 732 1946 -1
165: 126 393 665 -1
166: 48 558 743 992 1513 -1
167: -1
168: -1
169: -1
170: -1
171: -1
172: -1
173: -1
174: -1
175: -1
176: -1
177: -1
178: -1
179: -1
180: -1
181: -1
182: -1
183: -1
184: -1
185: -1
186: -1
187: -1
188: -1
189: 675 894 -1
190: -1
191: -1
192: -1
193: -1
194: -1
195: -1
196: 368 506 -1
197: -1
198: -1
199: -1
200: -1
201: 812 819 -1
202: -1
203: -1
204: 549 551 633 -1
205: -1
206: -1
207: -1
208: -1
209: -1
210: -1
211: -1
212: -1
213: -1
214: -1
215: 654 -1
216: -1
217: -1
218: -1
219: -1
220: -1
221: -1
222: -1
223: 185 865 898 -1
224: -1
225: -1
226: -1
227: -1
228: 236 -1
229: -1
230: -1
231: -1
232: -1
233: -1
234: -1
235: -1
236: -1
237: -1
238: -1
239: -1
240: -1
241: -1
242: -1
243: 468 469 -1
244: -1
245: 44 48 71 85 125 126 141 146 149 176 213 220 223 244 264 265 267 268 269 272 295 307 308 343 350 407 454 456 470 474 502 535 543 560 633 637 649 677 859 921 992 1069 1172 1176 1183 1240 1241 1262 1482 1494 1620 1685 -1
246: 141 232 261 275 276 306 401 413 454 473 538 647 675 693 702 719 758 805 894 994 1017 1069 1262 1406 1482 -1
247: 141 1262 -1
248: 141 1262 -1
249: 141 768 1262 -1
250: 141 1262 -1
251: 141 1262 -1
252: 1262 -1
253: 1262 -1
254: 1262 -1
255: 1262 -1
256: -1
257: -1
258: -1
259: -1
260: -1
261: 126 295 407 -1
262: -1
263: -1
264: -1
265: -1
266: -1
267: -1
268: -1
269: -1
270: -1
271: -1
272: -1
273: -1
274: -1
275: -1
276: -1
277: 4 473 1265 -1
278: 4 473 1265 -1
279: 4 -1
280: 1265 -1
281: 1265 -1
282: 1265 -1
283: 1265 -1
284: 1265 -1
285: 1265 -1
286: 1265 -1
287: 1265 -1
288: 4 410 1265 -1
289: -1
290: -1
291: -1
292: -1
293: -1
294: -1
295: -1
296: -1
297: -1
298: -1
299: -1
300: -1
301: -1
302: -1
303: -1
304: -1
305: -1
306: -1
307: -1
308: -1
309: -1
310: -1
311: -1
312: -1
313: -1
314: -1
315: 5 159 316 317 318 319 320 321 322 323 324 325 326 327 328 329 330 331 332 333 334 335 340 341 345 346 617 666 687 1245 1345 1682 1711 1818 1873 1874 1875 1876 1877 1878 -1
316: -1
317: -1
318: -1
319: -1
320: -1
321: -1
322: -1
323: -1
324: -1
325: -1
326: -1
327: -1
328: -1
329: -1
330: -1
331: -1
332: -1
333: -1
334: -1
335: -1
336: -1
337: 126 149 407 -1
338: -1
339: -1
340: -1
341: -1
342: -1
343: -1
344: -1
345: -1
346: -1
347: -1
348: -1
349: -1
350: -1
351: -1
352: -1
353: -1
354: -1
355: -1
356: -1
357: -1
358: -1
359: -1
360: -1
361: -1
362: -1
363: -1
364: -1
365: -1
366: -1
367: 149 -1
368: -1
369: -1
370: -1
371: -1
372: -1
373: -1
374: -1
375: -1
376: -1
377: -1
378: -1
379: -1
380: -1
381: -1
382: -1
383: -1
384: -1
385: -1
386: -1
387: 7 -1
388: 760 -1
389: -1
390: -1
391: 205 1011 1075 1077 1389 1394 1395 -1
392: -1
393: -1
394: -1
395: -1
396: -1
397: -1
398: -1
399: -1
400: 1280 1284 1482 -1
401: -1
402: -1
403: -1
404: -1
405: -1
406: -1
407: 337 -1
408: -1
409: -1
410: -1
411: -1
412: -1
413: -1
414: -1
415: -1
416: -1
417: -1
418: 395 1013 -1
419: 9 244 293 350 427 428 532 -1
420: 9 205 350 418 474 532 602 663 664 686 825 827 950 1009 1011 1062 1075 1174 -1
421: 9 293 426 -1
422: 9 426 -1
423: 9 426 -1
424: 9 39 62 72 75 120 241 427 628 703 870 1066 1140 1238 1664 1842 -1
425: -1
426: 422 -1
427: -1
428: -1
429: -1
430: -1
431: -1
432: 10 470 474 532 686 907 909 1610 -1
433: -1
434: 470 1266 -1
435: -1
436: -1
437: -1
438: -1
439: -1
440: -1
441: -1
442: -1
443: -1
444: -1
445: -1
446: -1
447: -1
448: 311 884 -1
449: -1
450: -1
451: -1
452: -1
453: -1
454: -1
455: -1
456: -1
457: -1
458: -1
459: 474 1836 -1
460: -1
461: -1
462: -1
463: -1
464: -1
465: -1
466: -1
467: -1
468: 469 -1
469: -1
470: -1
471: -1
472: -1
473: -1
474: 308 -1
475: -1
476: 12 490 -1
477: 12 909 -1
478: 12 490 1806 -1
479: 12 490 -1
480: 12 -1
481: 12 1176 -1
482: 12 -1
483: -1
484: -1
485: -1
486: -1
487: -1
488: -1
489: 48 992 1266 -1
490: 1612 -1
491: 13 1235 -1
492: -1
493: -1
494: 505 -1
495: -1
496: -1
497: -1
498: -1
499: -1
500: -1
501: -1
502: -1
503: -1
504: -1
505: -1
506: -1
507: -1
508: -1
509: -1
510: -1
511: 14 244 350 418 474 532 654 -1
512: 549 -1
513: 308 -1
514: -1
515: 473 -1
516: -1
517: 549 -1
518: -1
519: -1
520: 126 -1
521: 205 -1
522: -1
523: -1
524: 549 -1
525: -1
526: -1
527: 413 474 -1
528: -1
529: -1
530: -1
531: -1
532: 464 -1
533: -1
534: 292 474 -1
535: 220 -1
536: -1
537: -1
538: -1
539: -1
540: -1
541: -1
542: 232 237 515 550 556 631 817 1281 -1
543: -1
544: -1
545: -1
546: -1
547: -1
548: -1
549: -1
550: -1
551: -1
552: 292 675 894 -1
553: -1
554: -1
555: -1
556: -1
557: 205 609 618 898 961 1141 1357 1399 -1
558: 439 -1
559: 126 213 337 456 470 647 806 861 1240 1266 -1
560: -1
561: -1
562: -1
563: 558 -1
564: -1
565: 474 1246 -1
566: -1
567: 18 149 568 569 570 571 572 573 574 575 586 587 588 589 590 591 592 593 595 596 597 598 599 -1
568: -1
569: -1
570: -1
571: -1
572: -1
573: -1
574: -1
575: 126 -1
576: 18 149 569 570 571 572 573 574 575 577 578 586 587 588 589 590 591 592 593 595 596 597 598 599 -1
577: -1
578: -1
579: 18 573 -1
580: 18 -1
581: 18 -1
582: 18 -1
583: 18 -1
584: 18 -1
585: 18 149 569 570 571 572 573 574 575 597 -1
586: -1
587: -1
588: -1
589: -1
590: -1
591: -1
592: -1
593: -1
594: 18 149 569 570 571 572 573 574 575 597 -1
595: -1
596: -1
597: 126 -1
598: -1
599: -1
600: 19 -1
601: 19 -1
602: -1
603: -1
604: -1
605: -1
606: -1
607: -1
608: -1
609: -1
610: -1
611: -1
612: -1
613: -1
614: 758 -1
615: -1
616: -1
617: -1
618: -1
619: -1
620: -1
621: -1
622: -1
623: -1
624: -1
625: -1
626: -1
627: -1
628: 20 -1
629: 392 -1
630: -1
631: -1
632: -1
633: 126 -1
634: -1
635: -1
636: -1
637: -1
638: 21 802 809 -1
639: 21 638 802 809 -1
640: 21 -1
641: 21 532 642 654 806 1278 -1
642: -1
643: -1
644: -1
645: -1
646: -1
647: -1
648: 149 418 -1
649: -1
650: -1
651: -1
652: -1
653: -1
654: 215 437 511 641 803 809 -1
655: -1
656: -1
657: 22 1006 1126 1176 1688 -1
658: 22 1176 -1
659: -1
660: 662 -1
661: -1
662: -1
663: -1
664: -1
665: 393 -1
666: -1
667: -1
668: 23 44 85 126 149 198 200 205 206 216 220 244 268 269 289 296 307 308 343 347 348 350 360 368 389 418 446 470 473 474 511 532 550 560 633 644 671 733 758 807 841 858 862 996 1068 1163 1166 1174 1181 1368 1620 1729 1736 1741 -1
669: -1
670: -1
671: -1
672: -1
673: -1
674: -1
675: -1
676: -1
677: -1
678: -1
679: 898 -1
680: -1
681: -1
682: -1
683: -1
684: -1
685: -1
686: -1
687: -1
688: 149 219 418 765 860 977 1031 1037 1038 -1
689: -1
690: 378 418 535 1068 1070 1074 -1
691: -1
692: -1
693: -1
694: -1
695: -1
696: -1
697: -1
698: -1
699: -1
700: 694 -1
701: -1
702: 226 375 381 474 647 -1
703: -1
704: -1
705: -1
706: -1
707: 25 -1
708: 25 -1
709: -1
710: -1
711: -1
712: -1
713: 717 -1
714: -1
715: -1
716: -1
717: -1
718: -1
719: -1
720: -1
721: -1
722: -1
723: -1
724: -1
725: 736 -1
726: -1
727: -1
728: -1
729: -1
730: -1
731: -1
732: -1
733: -1
734: -1
735: -1
736: -1
737: -1
738: -1
739: 28 748 -1
740: 743 -1
741: -1
742: 460 -1
743: -1
744: -1
745: -1
746: -1
747: -1
748: -1
749: 751 -1
750: -1
751: -1
752: -1
753: -1
754: 29 1005 1068 -1
755: -1
756: -1
757: -1
758: -1
759: -1
760: -1
761: -1
762: -1
763: -1
764: 767 -1
765: -1
766: -1
767: -1
768: -1
769: -1
770: 767 -1
771: -1
772: -1
773: -1
774: -1
775: -1
776: 788 798 976 -1
777: -1
778: -1
779: -1
780: -1
781: -1
782: -1
783: -1
784: -1
785: -1
786: -1
787: -1
788: -1
789: -1
790: -1
791: -1
792: -1
793: -1
794: -1
795: -1
796: -1
797: -1
798: -1
799: -1
800: -1
801: 176 226 375 381 732 865 869 -1
802: 53 71 85 125 128 215 342 461 511 529 535 538 633 693 803 -1
803: 174 1283 -1
804: 115 368 436 474 532 1510 -1
805: -1
806: 126 223 292 675 702 809 894 -1
807: -1
808: -1
809: 1283 -1
810: 33 816 821 -1
811: 33 -1
812: -1
813: -1
814: -1
815: -1
816: -1
817: -1
818: -1
819: -1
820: -1
821: -1
822: -1
823: 34 824 -1
824: 34 -1
825: -1
826: -1
827: 1357 -1
828: -1
829: 846 853 -1
830: 834 846 850 853 1170 1344 -1
831: -1
832: -1
833: -1
834: -1
835: -1
836: -1
837: -1
838: 216 217 412 416 532 686 836 851 1344 -1
839: -1
840: -1
841: -1
842: -1
843: -1
844: -1
845: -1
846: -1
847: -1
848: 846 853 -1
849: -1
850: -1
851: -1
852: -1
853: -1
854: 846 853 -1
855: -1
856: -1
857: 1360 -1
858: -1
859: 186 223 292 473 474 532 898 -1
860: -1
861: 126 1010 -1
862: -1
863: -1
864: 474 645 -1
865: -1
866: 549 -1
867: -1
868: -1
869: -1
870: 38 800 -1
871: 874 -1
872: -1
873: -1
874: -1
875: -1
876: 40 989 -1
877: 878 880 989 -1
878: -1
879: -1
880: -1
881: -1
882: -1
883: -1
884: -1
885: -1
886: -1
887: 42 637 889 890 -1
888: 42 146 295 308 447 699 1509 -1
889: -1
890: -1
891: -1
892: 800 1360 -1
893: -1
894: 1263 -1
895: 43 -1
896: -1
897: -1
898: -1
899: -1
900: -1
901: 48 743 992 -1
902: -1
903: -1
904: 1266 -1
905: 558 -1
906: -1
907: -1
908: -1
909: -1
910: -1
911: 44 921 -1
912: 44 921 -1
913: 44 921 -1
914: 44 921 -1
915: 44 921 -1
916: 44 -1
917: 44 -1
918: 44 -1
919: 44 -1
920: 44 921 -1
921: -1
922: -1
923: -1
924: -1
925: -1
926: -1
927: -1
928: -1
929: -1
930: -1
931: 933 -1
932: -1
933: -1
934: -1
935: 474 -1
936: -1
937: 48 992 -1
938: 48 -1
939: 48 992 -1
940: 48 992 -1
941: 48 992 1099 1826 -1
942: 48 -1
943: 48 -1
944: 48 992 -1
945: 48 992 -1
946: -1
947: -1
948: -1
949: 49 -1
950: 49 -1
951: 532 -1
952: 954 -1
953: -1
954: -1
955: 50 176 961 962 963 964 965 966 967 968 970 971 972 973 974 975 -1
956: 50 176 -1
957: 50 -1
958: 50 305 337 342 367 1656 -1
959: 50 -1
960: 50 -1
961: -1
962: -1
963: -1
964: -1
965: -1
966: -1
967: -1
968: -1
969: 115 1677 1835 -1
970: -1
971: -1
972: -1
973: -1
974: -1
975: -1
976: -1
977: -1
978: -1
979: -1
980: 52 -1
981: 205 984 -1
982: 52 233 315 741 870 1014 1357 1645 1668 1704 1705 1706 1707 1723 -1
983: 52 -1
984: -1
985: 53 336 -1
986: 53 -1
987: 53 128 413 418 -1
988: 413 -1
989: 53 217 231 412 413 416 465 732 758 869 977 -1
990: 53 -1
991: 53 413 418 -1
992: 53 308 535 538 869 946 947 948 -1
993: 53 128 436 446 474 526 527 528 529 530 531 532 533 534 535 536 538 540 541 -1
994: -1
995: -1
996: -1
997: -1
998: -1
999: -1
1000: 1008 -1
1001: -1
1002: -1
1003: -1
1004: 336 413 -1
1005: -1
1006: -1
1007: -1
1008: -1
1009: -1
1010: -1
1011: -1
1012: -1
1013: -1
1014: -1
1015: 58 1014 1019 1020 1021 1022 1023 1024 1029 1030 1035 1044 1045 1559 1562 1565 -1
1016: 58 142 212 231 242 292 350 405 470 500 532 535 682 684 685 686 688 694 695 697 700 701 705 758 791 855 1021 1665 1699 1759 1760 1761 1762 1763 1764 1765 1766 1767 1768 1769 1770 1771 1772 1773 1774 1775 1776 1777 1778 1779 1780 1781 1782 1783 1784 1785 1786 1787 1788 1789 1790 1791 1792 1793 1794 1795 1796 1797 1798 1799 1800 -1
1017: -1
1018: -1
1019: -1
1020: -1
1021: -1
1022: -1
1023: -1
1024: -1
1025: -1
1026: 401 -1
1027: -1
1028: -1
1029: -1
1030: -1
1031: -1
1032: -1
1033: -1
1034: -1
1035: -1
1036: -1
1037: -1
1038: 1031 -1
1039: -1
1040: -1
1041: -1
1042: -1
1043: 149 418 504 869 1036 -1
1044: -1
1045: -1
1046: -1
1047: -1
1048: 59 -1
1049: -1
1050: -1
1051: -1
1052: -1
1053: -1
1054: 126 209 -1
1055: 61 -1
1056: -1
1057: -1
1058: 205 407 1061 1141 -1
1059: -1
1060: -1
1061: -1
1062: -1
1063: 62 -1
1064: -1
1065: -1
1066: -1
1067: -1
1068: -1
1069: -1
1070: -1
1071: -1
1072: -1
1073: -1
1074: -1
1075: -1
1076: 418 -1
1077: 1075 -1
1078: 67 126 205 407 660 662 -1
1079: 67 205 238 393 -1
1080: 205 1078 -1
1081: -1
1082: 68 1090 1091 -1
1083: 68 1090 -1
1084: 68 1090 -1
1085: 68 360 849 850 1090 1170 1344 -1
1086: 68 1090 -1
1087: 68 1090 -1
1088: 68 1090 -1
1089: 68 1090 -1
1090: -1
1091: -1
1092: -1
1093: -1
1094: -1
1095: 850 854 1170 1344 -1
1096: 69 -1
1097: 69 -1
1098: -1
1099: -1
1100: 70 139 1101 1102 1103 1104 1105 1106 1107 1108 1109 1110 1111 1112 1113 1114 1115 1116 1117 1118 1119 1120 1121 1122 1123 1743 1744 1745 1746 1747 1748 1749 1750 1751 1752 1753 -1
1101: -1
1102: -1
1103: -1
1104: -1
1105: -1
1106: -1
1107: -1
1108: -1
1109: -1
1110: -1
1111: -1
1112: -1
1113: -1
1114: -1
1115: -1
1116: -1
1117: -1
1118: -1
1119: -1
1120: -1
1121: -1
1122: -1
1123: -1
1124: -1
1125: -1
1126: 71 125 -1
1127: 71 125 -1
1128: 71 125 309 418 511 -1
1129: 71 125 -1
1130: 71 123 302 468 494 660 665 700 713 725 871 952 1040 1064 1077 1124 1125 1133 1134 1135 1136 1137 1138 1139 1201 1253 1391 1469 1601 1732 -1
1131: 71 494 1038 1124 1125 1136 1139 1235 1391 1601 -1
1132: 71 -1
1133: -1
1134: 1198 -1
1135: -1
1136: -1
1137: -1
1138: -1
1139: -1
1140: 72 -1
1141: -1
1142: -1
1143: 73 85 206 369 446 869 1010 1147 1148 1149 1150 1151 1152 1153 1154 1155 1156 1222 1225 -1
1144: 73 -1
1145: 73 -1
1146: 73 -1
1147: -1
1148: -1
1149: -1
1150: -1
1151: -1
1152: -1
1153: -1
1154: -1
1155: -1
1156: -1
1157: -1
1158: 74 -1
1159: -1
1160: -1
1161: -1
1162: -1
1163: -1
1164: -1
1165: 415 662 1061 1141 -1
1166: -1
1167: 1195 -1
1168: 850 1094 -1
1169: -1
1170: -1
1171: -1
1172: -1
1173: -1
1174: -1
1175: -1
1176: -1
1177: -1
1178: -1
1179: -1
1180: -1
1181: -1
1182: -1
1183: -1
1184: -1
1185: -1
1186: -1
1187: -1
1188: -1
1189: -1
1190: -1
1191: -1
1192: -1
1193: -1
1194: -1
1195: -1
1196: -1
1197: -1
1198: -1
1199: 198 -1
1200: 115 1677 1835 -1
1201: 1203 -1
1202: -1
1203: -1
1204: -1
1205: 80 95 205 237 359 371 382 401 501 514 825 850 999 1000 1069 1073 1075 1206 1207 1208 1209 1210 1211 1212 -1
1206: -1
1207: -1
1208: -1
1209: -1
1210: -1
1211: -1
1212: -1
1213: -1
1214: -1
1215: -1
1216: -1
1217: 83 662 -1
1218: -1
1219: -1
1220: -1
1221: 85 369 446 869 1010 1222 1225 -1
1222: -1
1223: 85 1222 -1
1224: 85 -1
1225: -1
1226: 306 549 550 555 556 869 -1
1227: 87 -1
1228: 474 -1
1229: 769 -1
1230: 89 1228 1637 -1
1231: 89 205 878 1157 1228 1637 -1
1232: 89 1228 1637 -1
1233: 89 1228 1637 -1
1234: 89 1228 1637 -1
1235: -1
1236: -1
1237: -1
1238: -1
1239: 126 -1
1240: 90 187 300 474 660 662 -1
1241: -1
1242: -1
1243: -1
1244: -1
1245: -1
1246: -1
1247: 91 -1
1248: -1
1249: -1
1250: -1
1251: -1
1252: -1
1253: 1255 -1
1254: -1
1255: -1
1256: -1
1257: 92 339 380 417 430 492 537 548 659 727 881 925 1160 1947 -1
1258: 92 339 380 417 430 492 537 548 659 727 881 925 1160 1947 -1
1259: 92 339 380 417 430 492 537 548 659 727 881 925 1160 1947 -1
1260: 92 -1
1261: 92 -1
1262: -1
1263: -1
1264: -1
1265: -1
1266: -1
1267: 93 -1
1268: 93 -1
1269: -1
1270: -1
1271: -1
1272: 418 709 718 846 850 853 1170 1344 -1
1273: 474 -1
1274: -1
1275: -1
1276: -1
1277: -1
1278: -1
1279: -1
1280: -1
1281: -1
1282: -1
1283: 215 437 641 803 809 -1
1284: -1
1285: 350 431 709 -1
1286: -1
1287: 95 -1
1288: 95 1290 -1
1289: 95 -1
1290: -1
1291: 95 418 1377 -1
1292: 95 -1
1293: 95 -1
1294: 95 -1
1295: 95 -1
1296: 95 -1
1297: 95 126 205 228 232 235 407 496 671 672 721 723 758 825 827 1011 1012 1013 -1
1298: 95 493 825 1909 -1
1299: 95 -1
1300: 95 -1
1301: 95 1161 1177 1180 -1
1302: 95 -1
1303: 95 1161 1177 1180 -1
1304: 95 205 401 1157 1482 1575 -1
1305: 95 -1
1306: 95 -1
1307: 95 758 1166 1176 1178 1186 -1
1308: 95 -1
1309: 95 199 602 997 1007 1161 1166 1177 1180 -1
1310: 95 -1
1311: 95 -1
1312: 95 -1
1313: 95 -1
1314: 95 -1
1315: 95 232 -1
1316: 95 -1
1317: 95 -1
1318: 95 1344 -1
1319: 95 -1
1320: 95 -1
1321: 95 -1
1322: 95 -1
1323: 95 -1
1324: 95 -1
1325: 95 -1
1326: 95 -1
1327: 95 -1
1328: 95 999 1166 -1
1329: 95 -1
1330: 95 849 -1
1331: 95 -1
1332: 95 -1
1333: 95 -1
1334: 95 -1
1335: 95 1290 -1
1336: 95 -1
1337: 95 -1
1338: 95 -1
1339: -1
1340: 96 -1
1341: -1
1342: -1
1343: -1
1344: -1
1345: -1
1346: 97 -1
1347: 97 -1
1348: 97 -1
1349: 97 -1
1350: 464 -1
1351: -1
1352: 100 -1
1353: -1
1354: -1
1355: -1
1356: -1
1357: -1
1358: 1360 -1
1359: -1
1360: -1
1361: -1
1362: -1
1363: 102 1364 1365 1366 1367 1370 1371 1372 1373 -1
1364: -1
1365: -1
1366: -1
1367: -1
1368: 272 -1
1369: -1
1370: -1
1371: -1
1372: -1
1373: -1
1374: 103 -1
1375: 103 -1
1376: 103 -1
1377: -1
1378: 104 901 -1
1379: 104 -1
1380: 104 884 1036 1403 -1
1381: 104 -1
1382: 104 -1
1383: 104 1392 -1
1384: 104 -1
1385: 104 -1
1386: 104 -1
1387: -1
1388: -1
1389: -1
1390: -1
1391: -1
1392: -1
1393: -1
1394: -1
1395: -1
1396: -1
1397: -1
1398: -1
1399: -1
1400: -1
1401: -1
1402: -1
1403: -1
1404: -1
1405: -1
1406: -1
1407: -1
1408: -1
1409: -1
1410: -1
1411: -1
1412: -1
1413: -1
1414: -1
1415: -1
1416: -1
1417: -1
1418: -1
1419: -1
1420: -1
1421: -1
1422: -1
1423: -1
1424: -1
1425: -1
1426: -1
1427: -1
1428: 106 1438 1439 1440 1441 1442 1443 1455 1459 -1
1429: 106 1438 1439 1440 1441 1442 1443 1455 1459 -1
1430: 106 1438 1439 1440 1441 1442 1443 1455 1459 -1
1431: 106 1438 1439 1440 1441 1442 1443 1454 1455 1459 -1
1432: 106 1439 1440 1441 1442 1443 -1
1433: 106 1439 1440 1441 1442 1443 -1
1434: 106 1438 1439 1440 1441 1442 1443 1455 1459 -1
1435: 106 1438 1439 1440 1441 1442 1443 1455 1459 -1
1436: 106 1437 1438 1439 1440 1441 1442 1443 1447 1448 1449 1450 1451 1452 1453 1454 1455 1459 -1
1437: 106 1438 1439 1440 1441 1442 1443 1447 1453 1456 1459 -1
1438: 1430 1431 1432 1433 1435 1436 1437 -1
1439: -1
1440: -1
1441: -1
1442: -1
1443: -1
1444: 106 1172 1176 1183 1261 1438 1439 1440 1441 1442 1443 1447 1448 1449 1450 1451 1452 1453 1454 1455 1456 1457 1458 1459 1460 1461 1462 -1
1445: 106 1438 1439 1440 1441 1442 1443 1447 1448 1449 1450 1451 1452 1453 1454 1455 1456 1457 1458 1459 1460 1461 1462 -1
1446: 106 1438 1439 1440 1441 1442 1443 1447 1448 1449 1450 1451 1452 1453 1454 1455 1456 1457 1458 1459 1460 1461 1462 -1
1447: 602 1166 1428 1429 1430 1431 1432 1433 1435 1436 1437 1463 1498 -1
1448: 1429 1430 1431 1432 1433 1435 1436 1437 -1
1449: 1429 1430 1431 1432 1433 1435 1436 1437 -1
1450: 1429 1430 1431 1432 1433 1435 1436 1437 -1
1451: 1429 1430 1431 1432 1433 1435 1436 1437 -1
1452: 1429 1430 1431 1432 1433 1435 1436 1437 -1
1453: 1429 1437 -1
1454: 1437 -1
1455: -1
1456: -1
1457: -1
1458: -1
1459: -1
1460: -1
1461: 1430 1431 1432 1433 1435 1436 1437 -1
1462: 1437 -1
1463: 106 1430 1431 1432 1433 1435 1436 1438 1439 1440 1441 1442 1443 1447 1448 1449 1450 1451 1452 1453 1454 1455 1456 1457 1458 1459 1460 1461 1462 -1
1464: 107 -1
1465: -1
1466: 109 -1
1467: 109 -1
1468: -1
1469: 1474 -1
1470: -1
1471: -1
1472: -1
1473: -1
1474: -1
1475: -1
1476: -1
1477: -1
1478: 111 367 1621 -1
1479: -1
1480: -1
1481: -1
1482: -1
1483: -1
1484: -1
1485: -1
1486: -1
1487: -1
1488: -1
1489: -1
1490: -1
1491: -1
1492: -1
1493: 1494 -1
1494: -1
1495: 213 662 1240 -1
1496: 112 1497 -1
1497: 1496 -1
1498: -1
1499: 113 -1
1500: 1499 -1
1501: 1166 1172 1176 -1
1502: 236 -1
1503: 114 -1
1504: 114 218 -1
1505: 115 368 1677 1835 -1
1506: 660 662 869 1508 -1
1507: 115 269 447 474 652 1508 1510 1677 1835 -1
1508: 115 1677 1835 -1
1509: 115 447 662 804 1510 -1
1510: 115 1677 1835 -1
1511: 115 -1
1512: 115 -1
1513: 115 1677 1835 -1
1514: 115 1677 1835 -1
1515: 115 1677 1835 -1
1516: 115 1677 1835 -1
1517: 115 1677 1835 -1
1518: 474 -1
1519: 115 -1
1520: 115 -1
1521: 115 -1
1522: 115 1677 1835 -1
1523: 115 -1
1524: 115 1677 1835 -1
1525: 115 1677 1835 -1
1526: 115 1677 1835 -1
1527: 115 1677 1835 -1
1528: 115 1677 1835 -1
1529: 115 1677 1835 -1
1530: 115 1677 1835 -1
1531: 115 1677 1835 -1
1532: 115 1677 1835 -1
1533: 1757 -1
1534: 115 1677 1835 -1
1535: 115 -1
1536: 115 1677 1835 -1
1537: 115 1677 1835 -1
1538: 115 1677 1835 -1
1539: 115 1677 1835 -1
1540: 115 1677 1835 -1
1541: 115 1677 1835 -1
1542: -1
1543: 115 -1
1544: 115 -1
1545: 115 1677 1835 -1
1546: 115 272 298 473 474 564 1483 1677 1835 -1
1547: 115 1677 1835 -1
1548: 115 -1
1549: 115 176 272 273 295 300 308 350 407 470 499 555 633 952 954 1677 1835 -1
1550: 115 473 907 908 -1
1551: 1677 1835 -1
1552: 1677 1835 -1
1553: 116 406 522 638 639 1174 -1
1554: 116 1555 -1
1555: -1
1556: -1
1557: 121 145 231 413 418 532 686 695 758 883 1037 1560 1563 1565 -1
1558: 1046 1557 1564 -1
1559: -1
1560: -1
1561: 625 -1
1562: -1
1563: -1
1564: -1
1565: -1
1566: -1
1567: -1
1568: -1
1569: -1
1570: -1
1571: -1
1572: -1
1573: -1
1574: 122 1566 1567 1568 1569 1570 1571 1572 1573 1575 1576 1577 1586 1591 1592 1593 1598 1599 -1
1575: -1
1576: -1
1577: -1
1578: 122 -1
1579: 122 1575 -1
1580: 122 1575 -1
1581: 122 1575 -1
1582: 122 1575 1600 -1
1583: 122 1575 1600 -1
1584: 122 205 758 1575 1600 -1
1585: 122 184 193 306 347 348 352 353 354 355 356 357 359 360 362 365 371 374 376 379 384 385 386 389 514 609 618 750 1008 1094 1164 1403 1684 1741 1909 -1
1586: -1
1587: 122 -1
1588: 122 -1
1589: -1
1590: 1575 1597 1600 1601 -1
1591: -1
1592: -1
1593: 474 1583 -1
1594: -1
1595: -1
1596: -1
1597: -1
1598: -1
1599: -1
1600: -1
1601: 1597 -1
1602: 146 272 470 532 -1
1603: 123 124 206 273 292 295 407 418 446 499 504 532 535 539 766 978 1013 1214 -1
1604: 123 143 269 368 436 532 539 1608 1801 1805 -1
1605: 123 146 223 269 272 342 368 436 445 446 470 474 532 539 758 882 -1
1606: 123 436 441 445 474 532 539 752 907 908 909 1708 -1
1607: 123 446 539 -1
1608: 123 223 292 400 445 446 474 532 535 539 647 758 882 1836 -1
1609: 123 539 -1
1610: 123 149 269 272 368 446 470 532 539 -1
1611: 123 474 532 539 758 -1
1612: 123 532 539 -1
1613: 123 474 539 -1
1614: 123 149 368 446 532 539 758 -1
1615: 123 221 532 539 -1
1616: 124 825 -1
1617: 124 205 -1
1618: 124 205 758 -1
1619: 125 760 -1
1620: 44 71 125 205 310 401 444 464 555 602 719 921 1929 -1
1621: 125 306 868 1069 -1
1622: 125 -1
1623: 125 540 -1
1624: 125 539 -1
1625: 125 539 694 -1
1626: 125 539 694 -1
1627: 125 539 694 -1
1628: 125 539 -1
1629: 125 539 694 736 -1
1630: 125 393 469 505 539 662 717 822 846 954 1031 1075 1196 1198 1203 1339 1393 1560 1597 1703 -1
1631: 125 393 469 505 539 662 717 822 846 954 1031 1075 1196 1198 1203 1339 1393 1560 1597 1703 -1
1632: 126 -1
1633: 126 -1
1634: 126 337 -1
1635: 126 -1
1636: 126 203 298 473 1128 1549 -1
1637: 126 -1
1638: 126 -1
1639: 126 -1
1640: 126 407 -1
1641: 126 -1
1642: 126 -1
1643: 126 -1
1644: 126 -1
1645: 126 149 354 358 374 385 474 996 -1
1646: 126 195 314 367 474 -1
1647: 126 474 -1
1648: 126 -1
1649: 126 -1
1650: 126 -1
1651: 126 -1
1652: 126 149 169 205 206 273 308 402 407 409 415 418 421 423 473 500 504 506 633 635 637 699 825 1061 1141 1215 1388 -1
1653: 126 -1
1654: 126 549 -1
1655: 126 205 209 407 984 1012 1191 -1
1656: 126 205 407 825 873 1013 1059 1141 1142 1377 -1
1657: 126 205 275 312 407 418 609 618 663 664 825 827 1012 -1
1658: 126 407 1013 1377 -1
1659: 126 235 393 407 665 -1
1660: 126 205 407 758 825 884 1141 -1
1661: 126 -1
1662: 126 205 407 496 825 1012 1141 1157 -1
1663: 126 205 206 235 393 402 407 665 1064 1157 -1
1664: 126 305 407 499 502 -1
1665: 126 205 393 665 1157 -1
1666: 126 393 665 -1
1667: 126 209 418 1099 -1
1668: 126 407 -1
1669: 126 393 407 665 -1
1670: 126 -1
1671: 126 205 239 -1
1672: 126 -1
1673: 126 407 418 758 868 1174 -1
1674: 126 407 415 -1
1675: 126 407 -1
1676: 126 558 -1
1677: 126 -1
1678: 126 149 474 1836 -1
1679: 126 -1
1680: 126 149 474 660 662 1368 -1
1681: 126 530 -1
1682: -1
1683: -1
1684: -1
1685: -1
1686: 128 231 242 350 546 552 -1
1687: 128 977 1031 1038 -1
1688: 128 -1
1689: 128 1017 1036 -1
1690: 128 336 -1
1691: 128 292 336 418 -1
1692: 128 -1
1693: 128 231 532 686 695 758 1560 1563 -1
1694: 128 145 162 231 242 292 350 404 405 470 473 500 532 535 682 684 685 686 689 694 695 697 700 701 705 706 758 791 1019 1022 1045 1560 1563 -1
1695: 128 401 642 997 1007 1017 1036 1037 1697 1829 -1
1696: 128 199 1172 1176 1700 -1
1697: 128 -1
1698: 413 -1
1699: 242 292 336 368 418 500 506 635 1388 -1
1700: -1
1701: -1
1702: 1703 -1
1703: -1
1704: -1
1705: -1
1706: -1
1707: -1
1708: -1
1709: 131 -1
1710: 132 469 -1
1711: -1
1712: 133 762 767 -1
1713: 133 -1
1714: 134 135 1716 1717 1718 1719 1720 1721 1722 -1
1715: -1
1716: -1
1717: 1909 -1
1718: -1
1719: -1
1720: -1
1721: -1
1722: -1
1723: 136 205 407 494 503 504 505 508 509 825 872 1008 1157 1159 1188 1213 1715 -1
1724: -1
1725: 138 -1
1726: 138 -1
1727: 138 -1
1728: -1
1729: -1
1730: -1
1731: -1
1732: -1
1733: -1
1734: -1
1735: -1
1736: -1
1737: -1
1738: -1
1739: -1
1740: 1731 -1
1741: -1
1742: 139 1743 1745 1746 1747 1748 1749 1750 1751 1752 1753 -1
1743: -1
1744: -1
1745: -1
1746: -1
1747: -1
1748: -1
1749: -1
1750: -1
1751: -1
1752: -1
1753: -1
1754: 140 1880 1881 1882 1883 1884 1885 1886 1887 1888 1889 1890 1891 1892 1893 1894 1895 1896 1897 1898 1899 1900 1901 1902 1903 1904 1905 1906 1907 1908 1910 1911 1912 1913 1914 1915 1916 1917 1918 1919 1920 1921 1922 1923 1924 1925 1926 1927 1928 -1
1755: 140 -1
1756: 141 -1
1757: -1
1758: -1
1759: -1
1760: -1
1761: -1
1762: -1
1763: -1
1764: -1
1765: -1
1766: -1
1767: -1
1768: -1
1769: -1
1770: -1
1771: -1
1772: -1
1773: -1
1774: -1
1775: -1
1776: -1
1777: -1
1778: -1
1779: -1
1780: -1
1781: -1
1782: -1
1783: -1
1784: -1
1785: -1
1786: -1
1787: -1
1788: -1
1789: -1
1790: -1
1791: -1
1792: -1
1793: -1
1794: -1
1795: -1
1796: -1
1797: -1
1798: -1
1799: -1
1800: -1
1801: 143 -1
1802: 143 418 1836 -1
1803: 151 -1
1804: -1
1805: -1
1806: -1
1807: -1
1808: 145 194 313 336 403 404 532 -1
1809: 145 242 404 405 500 532 682 684 685 695 701 705 798 1023 -1
1810: 145 231 404 1186 -1
1811: 145 292 310 350 367 404 405 436 439 500 532 689 693 695 779 785 789 790 795 796 976 -1
1812: 145 149 231 242 292 313 367 403 404 405 500 532 682 684 685 686 689 694 695 697 700 701 705 758 759 882 1020 1035 1560 1563 -1
1813: 62 68 96 145 162 220 394 405 744 745 747 830 838 848 854 855 892 1090 1343 1849 -1
1814: 145 -1
1815: 145 -1
1816: 145 -1
1817: -1
1818: -1
1819: -1
1820: 146 -1
1821: 146 473 474 841 861 -1
1822: 146 435 443 532 -1
1823: 146 456 693 885 908 1243 -1
1824: 146 -1
1825: 146 -1
1826: -1
1827: -1
1828: 1830 -1
1829: 1828 -1
1830: 1828 -1
1831: 473 642 -1
1832: 1483 -1
1833: 149 308 473 502 869 -1
1834: 149 309 418 446 473 1560 1563 -1
1835: 149 474 538 675 869 894 952 954 1505 1513 1514 1515 1517 1524 1527 1528 1529 1530 1531 1532 -1
1836: 149 474 -1
1837: 149 418 473 546 869 -1
1838: 149 198 242 418 -1
1839: 149 198 343 869 1620 -1
1840: 149 -1
1841: 149 292 1699 -1
1842: 149 308 350 407 418 423 429 473 555 660 662 1141 -1
1843: 149 185 436 474 532 752 909 -1
1844: 149 -1
1845: 149 205 221 359 389 407 436 469 494 505 508 522 523 546 550 602 680 712 819 841 863 869 1009 1012 1056 1060 1071 1094 1157 1241 1344 1377 1389 1394 1597 1601 1909 -1
1846: 149 532 -1
1847: 149 404 405 1394 1816 1817 1849 -1
1848: 149 474 -1
1849: 149 405 -1
1850: 149 1183 -1
1851: 149 -1
1852: 149 -1
1853: 149 474 566 577 898 973 1368 -1
1854: 149 418 -1
1855: 149 336 869 -1
1856: 149 309 407 418 602 662 -1
1857: 149 -1
1858: 149 -1
1859: 149 418 -1
1860: 149 532 752 908 909 -1
1861: 149 418 954 -1
1862: 150 -1
1863: 150 879 -1
1864: -1
1865: 155 -1
1866: -1
1867: -1
1868: -1
1869: 158 1870 -1
1870: -1
1871: 158 268 307 560 -1
1872: 1005 1869 -1
1873: -1
1874: -1
1875: -1
1876: -1
1877: -1
1878: -1
1879: 197 670 -1
1880: -1
1881: -1
1882: -1
1883: -1
1884: -1
1885: -1
1886: -1
1887: -1
1888: -1
1889: -1
1890: -1
1891: -1
1892: -1
1893: -1
1894: -1
1895: -1
1896: -1
1897: -1
1898: -1
1899: -1
1900: -1
1901: -1
1902: -1
1903: -1
1904: -1
1905: -1
1906: -1
1907: -1
1908: -1
1909: -1
1910: -1
1911: -1
1912: -1
1913: -1
1914: -1
1915: -1
1916: -1
1917: -1
1918: -1
1919: -1
1920: -1
1921: -1
1922: -1
1923: -1
1924: -1
1925: -1
1926: -1
1927: -1
1928: -1
1929: -1
1930: 161 -1
1931: 161 1063 -1
1932: 162 -1
1933: 162 -1
1934: 162 -1
1935: 162 -1
1936: 162 1909 -1
1937: 162 842 1942 -1
1938: 162 -1
1939: 162 -1
1940: 162 -1
1941: 162 842 1942 -1
1942: -1
1943: -1
1944: -1
1945: 164 -1
1946: -1
1947: -1
