0: 132 134 135 136 137 138 139 140 -1
1: 177 178 179 180 -1
2: 213 214 215 216 217 218 -1
3: 259 260 261 262 264 265 -1
4: 296 297 298 300 301 302 303 304 305 306 307 308 309 310 311 312 313 314 315 316 317 318 319 320 321 322 323 324 325 326 327 328 329 330 331 332 333 334 335 336 337 338 339 340 341 342 343 344 345 346 347 348 349 350 351 352 354 355 -1
5: 369 371 372 373 374 386 -1
6: 420 -1
7: -1
8: 452 454 455 456 457 458 459 460 -1
9: -1
10: 505 506 507 508 -1
11: -1
12: 540 542 543 544 545 546 547 548 549 550 551 552 553 554 555 556 557 558 559 560 561 562 563 564 565 566 567 568 569 570 571 572 573 574 575 576 577 578 579 580 581 582 583 584 585 586 587 588 589 590 591 592 593 594 595 596 597 598 599 600 601 602 603 604 605 606 607 608 609 610 611 612 613 614 615 616 617 618 619 620 621 622 623 624 625 626 627 628 629 630 631 632 633 634 635 636 637 638 639 640 641 642 643 644 645 646 647 648 649 650 651 652 653 654 655 656 657 658 659 660 661 662 663 664 665 666 667 668 669 670 671 672 673 674 675 676 677 678 679 680 681 682 683 684 685 686 687 688 689 690 691 692 693 694 695 696 697 698 699 700 701 702 703 704 705 706 707 708 709 710 711 712 713 714 715 716 717 718 719 720 -1
13: 756 757 -1
14: -1
15: 808 809 810 811 812 813 814 815 816 817 818 819 820 821 822 823 824 825 826 827 828 829 830 831 832 833 834 835 836 837 838 839 840 841 842 843 844 -1
16: 856 857 -1
17: -1
18: 898 900 901 902 903 904 905 906 907 908 909 910 911 912 913 914 915 916 917 918 919 920 921 -1
19: -1
20: 991 992 993 994 -1
21: 1003 1004 1005 1006 1007 1008 1009 1010 1011 1012 1013 1014 1015 1016 1017 1018 1019 1020 1021 1022 1023 1024 1025 1026 1027 1028 1029 1030 1031 1032 1033 1034 1035 1036 1037 1038 1039 1040 1041 1042 1043 1044 1045 1046 1047 1048 1049 1050 1051 1052 1053 1054 1055 1056 1057 1058 1059 1060 1061 1062 1063 1064 1065 1066 1067 1068 1069 1070 1071 1072 1073 1074 1075 1076 1077 1078 1079 1080 1081 1082 1083 1084 1085 1086 1087 1088 1089 1090 1091 1092 1093 1094 1095 1097 -1
22: 1132 1133 1135 1136 1137 1138 1139 1140 1141 1143 1144 1145 1146 1147 1148 1149 1150 1151 1152 1153 1154 1155 1156 1157 1158 1159 1160 1161 1162 1163 1164 1165 1166 1167 1168 1169 1170 1171 1172 1173 1174 1175 1176 1177 1178 1179 1180 1181 1182 1183 1184 1185 1186 1187 1188 1189 -1
23: 1230 1231 1232 -1
24: 1097 1233 1234 1235 1236 1230 218 1237 1238 1239 594 1240 991 1241 1242 1243 -1
25: 1277 1278 1279 1280 1281 1282 1283 1284 1285 1286 1287 1288 1289 1290 1291 1292 1293 1294 1295 1296 1297 1298 1299 1300 1301 1302 1303 1304 1306 -1
26: 1310 -1
27: -1
28: 1330 -1
29: 1353 857 1354 1355 -1
30: 1097 1370 1371 -1
31: 1400 -1
32: 1403 1404 1405 1406 2 1407 1408 1409 1410 1411 1412 1413 1414 1415 1416 1230 1417 1418 1 1419 1420 1421 -1
33: 1426 1427 1428 1354 -1
34: 1433 1434 1417 -1
35: 1447 -1
36: 1476 -1
37: 1354 1536 1537 1538 1539 1540 1541 1542 1543 1544 1545 -1
38: 1355 1230 -1
39: 1097 -1
40: 1559 -1
41: 1560 1561 -1
42: 1564 1570 1571 -1
43: 1572 2 1434 1573 1574 1575 1576 1577 1578 1579 1580 1581 1582 1583 1584 1585 1586 1587 1588 1589 1590 1591 1592 -1
44: 1595 1596 1597 1598 1599 1600 1601 1602 1603 1604 1605 1606 1607 1608 1609 1610 1611 1612 1613 1614 -1
45: 1618 1619 1620 1621 -1
46: 1626 -1
47: 1354 -1
48: 1636 1638 1639 1640 1641 6 1097 1643 1644 -1
49: 1 1664 1665 -1
50: 1560 -1
51: 1704 1705 1706 1707 1708 2 1709 1710 1712 1713 1714 1715 1716 -1
52: 983 -1
53: 1743 1744 1745 1230 -1
54: 1786 1788 1790 1791 1792 1793 1794 1795 1796 1797 1798 1799 1800 -1
55: -1
56: -1
57: 1097 1230 1855 1856 1857 2 1415 1858 1859 1860 1861 1862 1863 1864 1865 1866 1 1867 1868 1869 1870 1871 1872 1873 1874 1875 1876 218 1877 1878 1879 -1
58: 1889 1890 1891 1892 1893 1894 1895 1896 1897 1898 1899 1900 1901 1902 1903 -1
59: 1354 1904 -1
60: 1097 -1
61: 1626 -1
62: 1932 -1
63: 1938 -1
64: 1626 -1
65: -1
66: 1330 -1
67: 1097 452 1966 1967 1968 1969 1970 -1
68: 1973 -1
69: 1975 1977 -1
70: 1097 1980 1981 1982 1714 -1
71: 1999 -1
72: 1097 2000 -1
73: 2001 2002 2007 2008 2010 2011 2012 2013 2014 2015 2016 2017 2018 2019 2020 2027 2028 2029 2030 2031 2032 2033 2034 2035 2036 2037 2038 2040 2041 2042 2043 2044 1097 2045 1611 1428 2046 2047 447 -1
74: 2051 -1
75: 2052 2053 2054 2055 2056 2057 2058 2061 2062 2063 2064 2065 2066 2067 2068 2069 2070 2071 2072 2073 2074 2075 2076 2077 2078 1370 2079 2080 2081 2082 297 2083 2084 2085 2086 2087 2088 2089 2090 2092 1097 857 -1
76: 2095 2096 2097 2098 2099 2100 2101 2102 2103 2104 2105 2106 2107 2108 2109 2110 2111 2112 2113 2114 2115 2116 2117 2118 2119 2120 2121 2122 1097 -1
77: 1626 -1
78: 2161 2163 2164 2165 2166 2167 2168 2169 2170 2171 2172 2173 2174 2175 -1
79: 1238 2182 2183 1415 2184 1242 2185 2186 215 2187 2188 2189 2190 2191 2192 2193 2194 2195 2196 2197 1241 2198 2199 2200 2201 2202 2203 2204 2205 2206 2207 2208 2209 2210 2211 2212 2213 2214 2215 2216 2217 2218 2219 2220 2221 2222 2223 2224 2225 -1
80: 2231 -1
81: 297 -1
82: 2232 2233 2234 2235 2236 2237 2238 2239 2240 2241 2242 2243 2244 2245 2246 2247 2248 2249 2250 2251 2252 2253 2254 2255 2256 2257 2258 2259 2260 2261 2262 2263 2264 2265 2266 2267 2268 2269 2270 2271 2272 371 2273 2274 2275 2276 2277 2278 2279 2280 2281 2282 2283 991 2284 -1
83: 2285 2286 2287 2288 2289 2290 297 2291 2292 1097 -1
84: 1434 2301 2231 -1
85: 2302 2303 2231 -1
86: 2305 2306 2307 2308 2310 2311 2312 2313 2314 2315 2316 2317 2320 2327 2328 -1
87: 2356 -1
88: 2357 2358 1587 2359 2360 2361 2362 2363 2364 2365 2366 2367 2368 2369 2370 2371 2372 -1
89: -1
90: 2407 -1
91: 2411 2413 2415 2417 2418 -1
92: -1
93: 2428 -1
94: 1611 2441 2442 2443 2444 2445 2446 -1
95: -1
96: 2462 2463 2464 2465 2466 2492 2493 300 2494 2495 2496 2497 2498 2499 2500 2501 2502 2503 2504 2505 2506 2507 2508 2509 2510 2511 2512 2513 2514 2515 2516 2517 2518 2519 2521 2522 2523 1137 2524 2525 2526 2527 2529 2530 2531 -1
97: -1
98: 2541 2543 2544 2545 -1
99: -1
100: 2557 2558 2559 2560 2561 2562 2563 2564 -1
101: 2231 -1
102: 983 2595 -1
103: 2598 2599 2600 2601 2602 -1
104: -1
105: 2617 2618 2619 2620 2621 2622 -1
106: -1
107: 2625 2626 1 178 1230 1421 -1
108: 2628 2210 2629 2630 2631 -1
109: 1097 -1
110: 2634 816 815 2635 2636 2637 2638 2639 2640 2641 2642 2643 2644 2645 2646 2647 2648 2649 2650 2651 2652 2653 2654 2655 818 2656 2657 2658 2659 2660 2661 2662 2663 2664 2665 2666 2667 2668 2669 2670 2671 2672 2673 2674 2675 2676 2677 2678 -1
111: 2682 2683 2285 2690 2691 1097 1611 -1
112: 2701 -1
113: 2702 2703 2704 2705 2706 2715 2716 2717 2718 2722 -1
114: 2733 -1
115: 2754 2755 2756 2757 -1
116: 2758 -1
117: 2759 2760 2761 2762 2763 2764 2766 2767 2768 2769 2770 2771 2774 2778 2779 2780 2781 2782 2783 2784 2795 2796 2797 2798 2799 2800 2801 2802 2803 2804 2062 2805 2806 2807 2287 2808 2809 2810 2811 2812 2813 2814 2815 300 2816 2817 2818 2819 2820 2821 2822 2823 2824 2825 2826 1981 2827 2828 2829 2831 2832 2833 2834 2835 2836 2837 2838 2073 2839 2840 2841 2842 2843 2844 2845 2846 2847 2848 2078 2849 2850 2851 2852 2853 2854 2856 2857 2858 2859 2860 2861 2862 2863 2864 2865 2866 2867 2868 2869 297 2871 2872 2873 2874 2875 2876 2877 2878 2879 2880 2881 2882 2883 2884 2885 -1
118: 2886 -1
119: 1476 -1
120: 2890 -1
121: -1
122: 2901 -1
123: 2902 2903 2904 2905 2906 2907 2908 2909 2910 2911 1097 -1
124: 2929 2930 2931 2932 2933 1235 -1
125: 2934 -1
126: 2935 -1
127: -1
128: 2941 2942 -1
129: 2943 -1
130: 2302 1230 2946 -1
131: 0 1581 1580 -1
132: -1
133: -1
134: -1
135: -1
136: -1
137: -1
138: -1
139: -1
140: 0 -1
141: 2210 0 1097 1428 -1
142: 0 -1
143: 0 -1
144: 1428 0 -1
145: 1580 0 1230 297 -1
146: 0 -1
147: 0 -1
148: 0 1581 -1
149: 0 -1
150: 1580 1590 0 -1
151: 297 1590 1581 0 -1
152: 0 1428 2016 2292 2285 -1
153: 0 -1
154: 1545 0 -1
155: 2210 0 -1
156: 0 -1
157: 460 -1
158: 0 -1
159: 0 2690 -1
160: 0 -1
161: 0 -1
162: 0 -1
163: 0 -1
164: 1415 1235 218 0 1581 -1
165: 0 -1
166: 0 -1
167: 0 134 1230 -1
168: 0 -1
169: 0 -1
170: 0 -1
171: 2690 0 2285 -1
172: 2210 -1
173: 0 -1
174: 0 -1
175: 0 -1
176: 0 -1
177: -1
178: -1
179: -1
180: -1
181: 1 -1
182: 1415 1235 1 1230 218 371 2277 2284 -1
183: 841 1230 1235 177 -1
184: 1097 177 1611 1415 452 1230 1235 2446 218 1 460 1355 -1
185: 1 -1
186: 1097 1428 1 2210 -1
187: 1 2626 -1
188: 2626 -1
189: 1 -1
190: 2626 -1
191: 1 -1
192: 1415 218 2626 1 1097 1235 2446 857 -1
193: 2805 2762 1097 2798 1 2808 -1
194: 1545 1097 1 -1
195: 1097 1483 857 1560 2798 2053 2818 2815 2814 2813 2812 2065 2120 300 1 1240 -1
196: 2287 1097 178 1 1230 2639 -1
197: 1 2626 -1
198: 177 1 -1
199: 1 2285 -1
200: 1 -1
201: 1 -1
202: 218 1240 2940 1415 2277 1417 1251 460 1242 1235 1230 1875 1 1238 1879 2446 2508 2659 2274 51 2494 2065 -1
203: 1 -1
204: 1415 2184 1 -1
205: 2626 1 1235 2446 1230 -1
206: 1097 258 1 -1
207: 1 1230 300 -1
208: 2289 1 300 2201 -1
209: 1879 2302 1097 -1
210: 1097 1 1415 1868 -1
211: 2626 -1
212: 2277 2246 2432 1167 -1
213: -1
214: -1
215: -1
216: -1
217: 1434 -1
218: 212 1239 1878 1434 371 -1
219: 2 1411 1590 1410 -1
220: 2 -1
221: 297 -1
222: 2815 2064 -1
223: 1483 1330 2 2815 -1
224: 2648 2669 -1
225: 1428 -1
226: 2 1411 -1
227: 1560 2798 2064 2860 1415 2639 816 2197 2271 1243 2289 2291 297 -1
228: 1240 2 -1
229: 2 -1
230: 816 2795 297 2047 51 1469 -1
231: 2292 297 -1
232: 2 -1
233: 2 1875 1230 1236 -1
234: 1716 2758 -1
235: 0 2 -1
236: 2292 297 2799 2795 2285 2289 2291 2796 2800 2678 2355 -1
237: 2 -1
238: 1875 2 2799 2703 -1
239: 2263 2287 2371 2677 2678 1560 809 2508 2805 1483 2797 2511 2071 2815 1604 1618 2909 1311 1097 -1
240: 2796 2 -1
241: 2 1581 -1
242: 1580 1590 2 -1
243: 2055 1310 1353 2798 6 809 297 2083 2846 2064 1230 2621 2886 2 -1
244: 2 1876 -1
245: 2 -1
246: 2 -1
247: 2 -1
248: 2 -1
249: 2083 2672 -1
250: 2301 2 51 66 -1
251: 297 2083 2796 2292 2800 2799 1311 2798 1428 2018 1581 2282 2287 2064 2826 2076 2073 -1
252: 2292 297 -1
253: 2 2273 1415 218 1230 2265 -1
254: 297 -1
255: 2286 2 -1
256: 1415 1230 1238 1251 2197 1417 1241 2 1242 2198 371 -1
257: 1590 1581 0 1415 1875 1411 2197 1235 178 1230 218 217 1405 1434 2 1403 -1
258: 1415 -1
259: -1
260: -1
261: -1
262: -1
263: -1
264: -1
265: -1
266: 3 -1
267: 3 -1
268: 1230 3 -1
269: 3 1097 263 -1
270: 3 -1
271: 2285 3 -1
272: 2860 3 -1
273: 2073 1 1873 1590 1230 -1
274: 1355 991 2271 3 1469 1097 1354 -1
275: 3 -1
276: 1406 217 3 1097 1230 -1
277: 3 -1
278: 3 1097 -1
279: 3 -1
280: 1097 1545 1 -1
281: 2621 2622 1353 1619 -1
282: 2277 3 -1
283: 2285 2286 3 -1
284: 3 -1
285: -1
286: 1097 3 -1
287: 296 297 -1
288: 296 297 298 1426 -1
289: 296 297 298 -1
290: 296 297 298 -1
291: 296 297 298 -1
292: 296 297 298 2292 2289 2796 300 2672 2001 2079 2806 1311 2085 2286 2798 2065 2073 2802 -1
293: 296 297 298 -1
294: 296 297 298 -1
295: 296 297 -1
296: -1
297: -1
298: -1
299: 296 297 298 1590 -1
300: -1
301: -1
302: -1
303: 2802 -1
304: -1
305: -1
306: -1
307: -1
308: -1
309: -1
310: -1
311: -1
312: -1
313: -1
314: -1
315: -1
316: -1
317: -1
318: -1
319: -1
320: -1
321: -1
322: -1
323: -1
324: -1
325: -1
326: -1
327: -1
328: 2122 -1
329: -1
330: -1
331: -1
332: -1
333: -1
334: -1
335: -1
336: -1
337: -1
338: -1
339: -1
340: -1
341: -1
342: -1
343: -1
344: -1
345: -1
346: -1
347: -1
348: -1
349: -1
350: -1
351: -1
352: -1
353: 296 297 300 1311 -1
354: -1
355: -1
356: 296 297 -1
357: 356 2873 -1
358: 4 296 297 298 -1
359: 4 296 297 298 -1
360: 4 296 297 298 -1
361: 4 296 297 298 -1
362: 369 371 372 373 386 -1
363: 369 -1
364: 369 372 300 371 2277 -1
365: 369 -1
366: 369 -1
367: 369 -1
368: 369 -1
369: 5 -1
370: -1
371: -1
372: 5 -1
373: -1
374: 837 -1
375: -1
376: 369 -1
377: 369 -1
378: 369 -1
379: 369 -1
380: 369 -1
381: 369 -1
382: 369 -1
383: 369 -1
384: 369 -1
385: 369 -1
386: -1
387: 816 -1
388: 5 -1
389: 5 372 369 -1
390: 5 -1
391: 5 1235 -1
392: 372 5 -1
393: 2047 5 -1
394: 5 -1
395: 496 5 300 372 410 991 -1
396: 372 5 371 -1
397: 5 -1
398: 370 -1
399: 5 -1
400: 5 409 2277 -1
401: 5 2802 300 -1
402: 5 -1
403: 5 -1
404: 300 -1
405: 5 2808 -1
406: 5 -1
407: 372 5 -1
408: 5 -1
409: -1
410: 5 -1
411: 1469 2639 -1
412: 5 -1
413: 5 -1
414: 5 -1
415: 5 -1
416: 5 372 -1
417: 5 372 -1
418: 5 -1
419: 5 -1
420: -1
421: 2621 6 1710 2837 -1
422: 2806 834 6 1311 -1
423: 6 2621 -1
424: 2652 -1
425: 6 -1
426: 1981 1353 6 -1
427: 297 2289 2814 2800 300 1641 2806 1311 6 2064 -1
428: 1641 6 1311 -1
429: 1981 1353 6 -1
430: 2055 -1
431: 1097 -1
432: 6 -1
433: 6 -1
434: 816 2806 6 -1
435: 1981 1353 6 -1
436: 2621 6 2837 -1
437: 2083 2289 297 2814 6 2524 1702 2846 2064 1415 218 1230 1878 2618 2886 2621 2622 2620 2798 857 -1
438: 6 2231 -1
439: 2805 218 2822 6 816 300 2814 2808 2065 2798 2064 2812 2813 2811 2823 -1
440: 1981 1353 6 -1
441: 6 -1
442: 2621 2442 6 1311 2622 809 -1
443: 297 2079 2621 2806 6 -1
444: 6 2621 2805 2807 1641 2055 -1
445: 297 6 2621 2806 300 -1
446: -1
447: -1
448: 1560 7 -1
449: 447 446 2292 7 2818 -1
450: 452 -1
451: 452 -1
452: 458 -1
453: 452 -1
454: -1
455: -1
456: 2356 -1
457: -1
458: -1
459: 458 452 -1
460: -1
461: -1
462: 2083 2289 -1
463: 297 1469 8 2860 2511 1532 1598 2064 756 -1
464: 297 2304 300 719 718 1483 1618 8 -1
465: 8 452 -1
466: 2798 8 455 -1
467: 452 8 455 -1
468: 461 8 -1
469: 2761 8 -1
470: 1469 -1
471: 8 452 -1
472: 8 -1
473: 8 -1
474: 8 -1
475: 452 8 -1
476: 8 -1
477: 8 2055 -1
478: 8 829 -1
479: 2808 2813 2672 1641 8 -1
480: 2798 452 8 455 1938 -1
481: 8 452 -1
482: 458 2703 8 457 2285 -1
483: 452 8 -1
484: 8 -1
485: 297 2053 460 2055 2639 856 2837 452 8 2805 2116 2798 2828 1353 815 2286 2846 2292 -1
486: 456 -1
487: 452 8 -1
488: 8 2373 2374 2375 2376 2377 2378 2379 2380 -1
489: 297 2263 300 2621 2304 2083 2860 2314 2798 2827 8 2805 2832 2064 -1
490: 452 8 -1
491: 2622 2055 2292 8 2064 1560 -1
492: 8 459 53 1355 -1
493: 372 1483 2018 756 300 354 833 2083 2289 2814 297 373 2286 2285 2798 2055 1710 2054 857 8 2703 2886 2622 2762 -1
494: 1469 8 -1
495: 8 -1
496: -1
497: 9 -1
498: 9 -1
499: 2292 297 2289 -1
500: 1716 9 -1
501: 2370 -1
502: 9 -1
503: 9 -1
504: 9 -1
505: -1
506: -1
507: -1
508: -1
509: 297 2289 2292 2083 2064 2808 300 1483 2799 10 -1
510: 10 2795 2799 2083 2289 2292 2796 297 -1
511: 2799 2800 10 -1
512: 505 506 507 508 -1
513: 1234 10 2097 2504 2845 2287 2808 2204 2806 1641 2621 -1
514: 10 2795 2799 2083 2289 2292 2796 297 -1
515: 10 -1
516: 2799 2800 2795 2805 2064 2860 2065 1370 2016 2808 10 2088 1483 297 2874 2798 1701 2802 512 -1
517: 10 1590 512 -1
518: 10 -1
519: 10 2511 -1
520: 10 -1
521: 10 -1
522: 2808 2284 2277 10 -1
523: 1483 -1
524: 10 -1
525: 10 -1
526: 510 10 2795 2799 2083 2289 2292 2796 297 -1
527: 10 2265 -1
528: 1417 1241 11 594 -1
529: 1415 2184 2426 178 1867 11 1251 1417 2181 1241 -1
530: 1241 1267 1242 11 1230 1238 -1
531: 897 1415 11 2181 1241 -1
532: 1239 528 1417 11 2426 594 1251 -1
533: 1415 1235 1876 1230 218 11 594 1241 2198 1242 1305 460 2446 2184 2181 -1
534: 1415 1235 1876 1230 218 11 2197 1878 594 1241 2198 1242 1305 460 2446 2184 2181 -1
535: 1415 2197 1853 1235 1876 218 1230 1877 1238 11 1239 1417 1878 594 2200 2201 2 1242 460 2446 -1
536: 1415 534 11 1417 1239 215 594 1241 2198 1242 1305 1875 1411 1235 1876 1 1230 1097 218 1440 1874 1878 1434 1879 460 2446 1611 -1
537: 1415 1233 2197 2184 1235 1230 2302 218 991 11 1417 1239 371 2181 1241 2 1242 2446 2277 261 1234 2199 24 1 1238 1251 2208 1874 1306 -1
538: 1305 1235 11 2229 1242 -1
539: 528 1417 11 2426 594 1251 -1
540: -1
541: -1
542: -1
543: -1
544: -1
545: -1
546: -1
547: -1
548: -1
549: -1
550: -1
551: -1
552: -1
553: -1
554: -1
555: -1
556: -1
557: -1
558: -1
559: -1
560: -1
561: -1
562: 572 12 564 -1
563: 572 12 564 -1
564: -1
565: -1
566: -1
567: -1
568: -1
569: -1
570: -1
571: -1
572: -1
573: -1
574: -1
575: -1
576: -1
577: -1
578: -1
579: 1713 -1
580: -1
581: -1
582: -1
583: -1
584: -1
585: -1
586: -1
587: -1
588: -1
589: -1
590: -1
591: -1
592: -1
593: -1
594: -1
595: -1
596: -1
597: -1
598: 2286 -1
599: -1
600: -1
601: -1
602: -1
603: -1
604: -1
605: -1
606: -1
607: -1
608: 297 2292 2289 -1
609: -1
610: -1
611: -1
612: -1
613: -1
614: -1
615: -1
616: -1
617: -1
618: -1
619: -1
620: -1
621: -1
622: -1
623: -1
624: -1
625: -1
626: -1
627: -1
628: -1
629: -1
630: -1
631: -1
632: -1
633: -1
634: -1
635: -1
636: -1
637: -1
638: -1
639: -1
640: -1
641: -1
642: -1
643: -1
644: 671 -1
645: -1
646: -1
647: -1
648: -1
649: -1
650: -1
651: -1
652: -1
653: -1
654: -1
655: -1
656: -1
657: -1
658: -1
659: -1
660: -1
661: -1
662: -1
663: 720 -1
664: -1
665: -1
666: -1
667: -1
668: -1
669: -1
670: -1
671: -1
672: -1
673: -1
674: -1
675: -1
676: -1
677: -1
678: -1
679: -1
680: -1
681: -1
682: -1
683: -1
684: -1
685: -1
686: -1
687: -1
688: -1
689: -1
690: -1
691: -1
692: 1713 1714 -1
693: -1
694: -1
695: -1
696: -1
697: -1
698: -1
699: -1
700: -1
701: -1
702: -1
703: -1
704: -1
705: -1
706: 2285 2286 -1
707: -1
708: -1
709: -1
710: -1
711: -1
712: 1713 -1
713: -1
714: -1
715: -1
716: -1
717: -1
718: -1
719: -1
720: -1
721: 12 2277 -1
722: 2278 12 -1
723: 12 -1
724: 12 -1
725: 12 -1
726: 12 -1
727: 12 -1
728: 683 12 599 704 706 692 643 715 2204 720 -1
729: 2837 -1
730: 2278 12 -1
731: 692 599 12 -1
732: 569 12 -1
733: 1415 2184 12 -1
734: 722 12 -1
735: 605 570 12 -1
736: 12 636 -1
737: 12 -1
738: 12 2464 -1
739: 12 683 -1
740: 12 636 -1
741: 1240 1415 2458 2806 300 12 1560 2805 1483 2085 2287 2798 -1
742: 12 -1
743: 683 605 541 12 1618 712 692 1079 -1
744: 12 2464 -1
745: 2277 12 -1
746: 569 609 620 613 572 12 617 -1
747: 12 -1
748: 12 -1
749: 12 683 712 -1
750: 12 -1
751: 636 639 2502 684 12 -1
752: 541 12 -1
753: 12 1469 -1
754: 12 -1
755: -1
756: -1
757: -1
758: 13 -1
759: 13 -1
760: 13 -1
761: 13 -1
762: 1469 -1
763: 2798 13 1753 -1
764: 756 13 -1
765: 1469 13 -1
766: 13 1483 -1
767: 1469 13 -1
768: 1483 13 -1
769: -1
770: 719 2064 2501 2502 2503 2505 2519 2197 371 2513 2524 2525 -1
771: 692 715 14 2260 -1
772: 14 -1
773: 14 769 -1
774: 991 5 14 -1
775: 14 -1
776: 2464 2521 14 1702 -1
777: 769 2504 14 -1
778: 14 2262 -1
779: 14 -1
780: 371 2284 2241 2260 683 1618 712 2204 717 14 -1
781: 14 1713 -1
782: 2054 14 -1
783: 14 -1
784: 14 96 300 2289 2292 297 -1
785: 375 14 2504 2503 -1
786: 2277 371 14 -1
787: 2503 2504 14 2508 2494 -1
788: 14 -1
789: 769 14 96 2528 -1
790: 300 51 2284 769 14 -1
791: 14 1618 -1
792: 1097 -1
793: 2284 14 -1
794: 2494 2504 2464 769 2509 14 2291 -1
795: 14 -1
796: 2464 14 -1
797: 683 14 665 460 2263 715 672 2204 2802 2097 -1
798: 14 -1
799: 14 -1
800: 14 -1
801: 14 2241 692 96 -1
802: 14 -1
803: 14 -1
804: 14 -1
805: 14 -1
806: 14 -1
807: 14 -1
808: 297 -1
809: 2622 2621 -1
810: 833 -1
811: -1
812: -1
813: -1
814: 809 834 -1
815: -1
816: -1
817: -1
818: -1
819: -1
820: -1
821: -1
822: 834 841 824 2639 -1
823: -1
824: 822 834 2639 -1
825: 2064 840 -1
826: -1
827: 832 822 -1
828: -1
829: -1
830: -1
831: -1
832: -1
833: -1
834: -1
835: -1
836: -1
837: -1
838: -1
839: -1
840: 297 2771 2286 2292 2289 2285 2083 2806 1469 1311 300 -1
841: -1
842: -1
843: -1
844: -1
845: 15 354 2797 -1
846: 2271 1330 1641 2287 2282 300 2289 1311 2304 2497 15 354 2797 -1
847: 837 834 809 832 15 -1
848: 15 -1
849: 15 354 2797 2293 -1
850: 816 834 1702 2647 -1
851: 2648 833 837 809 832 834 15 -1
852: 2241 2511 15 1702 2795 2797 2497 2282 300 2304 2494 1330 1641 821 2621 1311 2064 2293 -1
853: 2282 2812 2813 300 1330 354 2797 15 -1
854: 2282 300 1330 1311 2064 15 354 2797 297 2289 2292 2083 2798 -1
855: 2293 15 2083 2289 297 2292 2282 300 2304 2494 1330 1641 2817 821 2621 1311 2064 2511 -1
856: -1
857: -1
858: 16 -1
859: 2622 1353 -1
860: 16 -1
861: 16 -1
862: 16 -1
863: 16 -1
864: 2083 297 1483 2376 2621 6 2622 2620 2762 2638 2064 2805 2054 1702 459 452 2055 -1
865: 300 1079 1542 2822 2285 297 2837 -1
866: 16 -1
867: 2762 -1
868: 16 -1
869: 2302 1354 857 -1
870: 16 -1
871: 1999 -1
872: 16 -1
873: 16 -1
874: 16 -1
875: 16 -1
876: 16 -1
877: 2375 2622 -1
878: 16 -1
879: 16 -1
880: 17 -1
881: 1235 1230 17 1870 1864 -1
882: 300 1415 -1
883: 2277 2508 1878 1173 371 17 2215 -1
884: 17 1235 -1
885: 17 2626 1411 217 -1
886: 1619 1230 218 459 17 1411 1869 1868 1873 -1
887: 819 1708 2806 17 816 1878 2638 1404 832 177 1450 1581 837 835 1483 -1
888: 17 -1
889: 17 2836 -1
890: 1235 1230 2302 1877 1887 2544 1239 1251 1417 1434 2215 1234 1097 2426 17 1411 371 2739 1241 2 2198 -1
891: 2198 2246 17 594 1483 1641 -1
892: 1878 17 -1
893: 17 -1
894: 1097 1879 17 2289 297 2796 300 -1
895: 2836 17 -1
896: 982 2302 17 265 -1
897: 1870 2 1417 594 17 1874 1242 1235 1230 1418 218 1868 180 1873 0 1581 -1
898: 1469 1470 1471 1472 1497 1475 1476 1482 1483 1484 1492 1493 1494 1495 1496 1498 1499 1500 1501 1502 1503 1504 1505 1506 1507 1508 1509 1510 1511 1512 1513 1473 1514 1515 1516 1517 1518 1519 1520 1521 1522 1523 1524 1525 1526 1527 1528 1529 1530 1531 1532 1533 -1
899: 901 -1
900: -1
901: -1
902: 1469 1475 1497 1498 1499 1500 1501 1502 1503 1505 1507 1508 1509 1510 1511 1512 1513 1473 1515 1514 1516 1517 1518 1519 1520 1521 1522 1523 1524 1525 1526 1527 1528 1529 1530 1531 1532 1533 1492 1493 1494 1495 1496 -1
903: -1
904: 1469 1470 1471 1472 1497 1475 1476 1482 1484 1492 1493 1494 1495 1496 1498 1499 1500 1501 1502 1503 1504 1505 1506 1507 1508 1509 1510 1511 1512 1513 1473 1514 1515 1516 1517 1518 1519 1520 1521 1522 1523 1524 1525 1526 1527 1528 1529 1530 1531 1532 1533 -1
905: 1469 1470 1471 1472 1497 1475 1476 1482 1484 1492 1493 1494 1495 1496 1498 1499 1500 1501 1502 1503 1504 1505 1506 1507 1508 1509 1510 1511 1512 1513 1473 1514 1515 1516 1517 1518 1519 1520 1521 1522 1523 1524 1525 1526 1527 1528 1529 1530 1531 1532 1533 -1
906: 1469 1470 1471 1472 1497 1475 1476 1482 1484 1492 1493 1494 1495 1496 1498 1499 1500 1501 1502 1503 1504 1505 1506 1507 1508 1509 1510 1511 1512 1513 1473 1514 1515 1516 1517 1518 1519 1520 1521 1522 1523 1524 1525 1526 1527 1528 1529 1530 1531 1532 1533 -1
907: 1469 1470 1471 1472 1497 1475 1476 1482 1484 1492 1493 1494 1495 1496 1498 1499 1500 1501 1502 1503 1504 1505 1506 1507 1508 1509 1510 1511 1512 1513 1473 1514 1515 1516 1517 1518 1519 1520 1521 1522 1523 1524 1525 1526 1527 1528 1529 1530 1531 1532 1533 -1
908: 1469 1470 1471 1472 1501 1475 1476 1482 1492 1493 1494 1495 1496 1497 1498 1499 1500 1502 1503 1504 1505 1506 1507 1508 1509 1510 1511 1512 1513 1473 1514 1515 1516 1517 1518 1519 1520 1521 1522 1523 1524 1525 1526 1527 1528 1529 1530 1531 1532 1533 -1
909: 1469 1470 1471 1472 1497 1475 1476 1482 1484 1492 1493 1494 1495 1496 1498 1499 1500 1501 1502 1503 1504 1505 1506 1507 1508 1509 1510 1511 1512 1513 1473 1514 1515 1516 1517 1518 1519 1520 1521 1522 1523 1524 1525 1526 1527 1528 1529 1530 1531 1532 1533 -1
910: 1469 1470 1471 1472 1497 1475 1476 1482 1484 1492 1493 1494 1495 1496 1498 1499 1500 1501 1502 1503 1504 1505 1506 1507 1508 1509 1510 1511 1512 1513 1473 1514 1515 1516 1517 1518 1519 1520 1521 1522 1523 1524 1525 1526 1527 1528 1529 1530 1531 1532 1533 -1
911: -1
912: 1469 1470 1471 1472 1519 1475 1476 1483 1482 1484 1488 1492 1493 1494 1495 1496 1497 1498 1499 1500 1501 1502 1503 1504 1505 1506 1507 1508 1509 1510 1511 1512 1513 1473 1514 1515 1516 1517 1518 1520 1521 1522 1523 1524 1525 1526 1527 1528 1529 1530 1531 1532 1533 -1
913: 1469 1470 1471 1472 1497 1475 1476 1482 1483 1484 1492 1493 1494 1495 1496 1498 1499 1500 1501 1502 1503 1504 1505 1506 1507 1508 1509 1510 1511 1512 1513 1473 1514 1515 1516 1517 1518 1519 1520 1521 1522 1523 1524 1525 1526 1527 1528 1529 1530 1531 1532 1533 -1
914: 1469 1470 1471 1472 1497 1475 1476 1482 1484 1492 1493 1494 1495 1496 1498 1499 1500 1501 1502 1503 1504 1505 1506 1507 1508 1509 1510 1511 1512 1513 1473 1514 1515 1516 1517 1518 1519 1520 1521 1522 1523 1524 1525 1526 1527 1528 1529 1530 1531 1532 1533 -1
915: 1469 1470 1471 1472 1497 1475 1476 1482 1484 1492 1493 1494 1495 1496 1498 1499 1500 1501 1502 1503 1504 1505 1506 1507 1508 1509 1510 1511 1512 1513 1473 1514 1515 1516 1517 1518 1519 1520 1521 1522 1523 1524 1525 1526 1527 1528 1529 1530 1531 1532 1533 -1
916: 1469 1470 1471 1472 1515 1475 1476 1482 1483 1484 1492 1493 1494 1495 1496 1497 1498 1499 1500 1501 1502 1503 1504 1505 1506 1507 1508 1509 1510 1511 1512 1513 1473 1514 1516 1517 1518 1519 1520 1521 1522 1523 1524 1525 1526 1527 1528 1529 1530 1531 1532 1533 -1
917: 1469 1470 1471 1472 1497 1475 1476 1482 1484 1492 1493 1494 1495 1496 1498 1499 1500 1501 1502 1503 1504 1505 1506 1507 1508 1509 1510 1511 1512 1513 1473 1514 1515 1516 1517 1518 1519 1520 1521 1522 1523 1524 1525 1526 1527 1528 1529 1530 1531 1532 1533 -1
918: 1469 1470 1471 1472 1497 1475 1476 1482 1484 1492 1493 1494 1495 1496 1498 1499 1500 1501 1502 1503 1504 1505 1506 1507 1508 1509 1510 1511 1512 1513 1473 1514 1515 1516 1517 1518 1519 1520 1521 1522 1523 1524 1525 1526 1527 1528 1529 1530 1531 1532 1533 -1
919: 1469 1470 1471 1472 1501 1475 1476 1482 1483 1492 1493 1494 1495 1496 1497 1498 1499 1500 1502 1503 1504 1505 1506 1507 1508 1509 1510 1511 1512 1513 1473 1514 1515 1516 1517 1518 1519 1520 1521 1522 1523 1524 1525 1526 1527 1528 1529 1530 1531 1532 1533 -1
920: -1
921: 1476 -1
922: 2799 18 -1
923: 1469 18 -1
924: 18 -1
925: 2246 -1
926: 2860 -1
927: 907 917 2289 297 -1
928: 18 2814 2289 2292 -1
929: 1450 18 2197 991 1415 178 1230 218 1417 2215 371 -1
930: 920 -1
931: 18 -1
932: 1476 -1
933: 18 2106 -1
934: 2289 2292 2814 1577 285 2800 -1
935: 1483 1450 -1
936: 1483 2821 18 -1
937: 18 -1
938: 899 909 -1
939: 18 -1
940: 18 -1
941: 18 -1
942: 1483 -1
943: 18 -1
944: 18 -1
945: -1
946: -1
947: -1
948: -1
949: -1
950: -1
951: -1
952: -1
953: -1
954: -1
955: -1
956: -1
957: -1
958: -1
959: -1
960: -1
961: -1
962: -1
963: -1
964: -1
965: -1
966: -1
967: -1
968: -1
969: -1
970: -1
971: -1
972: -1
973: -1
974: -1
975: -1
976: -1
977: -1
978: -1
979: -1
980: -1
981: -1
982: 983 1740 -1
983: 1740 1630 982 -1
984: 982 2302 -1
985: 2302 -1
986: 983 982 -1
987: 0 983 2302 982 1878 1411 1434 -1
988: 2302 1740 1630 982 -1
989: 2621 1311 982 2302 -1
990: 945 946 947 948 949 950 951 952 953 954 955 956 957 958 959 960 961 962 963 964 965 966 967 968 969 970 971 972 973 974 975 976 19 977 978 979 980 981 -1
991: -1
992: -1
993: -1
994: -1
995: 20 -1
996: 994 -1
997: 1716 1483 991 20 2287 1450 -1
998: 20 -1
999: 371 20 -1
1000: 20 -1
1001: 371 372 1540 1239 594 2271 991 20 -1
1002: 20 -1
1003: -1
1004: -1
1005: -1
1006: -1
1007: 1003 1008 1009 1010 1011 1012 1013 1015 1016 1018 1019 1020 1021 1022 1028 1030 1032 1034 1035 1036 1037 1039 1040 1041 1043 1044 1046 1047 1048 1049 1051 1052 1053 1054 1057 1058 1059 1060 1064 1066 1067 1069 1071 1072 1073 1075 1079 1080 1081 1082 1085 1083 1087 1088 1090 1091 1092 1093 1094 -1
1008: -1
1009: -1
1010: -1
1011: -1
1012: -1
1013: -1
1014: -1
1015: -1
1016: -1
1017: 1598 -1
1018: -1
1019: -1
1020: -1
1021: -1
1022: -1
1023: 2286 2285 -1
1024: -1
1025: -1
1026: -1
1027: -1
1028: -1
1029: 2285 -1
1030: -1
1031: -1
1032: -1
1033: -1
1034: -1
1035: -1
1036: -1
1037: -1
1038: -1
1039: -1
1040: -1
1041: -1
1042: -1
1043: -1
1044: -1
1045: -1
1046: -1
1047: -1
1048: -1
1049: -1
1050: 1047 -1
1051: 1095 -1
1052: -1
1053: -1
1054: -1
1055: -1
1056: -1
1057: -1
1058: -1
1059: -1
1060: 2690 -1
1061: -1
1062: -1
1063: -1
1064: -1
1065: -1
1066: -1
1067: -1
1068: 1743 -1
1069: -1
1070: -1
1071: 2690 1714 1743 2286 -1
1072: -1
1073: -1
1074: 2285 -1
1075: -1
1076: -1
1077: -1
1078: 1713 -1
1079: -1
1080: -1
1081: -1
1082: -1
1083: -1
1084: -1
1085: -1
1086: -1
1087: -1
1088: -1
1089: -1
1090: -1
1091: -1
1092: -1
1093: -1
1094: 447 -1
1095: -1
1096: 1079 -1
1097: 1354 265 264 2542 2541 1417 1878 1434 1415 218 -1
1098: 21 -1
1099: 1598 2875 21 1096 2286 -1
1100: 1005 1598 21 -1
1101: 21 -1
1102: 1598 2875 21 1096 2286 -1
1103: 1096 21 -1
1104: 21 1598 1079 1096 -1
1105: 297 2291 2292 2289 1483 1005 21 1598 -1
1106: 1104 21 1598 1096 -1
1107: 1096 21 1087 -1
1108: 1005 21 1428 1714 -1
1109: 21 1005 -1
1110: 21 -1
1111: 21 1007 1095 2370 -1
1112: 21 1005 -1
1113: 297 21 -1
1114: 1003 21 1006 -1
1115: 21 -1
1116: 21 -1
1117: 1003 21 -1
1118: 1008 1010 1011 21 1096 -1
1119: 21 -1
1120: 1096 21 1095 -1
1121: 1003 21 1103 -1
1122: 21 1096 1598 -1
1123: 1598 21 1103 300 2083 -1
1124: 21 1096 1598 -1
1125: 1598 1005 21 1095 -1
1126: 21 -1
1127: 1476 -1
1128: 1469 1470 1471 1472 1525 1475 1476 1482 1484 1492 1493 1494 1495 1496 1497 1498 1499 1500 1501 1502 1503 1504 1505 1506 1507 1508 1509 1510 1511 1512 1513 1473 1514 1515 1516 1517 1518 1519 1520 1521 1522 1523 1524 1526 1527 1528 1529 1530 1531 1532 1533 -1
1129: 21 -1
1130: 297 2795 21 1598 2016 2018 2304 300 1702 447 2678 -1
1131: -1
1132: -1
1133: -1
1134: -1
1135: 1169 1178 1166 1168 1156 1147 1145 1143 1188 -1
1136: 1618 -1
1137: -1
1138: -1
1139: -1
1140: -1
1141: -1
1142: -1
1143: 1142 -1
1144: -1
1145: -1
1146: -1
1147: -1
1148: -1
1149: 1154 -1
1150: -1
1151: -1
1152: -1
1153: 1154 1139 1156 1161 -1
1154: 1157 -1
1155: 1160 1165 1134 -1
1156: -1
1157: -1
1158: -1
1159: -1
1160: -1
1161: -1
1162: -1
1163: -1
1164: -1
1165: -1
1166: -1
1167: -1
1168: -1
1169: -1
1170: -1
1171: -1
1172: 1139 1154 1156 -1
1173: -1
1174: -1
1175: 1141 -1
1176: -1
1177: 1156 -1
1178: 1141 1156 1154 1174 -1
1179: -1
1180: -1
1181: 1160 -1
1182: -1
1183: -1
1184: -1
1185: -1
1186: -1
1187: -1
1188: -1
1189: -1
1190: 1146 22 -1
1191: 2217 66 22 -1
1192: 1141 1146 1173 22 -1
1193: 2246 2274 2260 2508 1154 22 1143 -1
1194: 22 -1
1195: 1134 1151 1146 22 1618 1154 -1
1196: 2261 22 1156 2875 2738 -1
1197: 371 2278 22 683 2277 2284 -1
1198: 1154 1141 1146 22 297 2292 540 2289 2291 -1
1199: 22 -1
1200: 1134 1141 1151 1146 22 1618 1154 -1
1201: 22 -1
1202: 2064 22 -1
1203: 22 -1
1204: 22 2508 -1
1205: 22 -1
1206: 22 -1
1207: 22 1154 -1
1208: 1145 22 -1
1209: 22 -1
1210: 1156 -1
1211: 22 2073 -1
1212: 22 2304 -1
1213: 1154 22 1160 1604 -1
1214: 22 -1
1215: 22 -1
1216: 22 -1
1217: 22 -1
1218: 372 1154 1141 1184 22 1156 -1
1219: 2175 2907 2164 1230 1235 22 2802 -1
1220: 1156 1604 1141 22 -1
1221: 1177 22 -1
1222: 22 2271 2210 -1
1223: 1184 1156 1154 22 -1
1224: 22 -1
1225: 1604 1141 1156 1146 22 -1
1226: 1141 1143 1152 1145 1150 1177 1135 1154 1156 1131 1139 1178 1161 1166 1168 1172 1158 1169 22 1173 -1
1227: 1141 1143 1152 1145 1150 1177 1135 1154 1156 1131 1139 1178 1161 1166 1168 1172 1158 1169 22 1173 -1
1228: 1141 1151 1146 22 -1
1229: 1154 2875 22 1177 1156 -1
1230: 1878 1434 1417 -1
1231: -1
1232: -1
1233: -1
1234: 1097 2198 2246 594 1702 -1
1235: -1
1236: 2 1415 -1
1237: -1
1238: 180 2291 -1
1239: 2808 -1
1240: -1
1241: 1417 -1
1242: -1
1243: -1
1244: 24 -1
1245: 1415 24 1235 1230 218 1878 177 -1
1246: 2874 1097 2197 1238 24 -1
1247: 24 1230 -1
1248: 297 354 2289 2291 2796 2282 2 1580 0 1417 24 2197 816 1240 1968 1243 -1
1249: 1856 2184 24 1242 1238 -1
1250: 1415 1233 1234 24 1235 1 1230 218 1238 2197 1878 1434 1879 1241 2 1242 460 2446 -1
1251: 24 528 1259 1417 1411 1440 1 1619 2246 1415 1235 1230 1242 2446 1239 594 2626 -1
1252: 2197 1097 24 -1
1253: 2282 2 1580 0 1417 24 -1
1254: 452 24 -1
1255: 1417 24 1251 1415 1230 1097 -1
1256: 2289 2292 2291 297 2355 1415 2184 24 1235 1 1236 1440 1238 1417 1239 2228 1241 1242 -1
1257: 24 528 1417 1440 1 2246 1415 1235 1230 1242 2446 1239 594 -1
1258: 1230 1235 2446 1875 24 1876 218 1877 1238 1251 816 1879 -1
1259: -1
1260: 2291 2795 2875 2508 24 2277 300 2814 -1
1261: 594 1238 1236 2426 24 1415 1097 1230 218 1440 1239 -1
1262: 1611 1230 1241 1879 1878 594 1 1235 1874 24 2 1877 2302 1405 1411 1239 -1
1263: 2184 2181 1415 1241 1242 2197 1230 2446 1238 1417 24 1235 1 594 2228 1877 -1
1264: 2197 1230 24 297 -1
1265: 2197 1415 1875 2184 1235 1 1619 1230 1238 1239 1417 1241 2 2446 24 1251 594 1434 1403 1581 133 1407 1412 1410 1411 1270 -1
1266: 2197 2703 24 1235 1230 218 177 2 1585 -1
1267: 1233 1234 24 1236 1440 1417 1239 2271 -1
1268: 24 2065 -1
1269: 1876 1611 1235 2446 218 1415 1875 1230 1236 24 -1
1270: 1415 24 1 1230 1238 1417 1239 594 1242 -1
1271: 1619 2246 24 -1
1272: 1097 24 1235 1876 1230 218 1238 594 2228 1242 -1
1273: 24 1230 -1
1274: 2802 1415 2277 24 2 1230 1877 1611 1238 1239 2181 2703 2886 2184 1233 1235 -1
1275: 2197 2940 1235 1230 24 1415 -1
1276: 1238 1417 1239 2184 1330 2690 -1
1277: -1
1278: 2690 1280 -1
1279: 1283 -1
1280: 1283 -1
1281: -1
1282: -1
1283: 2286 -1
1284: -1
1285: -1
1286: 1308 -1
1287: -1
1288: -1
1289: 1278 1300 -1
1290: 2690 -1
1291: -1
1292: 447 -1
1293: -1
1294: -1
1295: 1278 1283 1280 1289 1292 1297 1298 297 2285 1560 -1
1296: -1
1297: -1
1298: 1283 1278 1303 1292 -1
1299: -1
1300: -1
1301: 1288 1278 1300 1290 1291 -1
1302: 1299 1283 1278 -1
1303: -1
1304: -1
1305: 1097 1306 -1
1306: -1
1307: 1283 1280 1278 1290 1297 1302 1294 25 1299 -1
1308: 1283 1280 1278 1290 1297 1302 1294 25 1299 -1
1309: 1307 -1
1310: -1
1311: -1
1312: 1370 -1
1313: 1415 -1
1314: 2837 540 1097 1415 2639 27 -1
1315: 816 1483 27 -1
1316: 1879 27 -1
1317: 2621 300 2065 2286 2085 1981 2827 2055 816 2807 1311 2762 1353 2079 2798 2873 2542 27 809 2618 2638 2376 2054 458 857 2678 2210 2837 1710 2845 2371 2690 2494 354 2199 371 719 1702 2081 2511 1853 2881 2671 2063 2805 2064 2844 2860 2822 2812 66 2284 2073 2802 2069 2282 2799 2795 2808 1483 2800 2797 2289 2292 2291 2796 297 -1
1318: 27 -1
1319: 27 1311 2215 1131 1235 1230 1875 1411 -1
1320: 2806 2798 27 2621 -1
1321: 27 -1
1322: 27 -1
1323: 2289 297 27 -1
1324: 2837 2638 1230 2639 -1
1325: 447 816 2860 27 2795 -1
1326: 2795 1469 2289 2292 2291 2796 297 2376 1311 2837 1710 809 1543 457 1097 218 460 459 2806 2798 27 -1
1327: 1230 1235 2 218 2802 27 1240 1560 -1
1328: 2799 1230 2638 2837 2639 27 2016 2845 2668 2677 2678 816 2875 1450 1618 2844 2287 1641 2805 2806 300 2289 2672 371 2800 2292 2291 2796 2814 2064 2795 297 2797 1483 2852 2288 1968 2078 2873 1560 2054 1428 1311 2802 2860 2671 2065 1079 832 2676 -1
1329: 2806 2798 27 2621 -1
1330: -1
1331: 2648 28 1235 2215 2445 2289 2796 2795 -1
1332: 1476 -1
1333: 2064 -1
1334: 1339 -1
1335: 28 -1
1336: 28 1097 -1
1337: 1230 1981 2085 2054 816 1968 28 2288 2802 2076 2822 -1
1338: 28 1235 1876 1097 1230 297 -1
1339: 28 -1
1340: 28 -1
1341: 28 -1
1342: 28 -1
1343: 1476 -1
1344: 1966 -1
1345: 28 -1
1346: 28 -1
1347: 66 28 -1
1348: 816 2806 28 -1
1349: 1353 -1
1350: 28 -1
1351: 2662 1230 28 2078 -1
1352: 28 -1
1353: -1
1354: 33 47 37 2627 945 -1
1355: -1
1356: 29 -1
1357: 2252 29 1540 2302 33 2304 1011 1536 1806 2442 945 -1
1358: 2762 1428 2618 2638 2064 2432 -1
1359: 1560 -1
1360: 1450 -1
1361: 300 2016 2210 -1
1362: 2663 33 54 29 -1
1363: 2806 816 2795 832 2055 -1
1364: 29 -1
1365: 2083 297 -1
1366: 1450 33 -1
1367: 2508 -1
1368: 297 300 2806 2064 2062 2073 2085 2826 -1
1369: 1450 -1
1370: 1928 1929 1311 -1
1371: 2286 -1
1372: 1450 30 2019 -1
1373: 2934 30 -1
1374: 2088 30 2106 300 -1
1375: 30 -1
1376: 30 -1
1377: 300 2806 2076 30 -1
1378: 1476 -1
1379: 2012 2046 2849 2632 2079 2078 2798 30 -1
1380: 30 2814 2796 2289 2292 1428 2837 1370 2846 2873 2798 2079 -1
1381: 30 -1
1382: 30 -1
1383: 30 -1
1384: 30 -1
1385: 300 2806 2076 30 -1
1386: 2019 30 -1
1387: 30 -1
1388: 30 -1
1389: 2849 30 -1
1390: 30 -1
1391: 1476 -1
1392: 1469 1470 1471 1472 1508 1475 1476 1482 1492 1493 1494 1495 1496 1497 1498 1499 1500 1501 1502 1503 1504 1505 1506 1507 1509 1510 1511 1512 1513 1473 1514 1515 1516 1517 1518 1519 1520 1521 1522 1523 1524 1525 1526 1527 1528 1529 1530 1531 1532 1533 -1
1393: 2018 2815 30 496 -1
1394: 30 -1
1395: 30 2373 2374 2375 2376 2377 2378 2379 2380 -1
1396: 30 -1
1397: 30 -1
1398: 30 -1
1399: 30 -1
1400: -1
1401: 1400 -1
1402: 31 -1
1403: 1411 1412 1410 257 2 -1
1404: -1
1405: 2 1403 -1
1406: -1
1407: -1
1408: 0 1407 133 258 1241 2445 2850 -1
1409: -1
1410: -1
1411: 177 -1
1412: 1403 1876 -1
1413: -1
1414: -1
1415: -1
1416: -1
1417: 1239 -1
1418: 1 594 -1
1419: 1415 218 1238 2187 2524 -1
1420: 1415 1230 218 1238 2446 -1
1421: -1
1422: -1
1423: 32 -1
1424: 32 1422 -1
1425: 1483 2289 2292 2291 297 2837 1428 857 2054 177 32 1355 809 -1
1426: 33 -1
1427: -1
1428: 2837 857 -1
1429: 1618 33 1450 2204 756 2659 1079 -1
1430: 33 1450 -1
1431: 1434 1417 -1
1432: -1
1433: -1
1434: 212 1417 -1
1435: 1590 1580 1235 1097 -1
1436: 34 1434 -1
1437: 1712 34 1230 1878 2231 -1
1438: 1239 1878 2 1415 371 2503 1434 265 -1
1439: 212 1431 1432 34 2931 -1
1440: 1434 1417 -1
1441: 218 34 1237 2231 -1
1442: 34 -1
1443: 34 -1
1444: 34 -1
1445: 34 1434 -1
1446: 34 -1
1447: -1
1448: 2690 -1
1449: 2846 -1
1450: 2079 1370 373 1560 297 2083 2292 35 -1
1451: 2079 35 2814 1450 -1
1452: 35 -1
1453: 1618 1450 35 2814 -1
1454: 1450 35 2814 -1
1455: 35 2221 1450 2814 -1
1456: 35 -1
1457: 2814 35 -1
1458: 1450 35 2814 2799 2370 2795 -1
1459: 1450 35 2814 -1
1460: 35 1450 2814 -1
1461: 35 2814 2690 2286 2798 2285 -1
1462: 35 2814 -1
1463: 35 2814 -1
1464: 35 -1
1465: 35 2814 -1
1466: 35 2814 -1
1467: 1450 35 2814 -1
1468: 1450 2739 -1
1469: -1
1470: -1
1471: -1
1472: -1
1473: -1
1474: 1476 -1
1475: -1
1476: 1469 -1
1477: 1476 -1
1478: 1476 -1
1479: 1476 -1
1480: 1476 -1
1481: 1476 -1
1482: -1
1483: 1476 -1
1484: -1
1485: 1476 -1
1486: 1476 -1
1487: 1476 -1
1488: 1476 -1
1489: 1929 1311 -1
1490: 1928 1929 1311 2873 -1
1491: 1311 -1
1492: -1
1493: -1
1494: -1
1495: -1
1496: -1
1497: -1
1498: -1
1499: -1
1500: -1
1501: -1
1502: -1
1503: -1
1504: -1
1505: -1
1506: -1
1507: -1
1508: -1
1509: -1
1510: -1
1511: 1577 -1
1512: -1
1513: -1
1514: -1
1515: -1
1516: -1
1517: -1
1518: -1
1519: -1
1520: -1
1521: -1
1522: -1
1523: -1
1524: -1
1525: -1
1526: -1
1527: -1
1528: -1
1529: -1
1530: -1
1531: -1
1532: 1618 -1
1533: -1
1534: 1469 1475 36 1497 1498 1499 1500 1501 1502 1503 1505 1507 1508 1509 1510 1511 1512 1513 1473 1515 1514 1516 1517 1518 1519 1520 1521 1522 1523 1524 1525 1526 1527 1528 1529 1530 1531 1532 1533 1492 1493 1494 1495 1496 -1
1535: 1476 -1
1536: -1
1537: -1
1538: -1
1539: -1
1540: -1
1541: 37 -1
1542: -1
1543: -1
1544: -1
1545: -1
1546: 1981 2827 2289 2678 2304 -1
1547: 37 -1
1548: 37 -1
1549: 1806 -1
1550: 37 -1
1551: 37 -1
1552: 38 -1
1553: -1
1554: 300 2499 297 2292 2464 2287 373 2812 2073 -1
1555: 857 1626 -1
1556: 2064 -1
1557: 2881 -1
1558: 2064 2292 297 -1
1559: -1
1560: -1
1561: -1
1562: -1
1563: 2291 -1
1564: -1
1565: -1
1566: 1564 1570 1571 -1
1567: 1564 1570 -1
1568: 2291 -1
1569: 2288 -1
1570: -1
1571: 1562 1565 -1
1572: -1
1573: -1
1574: -1
1575: -1
1576: -1
1577: -1
1578: 1580 1581 2 -1
1579: -1
1580: -1
1581: -1
1582: -1
1583: -1
1584: -1
1585: -1
1586: -1
1587: -1
1588: -1
1589: -1
1590: -1
1591: -1
1592: -1
1593: 43 -1
1594: 43 2837 2799 -1
1595: -1
1596: -1
1597: -1
1598: -1
1599: -1
1600: -1
1601: -1
1602: -1
1603: -1
1604: -1
1605: 2289 -1
1606: -1
1607: -1
1608: -1
1609: -1
1610: -1
1611: 1 1415 1876 1230 218 1242 2444 -1
1612: -1
1613: -1
1614: -1
1615: 44 -1
1616: 44 -1
1617: 44 -1
1618: -1
1619: -1
1620: -1
1621: -1
1622: 45 -1
1623: 45 -1
1624: 45 -1
1625: 1618 45 -1
1626: -1
1627: 2302 983 1230 1878 1411 1434 1630 2886 -1
1628: 2302 -1
1629: 2302 177 2542 2 -1
1630: 1354 1631 -1
1631: -1
1632: 1630 809 -1
1633: 1630 -1
1634: 1354 857 2837 2252 -1
1635: 983 -1
1636: 1638 -1
1637: 2016 2795 2678 2677 1560 1643 447 2798 -1
1638: -1
1639: -1
1640: 1639 -1
1641: -1
1642: 1636 -1
1643: -1
1644: -1
1645: 2083 2289 297 2796 -1
1646: 2875 -1
1647: 2837 1641 2860 -1
1648: 2837 1428 2054 -1
1649: 2837 1428 857 2806 2807 816 1483 1560 1713 2286 2798 -1
1650: 297 2289 2292 2796 2703 2291 2499 -1
1651: 2499 -1
1652: 48 -1
1653: 2273 2233 2252 2909 2271 2524 -1
1654: 1560 2287 -1
1655: 816 2798 -1
1656: 2285 2286 2054 1428 2292 297 -1
1657: 48 -1
1658: 2222 -1
1659: 297 2291 2289 2292 -1
1660: 2806 1330 2798 1710 2678 -1
1661: 2197 2945 2837 -1
1662: 297 2909 2271 2197 -1
1663: 2909 2370 -1
1664: -1
1665: 2626 1713 1714 1874 -1
1666: -1
1667: -1
1668: -1
1669: -1
1670: -1
1671: -1
1672: -1
1673: -1
1674: -1
1675: -1
1676: -1
1677: 1693 1665 -1
1678: -1
1679: -1
1680: -1
1681: -1
1682: -1
1683: -1
1684: -1
1685: -1
1686: -1
1687: -1
1688: -1
1689: -1
1690: -1
1691: -1
1692: -1
1693: 49 -1
1694: 49 -1
1695: 49 -1
1696: 1097 2054 2073 2076 1027 2371 2285 1230 49 1 1664 1665 1666 1667 1668 1669 1670 1671 1672 1673 1674 1675 1676 1677 1678 1679 1680 1681 1682 1683 1684 1685 1686 1687 1688 1689 1690 1691 1692 -1
1697: 49 -1
1698: 2285 297 540 2079 2095 49 1853 1235 2012 2806 2445 1619 1230 2508 218 2671 2286 2763 413 2444 0 2798 -1
1699: 2285 297 540 2079 2095 49 1853 1235 2012 2806 2445 1619 1230 2508 218 2671 816 2215 2763 413 2444 0 2798 -1
1700: 49 -1
1701: -1
1702: -1
1703: 50 -1
1704: -1
1705: -1
1706: -1
1707: -1
1708: -1
1709: -1
1710: 2703 -1
1711: 1709 -1
1712: 1354 265 264 2542 2541 1417 1878 1434 1415 218 -1
1713: -1
1714: -1
1715: -1
1716: -1
1717: 51 -1
1718: 51 496 1240 2197 -1
1719: 2286 2798 372 -1
1720: 1483 1716 551 1240 -1
1721: 2288 2837 1641 2621 2799 -1
1722: 2370 1469 2083 1716 2292 2291 2285 2814 297 2808 2197 2088 2800 2511 2795 2797 2806 1981 2286 2798 51 1311 -1
1723: 1450 -1
1724: 2798 -1
1725: 2622 809 2621 -1
1726: 1 2656 2621 2064 297 452 1353 2762 2827 1713 2285 -1
1727: 1428 2083 297 2289 2292 2633 2064 -1
1728: 1450 2739 756 -1
1729: 51 -1
1730: 51 -1
1731: 297 2798 51 1428 857 1483 -1
1732: 2285 1428 51 -1
1733: 51 -1
1734: 297 2291 2289 2292 -1
1735: 2622 809 2621 -1
1736: 2302 2055 2286 2288 2861 983 -1
1737: 2302 983 -1
1738: 2083 297 2292 2771 2289 2814 2796 2291 52 -1
1739: 1630 2302 983 -1
1740: -1
1741: -1
1742: 1230 1743 -1
1743: -1
1744: -1
1745: -1
1746: 53 -1
1747: 53 -1
1748: 53 -1
1749: 53 2054 -1
1750: 2805 -1
1751: 53 -1
1752: 53 -1
1753: 53 -1
1754: 2442 300 1330 354 297 2798 816 2669 2064 1560 2494 53 2073 33 -1
1755: 53 447 -1
1756: 2805 53 -1
1757: 354 2085 1981 2286 1741 53 2266 -1
1758: 53 -1
1759: 53 -1
1760: 53 1742 -1
1761: 53 -1
1762: 2210 53 2874 -1
1763: 53 452 -1
1764: 53 2169 -1
1765: 53 457 -1
1766: 2292 297 2662 1853 2263 2805 1553 2642 2085 1981 2286 815 2802 2811 2826 2823 53 2822 1230 2285 2065 -1
1767: 53 -1
1768: 53 1450 -1
1769: 53 -1
1770: 53 -1
1771: 53 -1
1772: 53 -1
1773: 53 -1
1774: 53 -1
1775: 53 -1
1776: 53 2805 2799 -1
1777: 53 -1
1778: 53 -1
1779: 53 -1
1780: 53 2882 -1
1781: 53 -1
1782: 53 -1
1783: 53 -1
1784: 2111 2805 447 2677 2678 53 2795 -1
1785: 53 -1
1786: 1814 -1
1787: 1814 -1
1788: -1
1789: -1
1790: -1
1791: -1
1792: -1
1793: -1
1794: -1
1795: -1
1796: -1
1797: 2292 -1
1798: -1
1799: -1
1800: -1
1801: 1079 54 -1
1802: 54 -1
1803: 1968 2291 297 2083 2289 2292 54 2860 1234 2798 -1
1804: 54 -1
1805: 54 -1
1806: 54 -1
1807: 2289 2292 2083 297 1469 2796 2291 1716 2799 1618 1577 285 2225 2739 2542 1814 2560 769 809 837 1230 834 1311 54 371 2304 2808 1641 66 2356 2831 -1
1808: 54 2875 -1
1809: 54 -1
1810: 1814 2304 54 -1
1811: 54 -1
1812: 2875 54 2282 447 -1
1813: 1810 2619 54 1814 -1
1814: 1786 1789 -1
1815: 54 2806 1641 -1
1816: 2304 2503 -1
1817: 54 1097 -1
1818: 1469 2055 1560 54 2945 825 831 834 -1
1819: 54 -1
1820: 54 -1
1821: 54 2875 -1
1822: 1981 2286 2085 297 2291 2289 2678 300 2073 -1
1823: 54 2286 -1
1824: 2458 2852 2875 1577 -1
1825: 2458 2852 2875 1577 -1
1826: 1853 2799 2795 55 2260 2808 2288 2798 2494 2271 1330 2860 2056 2083 2289 2796 -1
1827: 568 2302 55 -1
1828: 55 2053 2873 2304 2287 2085 2286 2073 297 -1
1829: 55 2252 -1
1830: 297 2292 2796 1605 2304 -1
1831: 1483 -1
1832: 55 -1
1833: 55 -1
1834: 55 2304 371 2464 2064 2823 2814 548 -1
1835: 55 -1
1836: 55 -1
1837: 55 297 2678 2304 2308 -1
1838: 55 2445 -1
1839: 55 1355 -1
1840: 1469 2292 297 2083 2289 -1
1841: 55 -1
1842: 2326 -1
1843: 55 2204 -1
1844: 2064 2511 2798 55 -1
1845: 2302 2304 -1
1846: 55 540 2289 2798 2078 2873 2304 2277 2302 2073 -1
1847: 55 2308 2304 -1
1848: 2291 297 2308 55 2304 -1
1849: 2304 300 2282 55 2799 2287 2285 2289 297 2292 -1
1850: 55 -1
1851: 2016 55 -1
1852: 56 -1
1853: -1
1854: 1097 -1
1855: -1
1856: -1
1857: -1
1858: 1860 2197 1853 2445 2 2444 2446 -1
1859: -1
1860: -1
1861: -1
1862: 1853 57 1230 2198 -1
1863: -1
1864: -1
1865: -1
1866: 2287 -1
1867: -1
1868: 1097 1874 2287 218 1230 1 -1
1869: -1
1870: -1
1871: -1
1872: -1
1873: -1
1874: -1
1875: 1434 -1
1876: 177 179 180 -1
1877: -1
1878: 1415 218 -1
1879: -1
1880: 2284 2504 2802 1137 2508 1415 2274 2273 57 -1
1881: 2210 1601 447 1853 1882 57 -1
1882: 1353 1415 1861 1097 -1
1883: 57 -1
1884: 57 -1
1885: 1097 57 -1
1886: 1097 -1
1887: -1
1888: 1903 -1
1889: 2292 -1
1890: 2292 -1
1891: -1
1892: -1
1893: -1
1894: 2292 -1
1895: -1
1896: 1235 218 -1
1897: -1
1898: 2292 2621 -1
1899: -1
1900: -1
1901: 2292 -1
1902: 1585 -1
1903: -1
1904: -1
1905: 2795 -1
1906: 2252 -1
1907: 2762 2292 2289 297 2083 2622 2621 1542 -1
1908: 1450 -1
1909: 2739 2821 1450 756 -1
1910: 2119 -1
1911: 2078 2798 2873 2055 1560 2856 2761 2854 354 300 2065 -1
1912: 2304 -1
1913: -1
1914: 1230 1585 -1
1915: 756 -1
1916: 2285 2286 2798 816 300 1702 2511 297 -1
1917: 297 -1
1918: 2639 2651 2289 2292 297 1626 2837 460 816 1353 2822 1913 -1
1919: 60 -1
1920: 60 -1
1921: 60 1702 -1
1922: 60 -1
1923: 60 -1
1924: 60 1702 -1
1925: 60 -1
1926: 2798 297 2289 60 -1
1927: 60 -1
1928: -1
1929: -1
1930: -1
1931: 2873 -1
1932: 62 -1
1933: 62 -1
1934: 62 -1
1935: 62 1450 -1
1936: 62 -1
1937: 62 -1
1938: 2291 2292 297 2289 -1
1939: 65 -1
1940: 2667 65 -1
1941: 65 -1
1942: 65 -1
1943: 65 1953 -1
1944: 65 -1
1945: 65 2672 -1
1946: 65 -1
1947: 65 -1
1948: 65 2285 -1
1949: 65 -1
1950: 2638 2635 65 2054 2053 2064 -1
1951: 65 -1
1952: 65 -1
1953: 65 -1
1954: 65 -1
1955: 65 -1
1956: 65 -1
1957: 1311 1483 65 -1
1958: 66 -1
1959: 1618 -1
1960: 66 -1
1961: 66 2837 1587 1230 218 -1
1962: 66 -1
1963: 66 -1
1964: 66 -1
1965: 66 2805 -1
1966: -1
1967: -1
1968: -1
1969: -1
1970: -1
1971: 2407 -1
1972: 67 2302 -1
1973: -1
1974: 68 -1
1975: 69 -1
1976: 1975 -1
1977: 837 -1
1978: 1370 69 -1
1979: 69 -1
1980: 1097 -1
1981: -1
1982: -1
1983: 70 -1
1984: 300 2795 2798 297 2289 2083 2285 2291 1981 2824 2827 2085 2822 2829 2000 2286 2287 2018 2064 2079 1370 2046 2055 1560 -1
1985: 70 -1
1986: 2286 2761 -1
1987: 70 -1
1988: 2054 2288 2285 -1
1989: 2288 297 2083 -1
1990: 2432 -1
1991: 1483 2210 -1
1992: 2286 2288 -1
1993: 1450 1560 447 1542 2678 857 -1
1994: 1560 1483 1968 2287 2873 2284 2802 2761 2064 2703 1235 300 2289 2291 297 2678 -1
1995: 1311 2873 2798 2287 -1
1996: 2085 2079 2639 1981 2132 1710 2799 2083 297 2814 2282 300 2277 1415 1450 -1
1997: 2795 -1
1998: 2286 -1
1999: 1713 -1
2000: -1
2001: -1
2002: 73 2003 2004 2024 2005 2025 2006 2001 2044 1097 2045 1611 1428 2046 447 1713 2814 -1
2003: 2001 2002 2027 2028 1450 2030 2038 2040 2041 2042 2043 2044 1097 2045 1611 1428 2046 447 1713 -1
2004: 2001 2002 2027 2028 1450 2030 2038 2040 2041 2042 2043 2044 1097 2045 1611 1428 2046 447 1713 -1
2005: 2010 2012 2013 2014 2016 2017 2018 2020 2001 2002 2027 2028 1450 2030 2038 2040 2041 2042 2043 2044 1097 2045 1611 1428 2046 447 1713 -1
2006: 2002 2010 2012 2013 2014 2015 2016 2017 2018 2020 2001 2027 2030 2040 2041 2043 2044 1097 2045 1611 1428 2046 2047 447 1713 -1
2007: -1
2008: -1
2009: 2007 -1
2010: -1
2011: -1
2012: -1
2013: -1
2014: -1
2015: -1
2016: -1
2017: -1
2018: -1
2019: -1
2020: -1
2021: 2002 2001 -1
2022: 2002 2001 -1
2023: 2001 -1
2024: 2010 2012 2013 2014 2016 2017 2018 2019 2020 2001 2002 2028 1450 2030 2038 2040 2041 2042 2043 2044 1097 2045 1611 1428 2046 447 1713 -1
2025: 2001 2010 2012 2013 2014 2016 2017 2018 2020 2002 2027 2028 1450 2030 2038 2040 2041 2042 2043 2044 1097 2045 1611 1428 2046 447 1713 -1
2026: 2001 2002 2007 2008 2010 2012 2013 2014 2015 2016 2017 2018 2019 2020 2027 2028 2029 2030 2038 2040 2041 2042 2043 2044 1097 2045 1428 2046 2047 447 -1
2027: -1
2028: -1
2029: -1
2030: -1
2031: -1
2032: -1
2033: -1
2034: -1
2035: -1
2036: -1
2037: -1
2038: -1
2039: 2040 2041 2042 2043 2044 1097 2045 1611 1428 2001 2046 447 1713 -1
2040: -1
2041: -1
2042: -1
2043: -1
2044: 2638 -1
2045: -1
2046: -1
2047: -1
2048: 2021 2022 2023 2002 73 2003 2024 2004 2005 2006 2028 1450 2030 2038 -1
2049: 2001 2030 2027 1370 2078 2020 2047 73 1545 -1
2050: 2001 73 2031 -1
2051: -1
2052: -1
2053: -1
2054: -1
2055: -1
2056: -1
2057: -1
2058: -1
2059: -1
2060: -1
2061: 2094 2059 2060 2056 75 857 447 -1
2062: -1
2063: -1
2064: -1
2065: -1
2066: 447 -1
2067: -1
2068: -1
2069: 2088 -1
2070: -1
2071: -1
2072: -1
2073: -1
2074: 2287 -1
2075: -1
2076: 2073 -1
2077: -1
2078: -1
2079: -1
2080: 2081 -1
2081: 2080 -1
2082: -1
2083: -1
2084: -1
2085: -1
2086: 1450 -1
2087: -1
2088: 2069 -1
2089: -1
2090: 2085 2064 -1
2091: 300 2065 -1
2092: -1
2093: 2057 1577 -1
2094: 2061 -1
2095: 1981 2085 2286 297 2292 2083 -1
2096: 2098 2102 2106 2107 2108 2109 2110 2097 2111 2112 2113 2114 2115 2116 2117 2118 297 2292 2083 -1
2097: -1
2098: -1
2099: -1
2100: -1
2101: -1
2102: -1
2103: -1
2104: -1
2105: -1
2106: -1
2107: 2669 2112 -1
2108: -1
2109: -1
2110: -1
2111: -1
2112: 2096 2837 1235 1230 218 2544 2098 2639 2446 2669 2113 1585 2286 2285 2642 2115 2095 -1
2113: 2085 -1
2114: 2085 -1
2115: -1
2116: 1353 -1
2117: -1
2118: 2117 76 2113 2114 2107 -1
2119: -1
2120: -1
2121: 2122 -1
2122: -1
2123: 76 2117 -1
2124: 2119 2292 2289 2291 2805 2117 2098 76 2762 1353 2053 -1
2125: 76 2118 2157 -1
2126: 76 -1
2127: 2098 2112 76 2117 -1
2128: 2292 2837 297 76 2651 2054 2114 2110 300 2805 2678 -1
2129: 76 2669 -1
2130: 2085 2795 2291 2289 2304 297 2292 76 2798 -1
2131: 76 2118 2157 -1
2132: 218 1230 373 76 -1
2133: 2119 2837 297 2762 2286 2085 2107 76 2112 2000 2909 -1
2134: 76 -1
2135: 1353 2638 2703 6 1311 816 2837 1981 2286 76 2054 297 2082 2292 2822 2707 2875 300 354 2287 2813 2064 2797 2798 548 2210 2806 1483 -1
2136: 2115 2446 218 1235 76 2118 2157 2107 2647 1240 2114 2798 -1
2137: 76 2047 2118 -1
2138: 2115 1879 2639 2446 218 1235 2000 2105 2104 2108 1876 76 2118 2157 2117 2098 2112 2107 2110 1238 2647 1240 2114 2798 -1
2139: 2115 2117 76 2669 2107 -1
2140: 2117 76 2886 297 2642 2795 1981 2085 2286 2822 2813 2802 496 816 2078 2064 2823 -1
2141: 76 2837 1235 815 1230 218 2098 2639 2669 2116 2113 2286 2285 2642 2117 2115 -1
2142: 2642 2669 2107 76 2139 -1
2143: 2112 76 -1
2144: 2115 1230 2096 2118 76 2112 2117 816 2107 218 -1
2145: 1230 1585 2886 2117 76 2113 2118 2114 2107 2096 2112 816 -1
2146: 2639 76 2446 1230 1235 2651 -1
2147: 2117 76 2113 2118 2114 2107 -1
2148: 2121 2289 2102 2104 76 1542 2837 297 2054 -1
2149: 2497 1853 2762 1230 2117 76 1611 1097 2089 -1
2150: 2108 76 2112 -1
2151: 2105 76 1230 2098 -1
2152: 76 2000 2117 2118 -1
2153: 1230 2117 76 2113 2118 2114 2107 -1
2154: 1415 76 1235 218 1239 2113 2098 2215 1230 2703 1878 -1
2155: 76 2837 1235 815 1230 218 2098 2639 2446 2669 2116 2113 2286 2285 2642 2117 2115 -1
2156: 76 1585 2110 856 218 2886 2116 2762 1353 2905 2053 1355 2055 1590 2085 1981 2827 2822 2016 2442 2651 2621 452 1311 66 824 512 2638 2639 2806 816 2210 2678 2808 2065 2805 2289 2292 297 -1
2157: 1230 218 6 76 -1
2158: 2446 2107 2117 2098 2112 76 2118 -1
2159: 76 -1
2160: -1
2161: 2162 2160 -1
2162: 2175 2164 2173 2166 2165 2167 -1
2163: -1
2164: -1
2165: 2639 2162 2701 -1
2166: 2160 2162 -1
2167: 2162 -1
2168: -1
2169: -1
2170: -1
2171: 2163 -1
2172: 2907 -1
2173: 2174 -1
2174: -1
2175: 2162 -1
2176: 2648 823 834 2165 2166 78 1131 -1
2177: 78 -1
2178: 78 2162 2175 -1
2179: 78 983 1354 2302 1235 2175 2215 371 1097 1305 -1
2180: 2622 2162 78 2166 2175 2164 2169 2163 -1
2181: -1
2182: -1
2183: -1
2184: -1
2185: -1
2186: -1
2187: -1
2188: -1
2189: 2187 -1
2190: 1415 447 -1
2191: -1
2192: -1
2193: -1
2194: -1
2195: -1
2196: -1
2197: -1
2198: -1
2199: 1483 297 -1
2200: -1
2201: -1
2202: -1
2203: 2287 -1
2204: -1
2205: -1
2206: -1
2207: -1
2208: -1
2209: -1
2210: 2292 -1
2211: -1
2212: -1
2213: 0 -1
2214: -1
2215: -1
2216: -1
2217: -1
2218: -1
2219: -1
2220: -1
2221: -1
2222: -1
2223: -1
2224: -1
2225: -1
2226: 1590 79 1618 2083 2292 2289 297 1581 -1
2227: 79 1618 2083 2292 2289 297 1581 1590 -1
2228: 79 -1
2229: 79 -1
2230: 79 -1
2231: 1713 -1
2232: -1
2233: 2232 2235 2246 2268 2249 2241 2245 2237 2238 2248 2234 2236 2239 2242 2244 -1
2234: 2232 -1
2235: -1
2236: -1
2237: -1
2238: -1
2239: -1
2240: -1
2241: -1
2242: -1
2243: -1
2244: -1
2245: -1
2246: -1
2247: 2232 2246 -1
2248: 2246 -1
2249: -1
2250: -1
2251: -1
2252: -1
2253: -1
2254: -1
2255: -1
2256: -1
2257: -1
2258: -1
2259: -1
2260: -1
2261: -1
2262: -1
2263: -1
2264: -1
2265: 371 2273 -1
2266: -1
2267: -1
2268: -1
2269: -1
2270: -1
2271: -1
2272: -1
2273: -1
2274: -1
2275: -1
2276: -1
2277: -1
2278: -1
2279: -1
2280: -1
2281: -1
2282: -1
2283: -1
2284: -1
2285: -1
2286: -1
2287: -1
2288: -1
2289: -1
2290: -1
2291: -1
2292: -1
2293: 808 83 -1
2294: 83 -1
2295: 2370 83 -1
2296: 83 2286 2055 -1
2297: 83 -1
2298: 83 -1
2299: 83 -1
2300: 2806 -1
2301: -1
2302: 1878 -1
2303: -1
2304: 2306 2307 2308 2310 2311 2312 2313 2314 2315 2316 2317 2328 -1
2305: -1
2306: 2285 2286 -1
2307: -1
2308: 2304 -1
2309: 2306 2307 2308 2310 2311 2312 2313 2314 2316 2317 2328 -1
2310: -1
2311: -1
2312: -1
2313: -1
2314: 2315 2316 2328 -1
2315: -1
2316: -1
2317: -1
2318: 2306 2307 2308 2310 2311 2312 2313 2314 2315 2316 2317 2328 -1
2319: 2306 2307 2308 2310 2311 2312 2313 2314 2315 2316 2317 2328 -1
2320: -1
2321: 2306 2307 2308 2315 2314 2310 2312 2313 2316 2317 2328 -1
2322: 2306 2307 2308 2315 2314 2310 2312 2313 2316 2317 2328 -1
2323: 2306 2307 2308 2315 2314 2310 2312 2313 2316 2317 2328 -1
2324: 2306 2307 2308 2315 2314 2310 2312 2313 2316 2317 2328 -1
2325: 2306 2307 2308 2315 2314 2310 2312 2316 2317 2328 -1
2326: 2306 2307 2308 2310 2311 2312 2313 2314 2315 2316 2317 2328 -1
2327: -1
2328: 2304 2306 2315 2314 -1
2329: 86 -1
2330: 86 -1
2331: 2304 -1
2332: 2306 2315 2314 -1
2333: 86 -1
2334: 2282 2815 2252 2304 86 -1
2335: 2370 86 -1
2336: 2370 2304 2326 86 -1
2337: 2304 86 -1
2338: 1483 -1
2339: 86 -1
2340: 86 -1
2341: 2200 1702 86 2304 -1
2342: 86 2304 -1
2343: 86 -1
2344: 2304 1330 -1
2345: 2304 86 -1
2346: 86 -1
2347: 1605 2197 2304 2289 2292 -1
2348: 2817 1450 1564 2739 -1
2349: 2822 86 2289 1370 2304 2860 2073 300 -1
2350: 86 2304 -1
2351: 1469 2304 2311 2308 -1
2352: 86 -1
2353: 2292 2291 2304 2064 -1
2354: 2356 -1
2355: 2356 -1
2356: -1
2357: 2366 -1
2358: -1
2359: -1
2360: 1 1587 1097 -1
2361: -1
2362: -1
2363: -1
2364: -1
2365: -1
2366: -1
2367: -1
2368: -1
2369: -1
2370: -1
2371: -1
2372: -1
2373: -1
2374: -1
2375: -1
2376: -1
2377: -1
2378: -1
2379: -1
2380: -1
2381: 2083 2292 2814 373 2796 -1
2382: 2285 2376 2373 2374 2375 2377 2378 2379 2380 89 1981 -1
2383: 2076 2376 2373 2374 2375 2377 2378 2379 2380 89 -1
2384: 8 -1
2385: 2376 -1
2386: 2083 2292 2814 373 2796 2116 2291 -1
2387: 2407 -1
2388: 2407 -1
2389: 2407 -1
2390: 2407 -1
2391: 2407 -1
2392: 2407 -1
2393: 2407 -1
2394: 2407 -1
2395: 2407 -1
2396: 2407 -1
2397: 2407 -1
2398: 2407 -1
2399: 2407 -1
2400: 2407 -1
2401: 2407 -1
2402: 2407 -1
2403: 2407 -1
2404: 2407 -1
2405: 2407 -1
2406: 2407 -1
2407: -1
2408: 2418 2413 2417 2415 -1
2409: 2411 2415 -1
2410: -1
2411: -1
2412: 218 -1
2413: -1
2414: -1
2415: -1
2416: -1
2417: 1230 1415 -1
2418: -1
2419: 2415 1432 -1
2420: 2410 -1
2421: 2416 91 -1
2422: 91 2408 2231 -1
2423: 2419 -1
2424: 2414 -1
2425: 2416 -1
2426: -1
2427: 1581 92 -1
2428: -1
2429: 2085 93 -1
2430: 93 -1
2431: 2432 -1
2432: -1
2433: 93 -1
2434: 93 -1
2435: 93 -1
2436: 1097 -1
2437: 93 -1
2438: 93 -1
2439: 93 -1
2440: 93 -1
2441: -1
2442: -1
2443: -1
2444: -1
2445: -1
2446: 1 2444 -1
2447: 2446 -1
2448: 218 1879 94 1415 1440 1611 2669 -1
2449: 1611 94 -1
2450: 95 -1
2451: 95 -1
2452: 1450 -1
2453: 2083 2289 2814 -1
2454: 2798 2016 2762 -1
2455: 2204 -1
2456: 2373 2374 2375 2376 2377 2378 2379 2380 -1
2457: 2805 297 2781 2642 2286 1702 2511 2798 1560 816 2799 2795 2119 -1
2458: -1
2459: 1806 -1
2460: 2462 2463 2464 2465 2466 2492 2493 300 2494 2495 2496 2497 2498 2499 2500 2501 2502 2503 2504 2505 2506 2507 2508 2509 2510 2511 2512 2513 2514 2515 2516 2517 2518 2519 2521 2522 2523 1137 2524 2525 2526 2527 2529 2530 2531 -1
2461: 2462 2463 2464 2465 2466 2492 2493 300 2494 2495 2496 2497 2498 2499 2500 2501 2502 2503 2504 2505 2506 2507 2508 2509 2510 2511 2512 2513 2514 2515 2516 2517 2518 2519 2521 2522 2523 1137 2524 2525 2526 2527 2529 2530 2531 -1
2462: 2289 -1
2463: -1
2464: -1
2465: -1
2466: -1
2467: 2462 2463 2464 2465 2466 2492 2493 300 2494 2495 2496 2497 2498 2499 2500 2501 2502 2503 2504 2505 2506 2507 2508 2509 2510 2511 2512 2513 2514 2515 2516 2517 2518 2519 2521 2522 2523 1137 2524 2525 2526 2527 2529 2530 2531 -1
2468: 2462 2463 2464 2465 2466 2492 2493 300 2494 2495 2496 2497 2498 2499 2500 2501 2502 2503 2504 2505 2506 2507 2508 2509 2510 2511 2512 2513 2514 2515 2516 2517 2518 2519 2521 2522 2523 1137 2524 2525 2526 2527 2529 2530 2531 -1
2469: 2462 2463 2464 2465 2466 2492 2493 300 2494 2495 2496 2497 2498 2499 2500 2501 2502 2503 2504 2505 2506 2507 2508 2509 2510 2511 2512 2513 2514 2515 2516 2517 2518 2519 2521 2522 2523 1137 2524 2525 2526 2527 2529 2530 2531 -1
2470: 2462 2463 2464 2465 2466 2492 2493 300 2494 2495 2496 2497 2498 2499 2500 2501 2502 2503 2504 2505 2506 2507 2508 2509 2510 2511 2512 2513 2514 2515 2516 2517 2518 2519 2521 2522 2523 1137 2524 2525 2526 2527 2529 2530 2531 -1
2471: 2462 2463 2464 2465 2466 2492 2493 300 2494 2495 2496 2497 2498 2499 2500 2501 2502 2503 2504 2505 2506 2507 2508 2509 2510 2511 2512 2513 2514 2515 2516 2517 2518 2519 2521 2522 2523 1137 2524 2525 2526 2527 2529 2530 2531 -1
2472: 2462 2463 2464 2465 2466 2492 2493 300 2494 2495 2496 2497 2498 2499 2500 2501 2502 2503 2504 2505 2506 2507 2508 2509 2510 2511 2512 2513 2514 2515 2516 2517 2518 2519 2521 2522 2523 1137 2524 2525 2526 2527 2529 2530 2531 -1
2473: 2462 2463 2464 2465 2466 2492 2493 300 2494 2495 2496 2497 2498 2499 2500 2501 2502 2503 2504 2505 2506 2507 2508 2509 2510 2511 2512 2513 2514 2515 2516 2517 2518 2519 2521 2522 2523 1137 2524 2525 2526 2527 2529 2530 2531 -1
2474: 2462 2463 2464 2465 2466 2492 2493 300 2494 2495 2496 2497 2498 2499 2500 2501 2502 2503 2504 2505 2506 2507 2508 2509 2510 2511 2512 2513 2514 2515 2516 2517 2518 2519 2521 2522 2523 1137 2524 2525 2526 2527 2529 2530 2531 -1
2475: 2462 2463 2464 2465 2466 2492 2493 300 2494 2495 2496 2497 2498 2499 2500 2501 2502 2503 2504 2505 2506 2507 2508 2509 2510 2511 2512 2513 2514 2515 2516 2517 2518 2519 2521 2522 2523 1137 2524 2525 2526 2527 2529 2530 2531 -1
2476: 2462 2463 2464 2465 2466 2492 2493 300 2494 2495 2496 2497 2498 2499 2500 2501 2502 2503 2504 2505 2506 2507 2508 2509 2510 2511 2512 2513 2514 2515 2516 2517 2518 2519 2521 2522 2523 1137 2524 2525 2526 2527 2529 2530 2531 -1
2477: 2462 2463 2464 2465 2466 2492 2493 300 2494 2495 2496 2497 2498 2499 2500 2501 2502 2503 2504 2505 2506 2507 2508 2509 2510 2511 2512 2513 2514 2515 2516 2517 2518 2519 2521 2522 2523 1137 2524 2525 2526 2527 2529 2530 2531 -1
2478: 2462 2463 2464 2465 2466 2492 2493 300 2494 2495 2496 2497 2498 2499 2500 2501 2502 2503 2504 2505 2506 2507 2508 2509 2510 2511 2512 2513 2514 2515 2516 2517 2518 2519 2521 2522 2523 1137 2524 2525 2526 2527 2529 2530 2531 -1
2479: 2462 2463 2464 2465 2466 2492 2493 300 2494 2495 2496 2497 2498 2499 2500 2501 2502 2503 2504 2505 2506 2507 2508 2509 2510 2511 2512 2513 2514 2515 2516 2517 2518 2519 2521 2522 2523 1137 2524 2525 2526 2527 2529 2530 2531 -1
2480: 2462 2463 2464 2465 2466 2492 2493 300 2494 2495 2496 2497 2498 2499 2500 2501 2502 2503 2504 2505 2506 2507 2508 2509 2510 2511 2512 2513 2514 2515 2516 2517 2518 2519 2521 2522 2523 1137 2524 2525 2526 2527 2529 2530 2531 -1
2481: 2462 2463 2464 2465 2466 2492 2493 300 2494 2495 2496 2497 2498 2499 2500 2501 2502 2503 2504 2505 2506 2507 2508 2509 2510 2511 2512 2513 2514 2515 2516 2517 2518 2519 2521 2522 2523 1137 2524 2525 2526 2527 2529 2530 2531 -1
2482: 2462 2463 2464 2465 2466 2492 2493 300 2494 2495 2496 2497 2498 2499 2500 2501 2502 2503 2504 2505 2506 2507 2508 2509 2510 2511 2512 2513 2514 2515 2516 2517 2518 2519 2521 2522 2523 1137 2524 2525 2526 2527 2529 2530 2531 -1
2483: 2462 2463 2464 2465 2466 2492 2493 300 2494 2495 2496 2497 2498 2499 2500 2501 2502 2503 2504 2505 2506 2507 2508 2509 2510 2511 2512 2513 2514 2515 2516 2517 2518 2519 2521 2522 2523 1137 2524 2525 2526 2527 2529 2530 2531 -1
2484: 2462 2463 2464 2465 2466 2492 2493 300 2494 2495 2496 2497 2498 2499 2500 2501 2502 2503 2504 2505 2506 2507 2508 2509 2510 2511 2512 2513 2514 2515 2516 2517 2518 2519 2521 2522 2523 1137 2524 2525 2526 2527 2529 2530 2531 -1
2485: 2462 2463 2464 2465 2466 2492 2493 300 2494 2495 2496 2497 2498 2499 2500 2501 2502 2503 2504 2505 2506 2507 2508 2509 2510 2511 2512 2513 2514 2515 2516 2517 2518 2519 2521 2522 2523 1137 2524 2525 2526 2527 2529 2530 2531 -1
2486: 2462 2463 2464 2465 2466 2492 2493 300 2494 2495 2496 2497 2498 2499 2500 2501 2502 2503 2504 2505 2506 2507 2508 2509 2510 2511 2512 2513 2514 2515 2516 2517 2518 2519 2521 2522 2523 1137 2524 2525 2526 2527 2529 2530 2531 -1
2487: 2462 2463 2464 2465 2466 2492 2493 300 2494 2495 2496 2497 2498 2499 2500 2501 2502 2503 2504 2505 2506 2507 2508 2509 2510 2511 2512 2513 2514 2515 2516 2517 2518 2519 2521 2522 2523 1137 2524 2525 2526 2527 2529 2530 2531 -1
2488: 2462 2463 2464 2465 2466 2492 2493 300 2494 2495 2496 2497 2498 2499 2500 2501 2502 2503 2504 2505 2506 2507 2508 2509 2510 2511 2512 2513 2514 2515 2516 2517 2518 2519 2521 2522 2523 1137 2524 2525 2526 2527 2529 2530 2531 -1
2489: 2462 2463 2464 2465 2466 2492 2493 300 2494 2495 2496 2497 2498 2499 2500 2501 2502 2503 2504 2505 2506 2507 2508 2509 2510 2511 2512 2513 2514 2515 2516 2517 2518 2519 2521 2522 2523 1137 2524 2525 2526 2527 2529 2530 2531 -1
2490: 2462 2463 2464 2465 2466 2492 2493 300 2494 2495 2496 2497 2498 2499 2500 2501 2502 2503 2504 2505 2506 2507 2508 2509 2510 2511 2512 2513 2514 2515 2516 2517 2518 2519 2521 2522 2523 1137 2524 2525 2526 2527 2529 2530 2531 -1
2491: 2462 2463 2464 2465 2466 2492 2493 300 2494 2495 2496 2497 2498 2499 2500 2501 2502 2503 2504 2505 2506 2507 2508 2509 2510 2511 2512 2513 2514 2515 2516 2517 2518 2519 2521 2522 2523 1137 2524 2525 2526 2527 2529 2530 2531 -1
2492: -1
2493: -1
2494: -1
2495: -1
2496: -1
2497: -1
2498: -1
2499: -1
2500: -1
2501: -1
2502: -1
2503: -1
2504: -1
2505: -1
2506: -1
2507: -1
2508: -1
2509: -1
2510: -1
2511: -1
2512: -1
2513: -1
2514: -1
2515: -1
2516: -1
2517: -1
2518: -1
2519: -1
2520: 2462 2463 2464 2465 2466 2492 2493 300 2494 2495 2496 2497 2498 2499 2500 2501 2502 2503 2504 2505 2506 2507 2508 2509 2510 2511 2512 2513 2514 2515 2516 2517 2518 2519 2521 2522 2523 1137 2524 2525 2526 2527 2529 2530 2531 -1
2521: -1
2522: -1
2523: -1
2524: -1
2525: -1
2526: -1
2527: -1
2528: -1
2529: -1
2530: -1
2531: -1
2532: 96 -1
2533: 683 2241 96 717 1079 -1
2534: 96 -1
2535: 96 -1
2536: 2618 991 97 1230 -1
2537: 1305 97 -1
2538: 2536 2910 97 755 -1
2539: 2739 2536 2910 97 755 -1
2540: 1097 1355 97 -1
2541: 218 1235 2542 2886 2703 -1
2542: -1
2543: -1
2544: -1
2545: -1
2546: -1
2547: 99 -1
2548: 99 -1
2549: 99 -1
2550: 99 -1
2551: 99 -1
2552: 99 -1
2553: 99 -1
2554: 2546 99 -1
2555: 99 -1
2556: 99 -1
2557: -1
2558: -1
2559: -1
2560: -1
2561: -1
2562: -1
2563: -1
2564: -1
2565: 1582 2798 100 300 1560 -1
2566: 2200 100 -1
2567: 100 -1
2568: 1355 1702 100 -1
2569: 2808 2806 2642 2082 1981 2064 1240 2762 2288 100 2672 2678 2798 2837 297 -1
2570: 2289 2292 2291 100 2355 -1
2571: 297 2291 2292 2289 2795 -1
2572: 1483 -1
2573: 2798 100 2633 -1
2574: 816 2292 2291 100 2798 2837 -1
2575: 297 2291 100 2289 2798 -1
2576: 100 -1
2577: 297 2285 2083 2292 100 2289 2291 -1
2578: 100 2798 1968 2808 -1
2579: 2064 100 297 2292 -1
2580: 816 100 297 -1
2581: 100 2289 -1
2582: 100 1702 -1
2583: 2814 2083 2292 2796 2291 297 2289 1469 1716 100 2376 300 1311 2806 2817 2073 2511 2880 1702 -1
2584: 2798 100 -1
2585: 2064 1641 2909 2802 297 2289 2291 2292 100 -1
2586: 300 2304 2497 100 2823 -1
2587: 100 2798 2873 1968 -1
2588: 2356 2797 1577 2217 1243 2796 100 496 2800 2846 2083 2225 2289 2291 2292 -1
2589: 2814 297 2799 2800 2083 2289 2292 100 1702 2504 636 2802 1240 2271 2671 2638 1981 2801 2085 2286 1930 2053 2873 1560 2054 2703 2120 815 2808 2285 816 2287 2813 1553 2064 2805 2822 300 2860 -1
2590: 297 2292 2289 2291 100 2798 2799 -1
2591: 100 2501 2504 -1
2592: 2285 2690 2288 2798 2291 100 2796 297 2289 2292 2678 2018 2287 2076 1483 -1
2593: 816 100 297 2289 2292 1483 2800 1079 2642 300 1240 2064 2065 2831 2806 1450 2799 2442 2667 2798 1560 2814 2875 2210 447 1097 2508 2678 2771 1590 2837 2639 1581 2286 2672 2285 2669 2854 1230 -1
2594: 2289 2291 2796 297 -1
2595: 843 -1
2596: 102 -1
2597: 102 2302 -1
2598: -1
2599: -1
2600: 2598 2599 -1
2601: -1
2602: -1
2603: 104 -1
2604: 104 2936 -1
2605: 2814 104 -1
2606: 104 -1
2607: 104 -1
2608: 104 2761 -1
2609: 104 -1
2610: 104 -1
2611: 6 2806 2909 2458 2799 2542 1415 2891 104 1626 -1
2612: 104 -1
2613: 104 -1
2614: 104 -1
2615: 104 -1
2616: 104 -1
2617: -1
2618: -1
2619: -1
2620: -1
2621: 2622 1450 -1
2622: 2621 -1
2623: 106 -1
2624: 2287 -1
2625: -1
2626: 177 -1
2627: -1
2628: -1
2629: -1
2630: -1
2631: -1
2632: -1
2633: -1
2634: 816 815 2635 2636 2637 2638 2639 2640 2641 2642 -1
2635: -1
2636: -1
2637: -1
2638: 2639 -1
2639: 2638 -1
2640: 2285 2669 2286 -1
2641: -1
2642: -1
2643: 1469 2806 817 827 816 823 809 830 837 818 2667 841 825 834 836 -1
2644: -1
2645: -1
2646: -1
2647: 2653 2875 2174 2860 1239 2285 -1
2648: -1
2649: 2648 2647 -1
2650: 1743 -1
2651: 822 -1
2652: -1
2653: -1
2654: -1
2655: -1
2656: -1
2657: -1
2658: -1
2659: -1
2660: -1
2661: -1
2662: -1
2663: -1
2664: -1
2665: -1
2666: -1
2667: -1
2668: -1
2669: -1
2670: -1
2671: -1
2672: -1
2673: -1
2674: -1
2675: -1
2676: -1
2677: -1
2678: -1
2679: 816 -1
2680: 816 -1
2681: 2682 -1
2682: -1
2683: -1
2684: 2802 2106 1230 218 2197 2274 2271 297 -1
2685: 2875 1415 2639 2446 297 2292 2289 2291 2796 2197 2277 2802 2285 -1
2686: 1230 2285 1553 2292 -1
2687: 1415 2106 2683 816 297 2508 2273 1230 2940 2285 -1
2688: 2802 -1
2689: 2683 1230 1611 -1
2690: -1
2691: -1
2692: 111 -1
2693: 2197 1230 224 111 1241 1242 1878 2157 -1
2694: 111 -1
2695: 111 -1
2696: 2287 2860 2285 2672 -1
2697: 111 1428 447 2678 1560 2054 460 2498 1966 1702 2815 2798 1415 2277 1230 2802 2875 297 1097 -1
2698: 111 -1
2699: 111 1230 2204 -1
2700: 1097 1230 1417 2181 1305 1 1875 1864 1239 1235 111 1241 1238 1874 1434 -1
2701: -1
2702: 2707 2713 -1
2703: -1
2704: -1
2705: -1
2706: -1
2707: -1
2708: 2722 2715 2716 2718 2717 -1
2709: -1
2710: 2715 2716 2718 2717 2722 -1
2711: 2715 2716 2718 2717 2722 -1
2712: 2722 2715 2716 2718 2717 -1
2713: -1
2714: -1
2715: 2707 -1
2716: 2707 2711 2714 2710 2713 2709 2721 2722 2712 -1
2717: -1
2718: 2707 -1
2719: 2715 2716 2718 -1
2720: -1
2721: 2722 2715 2716 2718 -1
2722: -1
2723: 1641 2064 2083 2289 2799 1311 1577 285 2909 1370 2079 113 1560 832 809 2621 2846 1483 371 2246 991 2808 2800 2795 2805 2860 2065 -1
2724: 113 -1
2725: 113 -1
2726: 2823 113 -1
2727: 113 -1
2728: 113 2702 2703 2704 2705 2706 2707 2708 2709 2710 2711 2712 2713 2714 2715 2716 2717 2718 2719 2720 2721 2722 2231 -1
2729: 113 -1
2730: 113 -1
2731: 113 -1
2732: 113 -1
2733: -1
2734: 2407 -1
2735: 2739 2803 1450 2432 2891 -1
2736: 2739 2621 -1
2737: 1230 114 -1
2738: 114 -1
2739: 114 -1
2740: 300 -1
2741: 114 2733 2822 -1
2742: 114 -1
2743: 1641 114 -1
2744: 114 -1
2745: 1483 2618 1560 816 -1
2746: 2829 1428 114 2672 1618 1311 -1
2747: 679 2739 372 114 -1
2748: 2432 114 1450 371 2277 599 1158 1641 2458 -1
2749: 114 -1
2750: 114 -1
2751: 832 2542 114 -1
2752: 114 -1
2753: 2739 372 2288 114 -1
2754: 2756 -1
2755: 2754 2756 -1
2756: 2754 2755 -1
2757: -1
2758: -1
2759: 297 -1
2760: -1
2761: -1
2762: -1
2763: 1097 -1
2764: -1
2765: 2766 -1
2766: -1
2767: -1
2768: -1
2769: 297 2877 2805 -1
2770: 2690 2285 -1
2771: -1
2772: 2849 -1
2773: 2849 -1
2774: -1
2775: 2849 2850 297 -1
2776: 2764 -1
2777: 2287 2762 2285 2845 2846 2847 -1
2778: -1
2779: -1
2780: -1
2781: -1
2782: -1
2783: -1
2784: -1
2785: 2016 -1
2786: 1 2815 -1
2787: 297 -1
2788: 2848 2871 -1
2789: 2825 2822 -1
2790: 2822 679 2073 2826 -1
2791: 2762 2073 -1
2792: 2823 2871 -1
2793: 2884 -1
2794: 300 2073 -1
2795: 2292 -1
2796: -1
2797: -1
2798: -1
2799: -1
2800: -1
2801: -1
2802: -1
2803: -1
2804: -1
2805: -1
2806: -1
2807: -1
2808: 297 -1
2809: -1
2810: -1
2811: -1
2812: -1
2813: -1
2814: -1
2815: -1
2816: -1
2817: -1
2818: -1
2819: -1
2820: -1
2821: -1
2822: -1
2823: -1
2824: -1
2825: 1283 -1
2826: -1
2827: -1
2828: -1
2829: -1
2830: 1981 2827 2829 2828 -1
2831: -1
2832: -1
2833: -1
2834: 2289 -1
2835: -1
2836: 2639 -1
2837: 2638 -1
2838: -1
2839: -1
2840: -1
2841: -1
2842: -1
2843: 2844 -1
2844: -1
2845: -1
2846: -1
2847: -1
2848: -1
2849: -1
2850: -1
2851: -1
2852: -1
2853: -1
2854: -1
2855: 2856 2857 2863 2854 -1
2856: -1
2857: -1
2858: -1
2859: -1
2860: -1
2861: -1
2862: 2083 -1
2863: -1
2864: -1
2865: -1
2866: -1
2867: -1
2868: -1
2869: -1
2870: 2285 2781 2853 2073 -1
2871: -1
2872: 2286 2285 2837 -1
2873: 1928 1929 1311 -1
2874: -1
2875: -1
2876: -1
2877: -1
2878: -1
2879: -1
2880: -1
2881: -1
2882: -1
2883: 2778 117 -1
2884: 2781 2780 2783 2795 2796 2797 2798 2802 2803 2073 2769 2062 2805 2806 2807 2287 2808 2810 2812 2813 2814 2815 300 2817 2822 2823 2824 2825 2826 2831 2832 2834 1981 2827 2828 2829 2762 2836 2837 2838 2841 2842 2843 2844 2845 2078 2849 2850 2851 2852 2854 2856 2857 2858 297 2871 2875 2877 2878 2879 2764 -1
2885: 2806 2764 -1
2886: -1
2887: 1476 -1
2888: 1928 1929 1311 2873 -1
2889: 1450 -1
2890: -1
2891: -1
2892: 2891 -1
2893: 2805 2808 1097 2665 -1
2894: 2106 -1
2895: 1469 2805 -1
2896: 2106 -1
2897: 2432 2016 2798 2064 2846 -1
2898: 121 -1
2899: 2802 2805 2016 2064 -1
2900: 1641 2286 -1
2901: -1
2902: -1
2903: 2906 2905 -1
2904: -1
2905: 1097 -1
2906: 1097 -1
2907: -1
2908: -1
2909: -1
2910: -1
2911: -1
2912: 2088 -1
2913: 2073 2806 1311 2912 -1
2914: 123 -1
2915: 2873 2798 -1
2916: 2905 123 -1
2917: 2622 2621 2289 297 6 2762 1641 2542 1483 2672 2292 2795 1710 2798 1353 2860 2065 2805 2064 2799 2800 -1
2918: 1981 2286 2285 2828 1353 2827 2822 1311 2798 2806 2079 -1
2919: 2906 460 123 -1
2920: 2107 2064 2940 -1
2921: 1476 -1
2922: 2285 2690 2088 2924 2231 1626 -1
2923: 816 -1
2924: 1097 -1
2925: 1973 -1
2926: 123 -1
2927: 2906 2905 -1
2928: 297 2758 2874 1469 227 123 -1
2929: -1
2930: -1
2931: -1
2932: 1590 1581 -1
2933: 2302 1590 0 1407 -1
2934: -1
2935: -1
2936: -1
2937: 2268 2265 1450 -1
2938: 643 127 -1
2939: 127 -1
2940: -1
2941: -1
2942: -1
2943: -1
2944: 2943 -1
2945: -1
2946: 1354 -1
