0: 148 149 150 152 153 154 156 157 158 159 160 161 162 -1
1: 194 -1
2: 227 228 229 230 -1
3: 255 256 257 -1
4: -1
5: 309 310 313 314 315 316 317 -1
6: 153 -1
7: -1
8: -1
9: 433 0 -1
10: -1
11: -1
12: 503 157 504 -1
13: 507 508 -1
14: 524 525 526 -1
15: 546 547 548 -1
16: -1
17: 565 -1
18: 570 571 572 573 -1
19: 586 2119 587 588 205 589 590 591 592 593 -1
20: 595 596 597 39 598 599 600 601 602 604 605 606 607 608 610 611 612 613 614 615 616 617 -1
21: -1
22: 630 546 -1
23: -1
24: -1
25: -1
26: 704 -1
27: -1
28: -1
29: -1
30: 746 747 749 750 751 752 546 372 -1
31: 777 778 -1
32: 781 205 2 782 783 784 52 785 -1
33: -1
34: 805 -1
35: -1
36: 823 -1
37: 829 -1
38: 832 -1
39: 844 -1
40: 861 -1
41: -1
42: -1
43: -1
44: 910 -1
45: 916 -1
46: -1
47: 938 939 940 941 942 943 944 945 946 947 948 949 950 951 952 953 954 955 956 957 960 961 962 963 964 965 966 -1
48: -1
49: 1082 1083 1084 1085 1086 1087 1088 1089 1090 1091 1092 1093 1094 1095 1096 1097 1098 1099 1100 1101 1102 1103 1104 1105 1106 1107 1108 -1
50: 1113 -1
51: 1117 -1
52: -1
53: -1
54: 1149 -1
55: 1160 1161 1162 -1
56: 1169 1 588 1170 1171 1172 1173 586 1174 -1
57: 1176 1177 -1
58: -1
59: 1200 -1
60: 1207 -1
61: -1
62: 1214 1215 588 1216 1217 1170 1218 1 1219 1220 147 5 1221 1222 1223 1224 1225 1226 4 1227 1228 1229 1230 1231 1232 1233 1234 108 1235 1236 1237 0 1238 1239 1240 1241 1242 1243 1244 -1
63: 586 1245 -1
64: 1251 -1
65: 1252 -1
66: 1254 -1
67: 1256 588 1257 1234 205 1241 1258 1259 1261 1262 1263 1264 1265 782 1266 -1
68: -1
69: -1
70: 1286 -1
71: 1304 1305 1306 -1
72: -1
73: 1320 -1
74: 1322 588 -1
75: 1323 -1
76: 1326 1327 -1
77: 1328 1329 1339 1344 1345 1346 1347 -1
78: 1352 1353 1354 1355 1356 1357 1358 1359 1360 1361 1362 1363 1364 1365 1366 1367 1368 1369 1370 1371 1372 1373 1374 1375 1376 1377 1378 1379 1380 1381 -1
79: 1395 1397 1398 1399 1400 1401 1402 1403 1404 1405 1406 1407 1408 1409 1410 1411 1412 1416 1417 1418 1419 1420 1421 1422 1423 1426 1427 1428 1429 -1
80: 1432 124 1227 1433 1434 586 1095 205 1435 23 784 1436 108 1437 1171 39 1438 1439 8 11 1440 1441 1442 1443 1444 -1
81: 1448 1449 1450 1451 1452 1453 1454 1455 1456 1457 1458 1459 1460 1461 -1
82: 124 34 32 1465 1021 1466 1467 1468 1469 1470 1471 1472 1473 1474 1475 230 1476 1477 1478 1479 5 1480 1481 1482 1483 1484 1485 1486 1487 -1
83: 760 -1
84: 1490 -1
85: 1491 1492 1493 1494 -1
86: 1521 1524 1525 1526 1527 1528 -1
87: -1
88: -1
89: 1546 1547 1548 1549 1550 1551 1494 1552 -1
90: 1571 -1
91: 1573 -1
92: -1
93: -1
94: 1607 1608 1609 -1
95: 1616 1617 1618 1619 1620 1621 1622 1623 1625 1626 1627 1629 1630 -1
96: -1
97: -1
98: -1
99: -1
100: 1397 -1
101: 752 1678 546 -1
102: 1683 782 -1
103: 1706 -1
104: 1708 1711 1712 -1
105: -1
106: -1
107: 1234 1459 1721 1458 1722 1723 1724 1725 1726 1727 1728 1729 1730 1731 1732 1733 -1
108: -1
109: -1
110: 1765 -1
111: -1
112: -1
113: -1
114: 1775 1776 -1
115: -1
116: -1
117: 1153 1154 1155 1156 1157 1158 1159 1161 -1
118: 1810 1811 -1
119: 1817 1818 -1
120: 1820 -1
121: -1
122: 1828 1829 1830 1831 1832 1833 586 1834 1835 1514 1836 1837 1838 35 1839 1840 -1
123: 1841 -1
124: 1844 1845 1846 1847 1479 1848 1849 1850 1851 1852 591 1853 1854 1855 1856 2 1172 1857 1227 1858 80 1859 1860 1861 1862 1863 1864 1865 1866 1867 1868 1869 1870 1871 1872 1873 1874 1875 1876 1877 1878 1879 1880 1881 1882 1883 1884 1885 1886 1887 1888 1889 1890 1891 1892 1893 1894 1895 21 1469 1896 1897 1898 1899 1900 1901 1902 1903 1904 1905 1906 1907 1908 -1
125: 1924 1925 1926 1927 1928 -1
126: -1
127: 1947 -1
128: -1
129: 2022 2023 2024 -1
130: -1
131: 1083 2043 587 2044 2045 1442 2046 2047 2048 2049 2050 1095 2051 586 1174 39 546 2052 2053 2054 52 2055 2056 2057 2058 2059 376 2060 2061 2062 2063 2064 2065 2066 706 147 2067 2068 2069 752 2070 2071 2072 2073 2074 2075 2076 2077 1835 2078 2079 2080 1173 2081 2082 2083 2084 2085 2086 2087 -1
132: 2095 2096 2097 -1
133: 2100 2101 2102 586 2103 2105 2106 2107 2108 2109 615 147 2110 2111 2112 2113 2114 2115 2116 2117 2118 588 782 1172 1440 2119 2120 2121 2125 -1
134: -1
135: 2156 2181 2182 -1
136: 2184 2185 -1
137: 2186 -1
138: 2191 2192 2194 2195 2196 2197 2199 2200 2201 2207 2208 2209 2210 2211 -1
139: -1
140: 2213 2214 2215 2216 2217 -1
141: 1162 2219 2220 2221 2222 2223 2224 2225 2226 1729 2 1721 2227 2228 2229 2230 2231 2232 -1
142: 586 2242 2243 2244 1442 1083 782 -1
143: -1
144: 1514 1442 2257 2258 2259 1743 2260 2261 2262 -1
145: 805 2265 2266 2267 2268 -1
146: 2069 752 2270 2271 2272 2273 2274 -1
147: 600 -1
148: -1
149: -1
150: -1
151: 65 1257 2023 1940 1435 108 1 9 1170 1234 1214 505 588 6 1230 1171 14 1256 1241 25 2211 2218 1220 160 -1
152: -1
153: -1
154: 1861 1255 2022 586 0 1438 95 1322 1170 1237 1174 -1
155: 156 157 158 9 118 -1
156: -1
157: -1
158: 1861 1255 2022 586 0 1438 95 1322 1170 1237 1174 -1
159: -1
160: -1
161: -1
162: -1
163: 505 1170 2186 -1
164: 505 2218 0 -1
165: 0 1940 -1
166: 2211 -1
167: 1216 -1
168: 0 -1
169: 0 4 2073 2257 1262 1215 958 1261 160 -1
170: 1216 2211 1813 -1
171: 1220 2227 2218 1214 14 108 570 1456 -1
172: 1256 205 1215 0 -1
173: 2073 0 2 4 2257 1262 1170 316 160 -1
174: 1448 1449 1450 1451 1452 0 14 1256 1170 1443 1840 750 586 782 1094 -1
175: 1262 0 -1
176: 205 1215 -1
177: 1170 1257 -1
178: 0 -1
179: 586 2119 30 -1
180: 0 1707 2107 1216 2211 316 160 -1
181: 2211 1262 2147 1170 588 0 1256 782 505 -1
182: 588 1170 -1
183: -1
184: 1256 1438 1220 1261 269 505 108 588 1215 1171 2211 14 -1
185: 1813 -1
186: 1234 1435 588 1170 0 5 2 1257 205 1241 1258 1259 1260 1261 1262 1263 1264 1265 782 1266 -1
187: 0 -1
188: 1216 781 2218 590 589 0 1256 -1
189: 1256 0 936 2218 1435 -1
190: 1813 2211 -1
191: 1856 0 1835 750 -1
192: 1215 1262 -1
193: 0 1216 -1
194: -1
195: 2231 1721 3 2228 -1
196: 1 1257 1543 -1
197: 1947 -1
198: 174 3 2073 -1
199: 1448 1449 1450 1451 1452 1457 1458 1459 -1
200: 2244 591 0 1851 2 1438 1257 1262 108 588 153 1170 2023 1230 1171 -1
201: 2211 1 586 1835 -1
202: 1 9 -1
203: 2227 1237 1238 2 588 1234 1170 1214 442 108 153 1 1171 1585 -1
204: 1 -1
205: -1
206: 588 1234 0 1170 1169 1171 1228 505 108 1 3 -1
207: 1216 1257 1228 1 1442 1230 2068 -1
208: 205 588 1172 586 782 1173 783 1608 -1
209: 778 -1
210: 316 -1
211: 1 1170 1234 9 -1
212: 1441 1 958 -1
213: 1170 588 505 1 -1
214: 108 588 205 505 1262 0 1256 782 -1
215: 1631 588 1 586 1440 3 1861 1261 -1
216: 586 1 1878 -1
217: 0 1256 205 -1
218: 1117 1233 1 1851 588 -1
219: 2 586 1 25 -1
220: 1235 590 589 591 2129 1 588 -1
221: 505 0 205 1171 2 108 1261 588 1585 1436 -1
222: 1170 588 1 1257 -1
223: 1 586 -1
224: 2211 1 -1
225: 1235 2 505 588 1 -1
226: 205 588 -1
227: -1
228: -1
229: -1
230: 1173 2119 1172 586 -1
231: 25 2 1263 1234 1235 108 588 1 1170 14 2218 0 124 1171 8 5 1877 1908 1262 1233 2186 1438 449 230 -1
232: 1851 87 586 1084 2 588 1 3 1170 82 1273 519 1844 2218 781 2022 1835 1631 1036 590 2119 505 783 1543 -1
233: 2 -1
234: 1172 1216 1743 1442 1084 2 1813 -1
235: 505 2 160 -1
236: 2 1170 25 958 -1
237: 1093 2 -1
238: 2 587 588 -1
239: 1438 2 348 -1
240: 2 782 586 1442 1170 -1
241: 505 2218 588 784 2 -1
242: 2 590 589 -1
243: 2 1257 1220 1261 588 442 1215 1170 -1
244: 316 -1
245: 2 -1
246: 1947 -1
247: 1940 1941 1942 1943 1944 1946 1947 1466 1948 1955 1956 1957 1958 1959 1960 1961 1962 1963 1964 1965 1966 1967 1968 1969 1970 1971 1972 1973 1974 1975 1976 1977 1978 1979 1980 1981 1982 1983 1984 1985 1986 1987 1988 1989 1990 1991 1992 1993 1994 1995 1996 1997 1998 1999 2000 2001 2002 2003 2004 2005 2006 2007 2008 2009 2010 2011 2012 2013 2014 2015 -1
248: 1113 2 590 589 591 1543 -1
249: 10 1 1215 2 30 750 747 -1
250: 2 -1
251: 1220 2 2211 1263 1543 -1
252: 2 784 -1
253: 1854 2 2058 124 1873 1874 1875 -1
254: 0 2 588 1261 160 1234 505 783 -1
255: -1
256: -1
257: 3 -1
258: 2022 255 505 1257 -1
259: 2211 958 589 3 2208 1707 -1
260: 589 590 588 1 1257 1170 -1
261: 1227 3 1171 586 2058 1854 782 1851 2079 -1
262: 1218 -1
263: 3 -1
264: 1235 1084 3 -1
265: 3 -1
266: 1947 -1
267: 2119 588 -1
268: 1947 316 -1
269: -1
270: 1220 1256 0 3 1234 1 781 -1
271: 1256 3 1 505 -1
272: 1257 1261 588 1 3 1170 -1
273: 309 310 -1
274: 586 3 -1
275: 3 -1
276: 588 -1
277: 505 3 2218 1707 570 2211 -1
278: 1174 -1
279: 1227 588 1 3 1171 2275 586 2058 1835 1851 -1
280: 1940 1941 1942 1943 1944 1946 1947 1945 1948 1949 1950 1951 1952 1953 1955 1956 1957 1958 1959 1960 1961 1962 1963 1964 1965 1966 1967 1968 1969 1970 1971 1972 1973 1974 1975 1976 1977 1978 1979 1980 1981 1982 1983 1984 1985 1986 1987 1988 1989 1990 1991 1992 1993 1994 1995 1996 1997 1998 1999 2000 2001 2002 2003 2004 2005 2006 2007 2008 2009 2010 2011 2012 2013 2014 2015 -1
281: 5 3 591 590 589 -1
282: 1571 4 -1
283: 0 4 -1
284: 0 4 183 -1
285: 4 -1
286: 4 958 0 52 65 1256 -1
287: 108 1435 0 4 2023 1234 1257 1256 1220 1 -1
288: 0 505 2023 1257 4 -1
289: 1947 -1
290: 4 958 0 52 65 1256 -1
291: 1940 1442 124 34 1468 4 -1
292: 0 151 4 -1
293: 0 4 183 153 1481 1482 1483 1484 1485 1486 1487 -1
294: 1214 124 0 1256 1220 570 1228 505 108 1 1259 9 1170 1230 1171 1241 25 231 14 4 2023 1435 922 159 8 68 778 -1
295: 4 -1
296: 0 4 -1
297: 0 4 183 153 1481 1482 1483 1484 1485 1486 1487 -1
298: 4 -1
299: 2073 0 2257 1262 1170 316 4 1435 1 1215 -1
300: 958 0 -1
301: 2073 1228 0 2 4 2257 1262 1 1170 316 160 958 151 1234 1435 1215 -1
302: 4 -1
303: 4 588 9 3 6 14 1 62 1435 75 -1
304: 4 -1
305: 0 1256 4 1262 -1
306: 0 4 -1
307: 0 4 958 -1
308: 0 4 183 153 1481 1482 1483 1484 1485 1486 1487 -1
309: 310 -1
310: -1
311: -1
312: 591 590 589 2207 -1
313: -1
314: -1
315: -1
316: 1940 1941 1942 1943 1944 1946 1947 1948 1955 1956 1957 1958 1959 1960 1961 1962 1963 1964 1965 1966 1967 1968 1969 1970 1971 1972 1973 1974 1975 1976 1977 1978 1979 1980 1981 1982 1983 1984 1985 1986 1987 1988 1989 1990 1991 1992 1993 1994 1995 1996 1997 1998 1999 2000 2001 2002 2003 2004 2005 2006 2007 2008 2009 2010 2011 2012 2013 2014 2015 -1
317: 1851 -1
318: 273 -1
319: 1227 28 5 10 1218 1232 95 1237 273 -1
320: 1163 5 -1
321: 5 586 -1
322: 5 -1
323: 588 9 3 782 1232 1095 1724 -1
324: 2129 1163 782 311 5 124 1095 1586 2023 1097 2043 -1
325: 124 34 32 1465 1021 1467 1466 1468 1469 1470 1471 1472 1473 1474 1475 230 1476 1477 1478 1479 5 -1
326: 1436 -1
327: 589 5 1216 -1
328: 589 -1
329: 42 2260 124 1227 5 1870 -1
330: 1216 1376 5 1261 2022 591 -1
331: 1170 -1
332: 1227 782 5 -1
333: 273 -1
334: 5 -1
335: 134 -1
336: 5 591 -1
337: 2054 586 2058 5 10 -1
338: 590 589 -1
339: 6 -1
340: 0 1256 1257 1220 1241 1234 1228 1261 1262 505 108 1216 1 588 153 1856 1170 1238 1230 1171 2218 -1
341: 25 0 65 2 1257 88 1220 1234 1228 2211 1216 134 1243 505 1435 230 591 108 1813 1 588 153 442 1238 1170 2023 1230 1171 570 781 14 1261 316 160 -1
342: 1256 505 -1
343: 0 1257 1228 134 1435 108 1 9 6 1170 1230 14 -1
344: 2244 0 1256 1220 1261 505 108 588 6 1170 -1
345: 25 0 1256 1257 1438 1220 1234 1214 1228 1216 134 1235 505 1435 108 588 1 9 6 1170 150 1238 1230 1171 2211 14 1161 752 -1
346: 0 2 1257 1169 1220 1234 1228 1585 1262 505 108 1 588 6 1215 1170 1171 1241 2211 2218 -1
347: 1241 781 591 -1
348: 25 0 1257 1438 1220 570 1228 134 505 108 1 588 153 1170 1238 1230 2211 2218 -1
349: 14 1220 108 588 205 6 1171 126 8 2 1438 -1
350: 2 1220 505 108 153 783 1171 1170 1238 1230 0 1257 1 591 781 2211 151 -1
351: 6 -1
352: 505 1117 1261 160 2257 25 0 2 1257 1169 1228 108 1 153 588 1215 1170 1171 -1
353: 1 6 -1
354: 1947 -1
355: 25 1257 1220 570 1228 505 588 6 1170 1238 1230 781 1171 -1
356: 588 1261 1438 205 8 6 -1
357: 1234 25 2 0 1438 1257 1220 2186 505 1435 108 588 1 153 1215 1856 1170 2023 -1
358: 25 0 2 1220 1234 1228 505 1257 1435 108 1 6 1170 2023 1238 781 2218 -1
359: 68 -1
360: 2 1261 1262 505 1435 108 1 588 6 1856 1170 214 2218 -1
361: 1851 2 1220 1230 519 448 505 3 108 588 1216 1241 1171 0 1170 1218 1 9 6 -1
362: 1170 588 108 205 1228 3 6 1257 1435 1438 1171 0 1230 2 1234 25 2218 505 1220 230 231 1442 1775 781 524 -1
363: 25 1257 1228 2211 505 108 588 1216 1 153 1170 2023 1238 1230 1171 -1
364: 1220 108 205 9 6 1171 14 126 -1
365: 2 1220 505 108 153 783 1171 1170 1238 1230 0 1257 9 1 591 781 2211 151 -1
366: 1241 1228 2211 505 108 588 6 1238 1171 1 9 1170 -1
367: 591 781 0 1438 1220 2186 108 1 6 9 1170 1238 1230 1171 2 2218 230 2147 2023 -1
368: 25 0 2 1438 1257 1228 505 2211 108 1 588 9 6 1170 1238 1230 -1
369: 0 2 1220 1234 1435 108 1 588 1216 153 1259 1170 1238 1230 2211 14 2186 214 157 503 1243 64 -1
370: 747 1835 586 1095 2051 587 1174 379 746 89 1091 1093 70 24 1255 828 1322 546 2068 2070 2109 760 372 1527 22 1443 1096 7 615 597 39 38 -1
371: 1089 -1
372: 1840 391 23 7 1442 1096 1893 752 -1
373: 752 1840 30 -1
374: 1442 1514 1835 379 39 7 599 -1
375: 599 7 597 147 614 -1
376: 586 1835 546 1514 2068 752 1113 2207 2119 85 -1
377: 7 599 -1
378: 548 -1
379: 1089 1245 7 1870 1514 587 1442 1173 1091 -1
380: 1835 7 546 1854 -1
381: 853 1299 1514 1105 7 1200 -1
382: 7 597 614 599 39 147 2271 2270 -1
383: 747 7 1940 15 828 391 546 752 1840 1835 1514 -1
384: 1234 7 2068 1083 1172 752 2119 587 2271 2044 586 2058 1440 1322 2047 782 -1
385: 587 1551 546 7 70 -1
386: 2103 752 832 599 597 7 -1
387: 752 1679 1835 -1
388: 586 2269 1091 1095 1551 -1
389: 85 2100 7 587 586 1174 -1
390: 1091 1514 1090 1551 752 2109 2068 1851 1870 587 147 39 1084 828 2051 7 2044 586 1440 1095 1839 1835 2270 -1
391: 1840 7 1527 1096 752 -1
392: 7 2068 1083 1172 1455 2100 2119 587 2271 2044 586 2058 1440 1322 2047 782 1241 -1
393: 7 -1
394: 1813 7 -1
395: 1084 782 7 2100 1095 586 1096 -1
396: 844 2211 1514 7 2119 587 2270 586 752 746 1835 1172 781 -1
397: 7 597 615 -1
398: 7 -1
399: 7 -1
400: 612 600 595 7 39 -1
401: 51 2058 782 586 1442 1095 109 70 -1
402: 752 1442 2273 2068 24 2257 316 2103 958 597 126 600 375 7 832 619 -1
403: 7 194 30 1091 -1
404: -1
405: 8 1170 65 2 -1
406: 8 -1
407: 8 -1
408: 8 -1
409: 1572 1214 0 1171 8 -1
410: 404 8 -1
411: 1256 1438 8 -1
412: 8 -1
413: 1945 8 -1
414: 1241 1234 588 1438 505 108 205 1171 0 1256 8 -1
415: 1442 1851 8 124 -1
416: 8 -1
417: 1227 425 147 8 -1
418: 0 1227 8 1729 -1
419: 1857 93 425 8 205 588 586 1171 1083 108 1095 1093 782 -1
420: 1220 1228 108 588 1856 1171 14 8 2218 -1
421: 124 2 1241 1441 1220 1234 1459 1262 1435 108 588 205 9 1856 1170 1 1171 1438 107 8 -1
422: 1220 1258 1256 8 1227 1877 786 1171 134 -1
423: 505 1084 586 1845 46 782 777 1227 124 1861 2 8 -1
424: 8 -1
425: 1448 1449 1450 1451 1452 8 -1
426: 8 205 586 -1
427: 2100 782 750 5 10 8 11 1442 2079 -1
428: 8 2 1737 -1
429: 8 10 1439 588 11 608 316 -1
430: 2 8 1441 1438 782 -1
431: 8 2 1438 -1
432: 8 1438 -1
433: -1
434: 788 -1
435: 148 -1
436: 2 1257 1220 1234 1228 505 1775 108 588 1 9 1170 781 1171 1216 2218 -1
437: 1170 586 9 -1
438: 9 -1
439: 9 103 -1
440: 1 1170 1234 9 -1
441: 1947 -1
442: 2 1257 1220 1228 505 588 1 9 783 1170 1171 781 -1
443: 1257 1169 1172 1173 2119 505 1 588 9 586 1440 1170 1171 -1
444: 958 1813 -1
445: 588 9 1170 1 586 1084 1095 2058 -1
446: 3 9 2 -1
447: 9 -1
448: 25 0 1438 1257 1234 1214 1258 1228 1235 108 1216 588 1 9 3 1170 1171 91 2211 14 2218 -1
449: 2 9 1721 505 1 1170 -1
450: 1861 1255 2022 586 0 1438 95 1322 1170 1237 1174 -1
451: 586 0 9 -1
452: 1543 1227 1840 1835 -1
453: 0 1438 1257 1234 1214 1258 1228 1235 108 1216 588 1 9 3 1170 1171 25 91 2211 14 2218 -1
454: 1257 2022 230 108 588 1 9 1170 1241 -1
455: 108 1 1243 9 2023 -1
456: 230 1257 1220 1228 505 1775 108 588 1 9 1170 2023 781 1171 2218 2237 1172 1173 2119 587 586 1440 524 -1
457: 782 102 586 -1
458: 750 10 -1
459: 1172 1173 2207 2119 2100 782 586 1095 827 589 591 590 2202 2190 -1
460: 10 2069 2055 1683 -1
461: 2085 2084 2068 2102 1813 1172 2119 1216 1173 597 586 1083 2078 2100 1095 2071 2051 750 52 2055 2063 2058 1440 2047 1442 782 147 2049 2044 1174 2060 958 2129 -1
462: 10 -1
463: 10 586 -1
464: 10 589 591 590 2208 781 -1
465: 41 1889 1442 78 -1
466: 10 -1
467: 10 -1
468: 10 -1
469: 590 589 591 2244 -1
470: 10 586 -1
471: 10 -1
472: 1711 10 1084 -1
473: 1174 2049 10 -1
474: 5 147 -1
475: 10 -1
476: 10 -1
477: 782 102 586 -1
478: 2119 1172 1435 2251 782 2100 2049 1436 10 2098 1813 1743 958 -1
479: 10 1095 782 -1
480: 10 -1
481: 591 1851 -1
482: 205 0 10 2058 586 2068 -1
483: 1227 10 51 5 -1
484: 529 10 2129 -1
485: 11 2046 2068 2109 2102 1173 2100 2119 1095 597 587 24 26 2044 1085 1092 586 2045 1440 102 1087 2047 2269 1174 2076 1091 1255 70 1084 1094 -1
486: 11 586 782 -1
487: 588 11 1170 1227 -1
488: 1721 -1
489: 1514 11 1940 1839 35 2046 2068 2109 1442 2050 2043 1083 2102 2078 2211 2079 1471 1173 2273 752 -1
490: 1255 151 2186 1 124 2043 1442 -1
491: 11 2207 -1
492: 1947 316 -1
493: 1227 28 0 11 19 2 1234 129 2062 1435 1170 1 586 1255 214 -1
494: 1218 -1
495: 1095 425 -1
496: 11 1439 -1
497: 586 588 -1
498: 28 1227 124 1851 11 1438 1234 1228 269 273 1273 19 -1
499: 11 -1
500: 11 2049 2046 2068 1456 2109 1083 1172 1455 2079 1173 2100 2119 1095 2071 587 2271 83 24 2270 26 2051 2258 2044 586 777 1092 2058 1440 1322 102 89 1087 1442 2269 1174 1096 548 1813 760 1084 2053 1091 1216 546 70 782 828 2063 -1
501: 5 1227 0 11 46 -1
502: 1442 1227 11 1 1095 -1
503: 1243 1170 0 9 -1
504: -1
505: -1
506: 1171 588 12 1815 134 2218 1261 -1
507: -1
508: -1
509: 507 508 -1
510: 124 1861 -1
511: 1373 591 2049 1861 154 -1
512: 32 129 1861 111 -1
513: 28 1227 1861 124 11 19 1438 1234 1273 1228 5 -1
514: 1861 -1
515: 1861 1255 2022 586 0 1438 95 1322 1170 1237 1174 -1
516: 108 1438 1257 588 1861 1170 -1
517: 32 129 1861 111 -1
518: 1947 316 -1
519: 1861 1255 2022 586 0 1438 95 1322 1170 1237 1174 -1
520: 1940 1941 1942 1943 1944 1946 1947 1948 1955 1956 1957 1958 1959 1960 1961 1962 1963 1964 1965 1966 1967 1968 1969 1970 1971 1972 1973 1974 1975 1976 1977 1978 1979 1980 1981 1982 1983 1984 1985 1986 1987 1988 1989 1990 1991 1992 1993 1994 1995 1996 1997 1998 1999 2000 2001 2002 2003 2004 2005 2006 2007 2008 2009 2010 2011 2012 2013 2014 2015 -1
521: 1947 316 -1
522: 1861 -1
523: 1861 -1
524: 14 -1
525: -1
526: -1
527: 0 2 1257 1438 1234 1228 505 108 1 588 1171 14 -1
528: 14 -1
529: 586 52 587 782 1170 1234 14 -1
530: 1170 588 2257 1234 1 14 1940 1230 1238 1171 108 1228 1257 230 -1
531: 1947 316 -1
532: 0 2 1438 1234 505 588 205 14 2218 1261 -1
533: 1241 -1
534: 1200 -1
535: 1229 1234 1228 1258 2211 9 505 1435 1572 588 58 1 153 1170 1230 25 14 2218 -1
536: 590 1173 2119 1442 1440 1216 1172 2209 -1
537: 1170 505 588 1220 108 14 1256 1241 1171 -1
538: 2218 524 -1
539: 1947 -1
540: 14 -1
541: 1947 316 -1
542: 1947 -1
543: 14 -1
544: 1256 1438 1220 1261 269 505 108 1 588 1215 1171 2211 14 -1
545: 1851 1438 1228 -1
546: -1
547: -1
548: 1429 2211 1113 -1
549: 15 586 -1
550: 16 -1
551: 16 -1
552: 16 -1
553: 16 1813 -1
554: 1813 16 2211 -1
555: 16 -1
556: 16 555 -1
557: 16 22 844 -1
558: 16 -1
559: 16 -1
560: 16 -1
561: 16 -1
562: 16 -1
563: 16 -1
564: 16 -1
565: -1
566: 124 2068 1707 97 17 567 1103 1688 142 1107 599 1102 -1
567: -1
568: 124 2068 1707 97 17 567 2084 1442 -1
569: -1
570: -1
571: -1
572: -1
573: 1940 -1
574: 1435 205 1215 -1
575: 2073 2257 1262 0 205 1215 -1
576: 2073 205 1215 -1
577: 2073 -1
578: 0 108 1 1170 1257 1171 505 -1
579: 2073 205 1215 -1
580: 1435 205 526 1215 2023 2211 -1
581: 39 615 586 2103 1098 41 89 2058 0 151 1257 2023 1435 205 784 108 585 75 1173 -1
582: 1215 1170 2023 -1
583: 151 4 958 1435 569 205 -1
584: 1228 1257 1435 1 1170 2023 1117 2022 -1
585: 958 -1
586: 2044 -1
587: -1
588: -1
589: -1
590: 591 -1
591: 589 590 -1
592: -1
593: -1
594: 2207 -1
595: -1
596: 1711 -1
597: -1
598: 39 2100 844 -1
599: -1
600: -1
601: -1
602: -1
603: -1
604: -1
605: -1
606: -1
607: -1
608: -1
609: 844 -1
610: -1
611: -1
612: -1
613: -1
614: -1
615: 39 1854 -1
616: -1
617: -1
618: 379 597 612 20 600 2121 586 2058 782 619 681 -1
619: 120 20 597 832 599 608 -1
620: 752 20 2102 1442 587 1083 -1
621: 1871 1872 21 1469 1905 1228 1855 1845 1846 1850 -1
622: 21 -1
623: 21 -1
624: 1870 -1
625: 21 1870 1682 -1
626: 21 1216 958 1326 2119 -1
627: 21 -1
628: 21 782 -1
629: 21 -1
630: -1
631: 1844 -1
632: 22 -1
633: 22 -1
634: 22 1827 1813 -1
635: 22 546 752 -1
636: 22 -1
637: 22 -1
638: 752 1835 22 546 -1
639: 767 750 2100 379 752 1084 2074 2049 2086 30 546 1835 22 7 23 1679 -1
640: 752 22 1679 -1
641: 24 22 7 2074 371 750 752 379 30 1084 767 546 1507 70 1835 23 1679 1844 -1
642: 7 1840 752 22 1679 -1
643: 22 -1
644: 372 746 -1
645: 681 752 24 23 2107 -1
646: 1835 852 24 1940 7 44 2078 54 85 750 371 1813 752 30 767 546 70 23 -1
647: 23 -1
648: 23 -1
649: 23 1173 30 -1
650: 23 -1
651: 23 -1
652: 1835 852 24 1940 7 44 2078 54 85 750 371 752 30 767 546 70 23 -1
653: 1443 752 1174 1940 546 23 -1
654: 644 -1
655: 1813 23 760 958 -1
656: 752 7 23 747 748 372 1527 -1
657: 1835 24 852 1940 7 44 2078 54 85 750 371 1813 752 30 767 546 70 23 -1
658: 119 752 39 1174 379 1322 586 1084 86 85 587 2052 2270 23 2051 1095 1835 546 -1
659: -1
660: 1083 618 2100 2062 597 587 24 2074 52 586 2058 2053 70 782 -1
661: 24 -1
662: 1436 1813 2046 1083 1095 2074 52 586 2058 1174 2053 2049 782 828 2060 -1
663: 2100 24 782 2049 1436 -1
664: 2109 586 24 70 782 1436 2103 -1
665: 24 -1
666: 24 -1
667: 24 587 586 546 1835 -1
668: 2100 1839 2046 1095 587 2258 586 2047 1442 782 615 147 614 -1
669: 1514 752 1095 591 2258 1442 2076 546 1834 2048 -1
670: 746 760 85 752 -1
671: 379 1173 24 587 -1
672: 608 24 2270 1839 2109 2273 2051 -1
673: 1547 1507 731 2068 24 2100 681 619 752 121 586 1174 2051 2270 587 2044 1322 52 2058 89 2056 2057 2059 2060 864 1083 719 85 1095 2265 746 1442 1087 724 427 828 2085 1246 855 599 70 216 782 1436 958 -1
674: 24 2080 2270 26 2051 1837 2258 2044 108 1085 1092 39 586 1813 2058 1440 102 1245 89 1087 1089 2086 2047 2269 1174 -1
675: 7 1083 587 1840 2270 24 586 2058 89 1087 1442 379 2059 1835 2211 108 958 -1
676: 2098 2100 24 2208 1113 2207 -1
677: 2088 1442 2084 24 2043 -1
678: 24 2100 2062 586 782 -1
679: 86 1835 752 2051 2270 1174 70 546 2049 -1
680: 752 24 681 147 1091 379 2078 720 1255 -1
681: 2100 1091 379 1095 2103 1174 24 2078 116 645 2269 680 1255 546 752 -1
682: 2109 -1
683: 24 596 595 -1
684: 7 1442 24 70 752 546 587 1083 586 1835 -1
685: 1514 1083 2100 2273 1442 24 2270 26 731 2058 2076 1174 2059 1091 1255 681 70 1551 -1
686: 587 586 1255 70 24 -1
687: 24 -1
688: 70 24 -1
689: 256 25 -1
690: 25 -1
691: 25 -1
692: 25 -1
693: 25 1257 1228 1435 1170 -1
694: 25 2 1257 1220 1442 1228 505 1775 230 108 1 1170 781 1171 2218 1172 1173 2054 2119 2100 587 586 1322 782 524 -1
695: 1257 1 1170 1255 -1
696: 25 -1
697: 25 -1
698: 1170 -1
699: 505 25 781 2218 316 -1
700: 1448 1449 1450 1451 1452 9 -1
701: 25 1171 2228 -1
702: 25 0 1256 1220 134 2227 -1
703: 1947 -1
704: -1
705: 587 2049 2052 2100 26 2051 750 586 777 2058 2047 2053 1091 782 -1
706: 782 1088 378 1681 1211 2080 1514 2046 1095 587 2051 2258 586 26 1087 2047 1442 1091 1255 1835 548 -1
707: 1514 1940 1083 2273 2100 1840 85 587 2271 24 26 2044 89 2086 39 379 546 681 70 782 1551 -1
708: 316 -1
709: 26 2068 1172 2100 827 -1
710: 782 587 26 2058 586 2119 1087 -1
711: 2211 26 827 -1
712: 747 586 26 -1
713: 1551 1116 1084 70 2051 26 750 586 1442 -1
714: 782 916 10 2086 26 2076 -1
715: 1172 26 379 1084 -1
716: 1840 586 1839 2265 2046 391 2270 26 2051 52 2258 1442 1440 102 1087 2047 1174 1096 379 1091 600 2271 -1
717: 26 -1
718: 2048 26 2076 1559 -1
719: 1455 -1
720: 2270 1322 2058 1813 587 1514 26 1174 27 2086 1091 379 70 828 681 746 -1
721: 26 -1
722: 1173 782 -1
723: 2109 1442 2119 1095 121 587 2270 26 2044 586 1440 1322 599 1091 27 1835 1817 1818 -1
724: 1174 -1
725: 316 -1
726: 2073 2068 2109 1083 2100 2119 2062 2070 2071 587 2270 26 2044 1085 586 1090 2063 2058 1442 615 2053 52 782 376 2048 -1
727: 7 1514 85 587 2270 26 2051 1440 70 1551 -1
728: 587 -1
729: 1170 3 1 1257 2058 1440 -1
730: 27 599 586 1299 1840 1204 567 1835 2058 735 657 548 1851 194 -1
731: -1
732: 28 -1
733: 28 -1
734: 1228 1257 28 5 -1
735: 588 586 1170 1174 1243 782 1227 28 5 273 -1
736: 28 5 10 1218 1232 273 -1
737: 1257 28 1262 72 -1
738: 28 1218 1237 1215 147 2186 -1
739: 1442 28 -1
740: 28 5 10 1232 273 546 1436 2 1438 1441 11 1442 147 844 -1
741: 2073 29 -1
742: 29 -1
743: 29 588 2073 -1
744: 29 -1
745: 1851 586 2060 587 588 1170 3 1438 1631 -1
746: -1
747: 752 1840 -1
748: 1711 -1
749: 1947 316 -1
750: 1840 2068 747 746 751 546 752 760 372 -1
751: -1
752: -1
753: 1173 591 1095 823 2084 782 1436 828 30 589 -1
754: 1608 30 1442 -1
755: 372 1093 379 30 746 23 -1
756: 1940 1941 1942 1943 2007 1946 1947 1948 1954 1974 1975 1976 1977 1978 1979 1980 1981 1982 1983 1984 1985 1986 1987 1988 1989 1990 1991 1992 1993 1994 1995 1996 1997 1998 1999 2000 2001 1944 2002 2003 2004 2005 2006 2008 2009 2010 2011 2012 2013 2014 2015 -1
757: 828 63 30 2100 -1
758: 30 -1
759: 1172 30 150 -1
760: 746 747 751 -1
761: 1084 782 1840 30 1083 747 586 2100 -1
762: 145 1095 1093 1096 747 30 746 1835 760 -1
763: 1442 586 1083 1440 30 1084 70 782 -1
764: 1443 -1
765: 30 -1
766: 30 -1
767: 749 752 2052 30 748 546 1091 1547 1443 681 1835 -1
768: 1947 -1
769: 781 958 1813 1019 0 124 2 1262 1095 750 588 1 1856 1440 1170 1238 1096 30 1084 1171 67 5 586 1174 1850 2211 1216 1257 591 590 1397 1572 2209 2208 1172 1608 505 2218 1543 2022 -1
770: 1216 30 -1
771: 30 -1
772: 781 1527 586 1084 30 -1
773: 30 746 53 -1
774: 1442 752 2273 958 2085 30 391 1835 2051 2068 -1
775: 1246 30 -1
776: 1947 -1
777: -1
778: -1
779: 780 -1
780: 1397 -1
781: -1
782: -1
783: 256 -1
784: 1170 -1
785: -1
786: -1
787: -1
788: -1
789: 9 -1
790: -1
791: 33 790 -1
792: 33 586 24 -1
793: 4 1234 33 -1
794: 805 -1
795: 805 -1
796: 805 -1
797: 805 -1
798: 805 -1
799: 805 -1
800: 805 -1
801: 805 -1
802: 805 -1
803: 805 -1
804: 805 -1
805: -1
806: 124 34 1021 1466 1468 1470 1471 1472 1473 1475 230 1476 1479 1465 1478 5 -1
807: 124 5 230 1471 1472 1470 1468 1465 1478 1473 1476 34 1021 1466 1475 1480 -1
808: 124 34 32 1465 1021 1467 1466 1468 1469 1470 1471 1472 1473 1474 1475 230 1476 1477 1478 1479 5 -1
809: 124 34 32 1465 1021 1466 1467 1468 1469 1470 1471 1472 1473 1474 1475 230 1476 1477 1478 1479 5 1481 1482 1483 1484 1485 1486 1487 -1
810: 124 34 1021 1466 1468 1470 1471 1472 1473 1475 230 1476 1479 1465 1478 5 -1
811: 124 34 1465 1466 1468 1470 1471 1472 1473 1475 230 1476 1478 5 -1
812: 34 1021 1467 1466 1468 1469 1470 1471 124 1472 1473 1474 1475 230 1476 1479 1465 1478 5 -1
813: 34 0 1021 2 4 1466 1468 1438 1257 1220 1234 1469 1214 1258 1470 1471 1228 1235 1472 1473 1237 230 108 1216 588 183 1 9 3 1476 37 1230 1940 1171 25 1241 231 1465 1478 5 2211 14 2218 -1
814: 124 -1
815: 586 1834 1835 1514 1836 1837 1838 35 1839 1840 -1
816: 2083 7 595 85 1840 86 24 586 1174 70 1835 1514 35 2119 2051 -1
817: 586 1834 1835 1514 1836 1837 1838 35 1839 1840 -1
818: 586 1840 1839 2053 52 2055 2058 376 1837 2060 89 2061 2063 1085 1090 864 1219 1088 1681 587 1211 26 1551 2109 116 24 2068 7 596 614 615 595 147 2052 2073 1087 1089 2076 2046 2050 1083 2258 1440 102 2047 1442 2048 1514 1940 35 2271 2270 2051 2074 1084 1174 1096 2059 1091 546 1255 1835 1094 591 590 589 752 -1
819: 586 1840 1839 2053 52 2055 2058 1837 2060 958 89 2061 2063 1085 864 1088 26 1551 2052 1087 1089 2076 2109 7 596 614 615 595 147 2046 2258 102 2047 2048 2054 35 2271 1096 1094 -1
820: 1095 2270 2051 586 379 7 597 39 147 2046 2050 2258 1442 2047 2058 2060 2061 2073 1087 1089 2076 1172 35 2271 2074 24 2044 1092 1090 2086 2269 1091 546 70 1094 1514 2078 2070 85 2080 1835 2063 2068 2109 2273 2100 116 752 659 2102 2079 -1
821: 35 -1
822: 85 2109 2051 7 587 2270 2044 586 1440 1840 1839 2053 52 2058 2059 376 2061 2063 89 1085 1090 1091 1551 2068 2069 752 147 2046 1083 1172 2258 144 1442 2047 1174 2048 2084 2083 5 35 1940 2078 379 546 1834 1870 2049 1173 1093 2079 2074 1092 2119 2082 658 1688 2086 1835 1493 -1
823: -1
824: 746 586 587 36 2100 2049 -1
825: 36 -1
826: 36 1889 782 827 1173 -1
827: -1
828: 1514 1835 546 1098 85 1851 2058 1322 41 36 586 748 1442 1083 1813 24 49 1551 757 720 760 -1
829: -1
830: 1238 2 1220 1237 37 1230 1940 1241 231 -1
831: 37 829 -1
832: -1
833: 38 -1
834: 38 -1
835: 38 -1
836: 1947 -1
837: 38 -1
838: 958 38 22 -1
839: 38 160 -1
840: 38 -1
841: 1940 1941 1942 1943 1944 1946 1947 1948 1949 1950 1951 1952 1953 1954 1955 1956 1957 1958 1959 1960 1961 1962 1963 1964 1965 1966 1967 1968 1969 1970 1971 1972 1973 1974 1975 1976 1977 1978 1979 1980 1981 1982 1983 1984 1985 1986 1987 1988 1989 1990 1991 1992 1993 1994 1995 1996 1997 1998 1999 2000 2001 2002 2003 2004 2005 2006 2007 2008 2009 2010 2011 2012 2013 2014 2015 -1
842: 38 -1
843: 615 7 38 39 596 614 595 147 -1
844: -1
845: 1854 39 1380 -1
846: 617 615 604 -1
847: 1818 -1
848: 1172 1216 2119 1173 -1
849: 2211 1442 39 2088 -1
850: 586 39 782 -1
851: 2100 39 587 782 -1
852: 858 39 1299 -1
853: 858 39 1299 -1
854: 1707 124 97 615 2100 587 379 958 142 1107 610 546 2103 -1
855: 39 -1
856: 1442 -1
857: 1442 586 7 39 2043 781 -1
858: 615 7 752 -1
859: 39 599 35 752 546 1514 612 613 597 782 -1
860: 1083 2100 587 42 2051 2044 2075 586 958 2058 2086 1442 604 610 1174 85 548 1436 70 1835 2103 -1
861: 587 -1
862: 41 -1
863: 41 -1
864: 41 -1
865: 41 -1
866: 41 -1
867: 1436 41 1245 1095 -1
868: 41 1889 39 1442 78 -1
869: 1834 41 -1
870: 42 1854 -1
871: 42 1854 -1
872: 315 586 42 -1
873: 42 -1
874: 1854 42 -1
875: 42 1194 -1
876: 42 1854 -1
877: 1227 5 2260 124 42 -1
878: 42 124 392 -1
879: 1947 -1
880: 42 -1
881: 1097 1854 42 587 -1
882: 1907 42 1854 587 586 1835 194 -1
883: 1854 42 2079 2058 587 -1
884: 42 2260 124 1227 5 760 -1
885: 42 1854 -1
886: 42 1854 -1
887: 1854 42 -1
888: 586 42 -1
889: 42 1854 -1
890: 42 878 -1
891: 42 -1
892: 1947 -1
893: 1854 42 2079 2058 587 -1
894: 1435 -1
895: 43 -1
896: 43 -1
897: 43 -1
898: 43 -1
899: 43 844 -1
900: 43 827 1827 -1
901: 43 -1
902: 43 -1
903: 43 -1
904: 43 -1
905: 43 -1
906: 43 -1
907: 43 -1
908: 43 -1
909: 43 -1
910: -1
911: 1827 958 -1
912: 1827 958 -1
913: 1827 958 -1
914: 2100 2109 1299 -1
915: 617 916 -1
916: 45 -1
917: 45 -1
918: 45 -1
919: 45 -1
920: 45 -1
921: 7 599 45 828 -1
922: 315 -1
923: 315 5 1227 0 11 46 -1
924: 46 527 -1
925: 46 -1
926: 46 -1
927: 2023 1435 46 -1
928: 1216 46 -1
929: 46 -1
930: 1232 1432 46 2186 -1
931: 1707 46 730 -1
932: 46 -1
933: 46 -1
934: 922 46 -1
935: 1233 1851 1257 2147 1262 1435 1170 46 -1
936: 1261 1228 46 1435 505 -1
937: 1216 46 -1
938: -1
939: -1
940: -1
941: -1
942: -1
943: -1
944: -1
945: -1
946: -1
947: -1
948: -1
949: -1
950: -1
951: -1
952: -1
953: -1
954: -1
955: -1
956: -1
957: -1
958: 938 957 966 -1
959: 938 960 957 961 962 963 964 965 966 -1
960: -1
961: -1
962: -1
963: -1
964: -1
965: -1
966: -1
967: 938 960 957 961 962 963 964 965 966 -1
968: 938 960 957 961 962 963 964 965 966 -1
969: 938 960 957 961 962 963 964 965 966 -1
970: 938 960 957 961 962 963 964 965 966 -1
971: 938 960 957 961 962 963 964 965 966 -1
972: 938 960 957 961 962 963 964 965 966 -1
973: 938 960 957 961 962 963 964 965 966 -1
974: 938 960 957 961 962 963 964 965 966 -1
975: 938 960 957 961 962 963 964 965 966 -1
976: 938 960 957 961 962 963 964 965 966 -1
977: 938 960 957 961 962 963 964 965 966 -1
978: 938 960 957 961 962 963 964 965 966 -1
979: 938 960 957 961 962 963 964 965 966 -1
980: 938 960 957 961 962 963 964 965 966 -1
981: 938 960 957 961 962 963 964 965 966 -1
982: 938 960 957 961 962 963 964 965 966 -1
983: 938 960 957 961 962 963 964 965 966 -1
984: 938 960 957 961 962 963 964 965 966 -1
985: 938 960 957 961 962 963 964 965 966 -1
986: 938 960 957 961 962 963 964 965 966 -1
987: 938 960 957 961 962 963 964 965 966 -1
988: 938 960 957 961 962 963 964 965 966 -1
989: 938 960 957 961 962 963 964 965 966 -1
990: 938 960 957 961 962 963 964 965 966 -1
991: 938 960 957 961 962 963 964 965 966 -1
992: 938 960 957 961 962 963 964 965 966 -1
993: 938 960 957 961 962 963 964 965 966 -1
994: 938 960 957 961 962 963 964 965 966 -1
995: 938 960 957 961 962 963 964 965 966 -1
996: 938 960 957 961 962 963 964 965 966 -1
997: 938 960 957 961 962 963 964 965 966 -1
998: 938 960 957 961 962 963 964 965 966 -1
999: 938 960 957 961 962 963 964 965 966 -1
1000: 938 960 957 961 962 963 964 965 966 -1
1001: 938 960 957 961 962 963 964 965 966 -1
1002: 938 960 957 961 962 963 964 965 966 -1
1003: 938 960 957 961 962 963 964 965 966 -1
1004: 938 960 957 961 962 963 964 965 966 -1
1005: 938 1581 960 957 961 962 963 964 965 966 -1
1006: 938 1581 960 957 961 962 963 964 965 966 -1
1007: 938 960 957 961 962 963 964 965 966 -1
1008: 938 960 957 961 962 963 964 965 966 -1
1009: 938 960 957 961 962 963 964 965 966 -1
1010: 938 960 957 961 962 963 964 965 966 -1
1011: 938 960 957 961 962 963 964 965 966 -1
1012: 938 960 957 961 962 963 964 965 966 -1
1013: 938 960 957 961 962 963 964 965 966 -1
1014: 938 960 957 961 962 963 964 965 966 -1
1015: 938 960 957 961 962 963 964 965 966 -1
1016: 938 960 957 961 962 963 964 965 966 -1
1017: 938 960 957 961 962 963 964 965 966 -1
1018: 938 960 957 961 962 963 964 965 966 -1
1019: 938 781 960 957 961 962 963 964 965 966 -1
1020: 938 1581 960 957 961 962 963 964 965 966 -1
1021: 938 960 957 961 962 963 964 965 966 -1
1022: 938 960 957 961 962 963 964 965 966 -1
1023: 938 960 957 961 962 963 964 965 966 -1
1024: 938 960 957 961 962 963 964 965 966 -1
1025: 938 960 957 961 962 963 964 965 966 -1
1026: 938 960 957 961 962 963 964 965 966 -1
1027: 938 960 957 961 962 963 964 965 966 -1
1028: 938 960 957 961 962 963 964 965 966 -1
1029: 938 960 957 961 962 963 964 965 966 -1
1030: 938 960 957 961 962 963 964 965 966 -1
1031: 938 960 957 961 962 963 964 965 966 -1
1032: 938 960 957 961 962 963 964 965 966 -1
1033: 938 960 957 961 962 963 964 965 966 -1
1034: 938 960 957 961 962 963 964 965 966 -1
1035: 938 960 957 961 962 963 964 965 966 -1
1036: 938 960 957 961 962 963 964 965 966 -1
1037: 938 960 957 961 962 963 964 965 966 -1
1038: 938 960 957 961 962 963 964 965 966 -1
1039: 938 960 957 961 962 963 964 965 966 -1
1040: 938 960 957 961 962 963 964 965 966 -1
1041: 938 960 957 961 962 963 964 965 966 -1
1042: 938 960 957 961 962 963 964 965 966 -1
1043: 938 960 957 961 962 963 964 965 966 -1
1044: 938 960 957 961 962 963 964 965 966 -1
1045: 938 960 957 961 962 963 964 965 966 -1
1046: 938 960 957 961 962 963 964 965 966 -1
1047: 938 960 957 961 962 963 964 965 966 -1
1048: 938 960 957 961 962 963 964 965 966 -1
1049: 938 960 957 961 962 963 964 965 966 -1
1050: 938 960 957 961 962 963 964 965 966 -1
1051: 938 960 957 961 962 963 964 965 966 -1
1052: 938 316 960 957 961 962 963 964 965 966 -1
1053: 938 960 957 961 962 963 964 965 966 -1
1054: 938 960 957 961 962 963 964 965 966 -1
1055: 938 960 957 961 962 963 964 965 966 -1
1056: 938 960 957 961 962 963 964 965 966 -1
1057: 938 960 957 961 962 963 964 965 966 -1
1058: 938 960 957 961 962 963 964 965 966 -1
1059: 938 960 957 961 962 963 964 965 966 -1
1060: 938 960 957 961 962 963 964 965 966 -1
1061: 938 960 957 961 962 963 964 965 966 -1
1062: 938 960 957 961 962 963 964 965 966 -1
1063: 938 960 957 961 962 963 964 965 966 -1
1064: 938 960 957 961 962 963 964 965 966 -1
1065: 938 960 957 961 962 963 964 965 966 -1
1066: 938 960 957 961 962 963 964 965 966 -1
1067: 938 960 957 961 962 963 964 965 966 -1
1068: 938 960 957 961 962 963 964 965 966 -1
1069: 938 960 957 961 962 963 964 965 966 -1
1070: 938 960 957 961 962 963 964 965 966 -1
1071: 938 960 957 961 962 963 964 965 966 -1
1072: 938 960 957 961 962 963 964 965 966 -1
1073: 938 960 957 961 962 963 964 965 966 -1
1074: 938 960 957 961 962 963 964 965 966 -1
1075: 938 960 957 961 962 963 964 965 966 -1
1076: 938 960 957 961 962 963 964 965 966 -1
1077: 938 960 957 961 962 963 964 965 966 -1
1078: -1
1079: 1081 48 546 -1
1080: 48 1078 -1
1081: -1
1082: -1
1083: 1854 21 2078 1174 587 586 2058 1440 52 2052 1442 -1
1084: -1
1085: -1
1086: -1
1087: -1
1088: -1
1089: -1
1090: -1
1091: -1
1092: 2270 782 1436 -1
1093: 1475 747 1527 -1
1094: -1
1095: -1
1096: 1835 752 546 1093 1443 760 -1
1097: -1
1098: -1
1099: -1
1100: -1
1101: -1
1102: -1
1103: -1
1104: -1
1105: -1
1106: -1
1107: -1
1108: -1
1109: 958 505 49 315 1844 -1
1110: 2058 752 49 1835 599 546 -1
1111: 760 1093 83 757 1687 2086 669 49 1096 748 750 30 747 373 828 -1
1112: 567 2068 2069 1083 2078 2079 1173 1095 86 597 587 1093 2080 2051 2044 1092 586 1090 2056 2058 1440 2045 89 2086 2269 379 1174 49 1211 52 1091 1436 2064 1084 376 828 2103 1094 -1
1113: -1
1114: 1095 50 1105 -1
1115: 1947 -1
1116: 1090 1514 1835 24 1083 30 2044 1255 89 2086 1840 1174 1091 26 2046 587 10 1442 1084 586 2075 1095 1322 1440 2269 1893 50 1940 2265 7 612 748 2083 1113 2208 844 -1
1117: -1
1118: 2257 1838 1376 958 1442 781 2209 2129 -1
1119: 51 1170 -1
1120: 1854 124 782 5 1095 1097 -1
1121: 0 1940 784 52 -1
1122: 586 2053 52 2055 2056 2058 2060 -1
1123: 52 -1
1124: 1174 586 2058 1440 52 2052 1087 -1
1125: 1813 958 2022 2211 543 1435 -1
1126: 52 -1
1127: 586 2061 2053 2056 52 2055 2058 1084 89 2052 -1
1128: 586 52 -1
1129: 782 586 1095 376 2053 52 2061 2062 2063 2073 1092 2044 2071 102 2048 1442 -1
1130: 782 586 52 587 1172 -1
1131: 2129 -1
1132: 599 35 1940 1442 1514 1835 2058 746 586 52 1084 2074 546 1436 782 752 2119 2044 1095 747 -1
1133: 1095 586 782 587 2044 1092 1442 52 2058 2062 -1
1134: 586 52 -1
1135: 52 586 782 1083 2088 -1
1136: 2050 -1
1137: 52 586 1436 1514 782 85 -1
1138: 586 52 2024 -1
1139: 124 1850 1232 588 52 -1
1140: 1813 -1
1141: 2 1171 1 588 52 -1
1142: 591 1083 -1
1143: 53 -1
1144: 2077 1250 2086 586 63 273 53 369 958 -1
1145: 876 216 719 587 1173 70 113 53 1436 1216 1442 1608 1172 -1
1146: 1947 -1
1147: 1521 53 2273 614 597 147 -1
1148: 876 216 719 587 1173 70 113 53 1436 1216 1442 1608 1172 -1
1149: -1
1150: 54 1442 -1
1151: 586 1514 89 54 1491 1573 2259 2 0 588 2211 1257 -1
1152: 599 2073 587 1442 958 2088 752 615 7 54 586 1083 -1
1153: -1
1154: -1
1155: -1
1156: -1
1157: -1
1158: -1
1159: -1
1160: 1161 -1
1161: -1
1162: -1
1163: -1
1164: 590 589 -1
1165: 2211 -1
1166: 786 -1
1167: 781 526 -1
1168: 1624 -1
1169: -1
1170: -1
1171: -1
1172: -1
1173: 2119 1172 586 -1
1174: -1
1175: 315 -1
1176: -1
1177: -1
1178: 57 -1
1179: 57 -1
1180: 805 57 -1
1181: 1183 1180 -1
1182: 57 -1
1183: 57 -1
1184: 57 -1
1185: 58 -1
1186: 1572 1435 58 -1
1187: 124 348 782 -1
1188: 58 1572 1235 -1
1189: 587 -1
1190: 58 -1
1191: 1235 58 -1
1192: 1572 58 -1
1193: 1235 58 -1
1194: 1448 1449 1450 1451 1452 1845 -1
1195: 1229 1572 1435 1235 58 -1
1196: 315 587 58 -1
1197: 58 -1
1198: 58 -1
1199: 1229 1235 1572 58 958 1214 1257 1228 588 1 1170 2023 1171 505 2 0 4 1435 922 -1
1200: 2209 2244 -1
1201: 1200 -1
1202: 59 -1
1203: 59 -1
1204: -1
1205: 59 2103 586 -1
1206: 782 -1
1207: 7 39 60 147 -1
1208: 30 746 60 -1
1209: 746 60 -1
1210: 61 -1
1211: 61 1098 1854 586 2058 587 1442 2079 782 2080 3 588 1170 1438 1494 -1
1212: 2044 1440 61 -1
1213: 61 -1
1214: -1
1215: -1
1216: -1
1217: -1
1218: -1
1219: -1
1220: 526 -1
1221: -1
1222: -1
1223: -1
1224: -1
1225: -1
1226: -1
1227: 1448 1449 1450 1451 1452 -1
1228: -1
1229: -1
1230: -1
1231: 832 -1
1232: 781 205 2 782 783 784 52 785 -1
1233: -1
1234: -1
1235: -1
1236: -1
1237: -1
1238: 1844 -1
1239: -1
1240: -1
1241: 1234 -1
1242: -1
1243: -1
1244: -1
1245: -1
1246: 782 63 586 587 1092 750 2044 -1
1247: 2077 1250 2086 586 63 273 53 369 -1
1248: 1322 63 1095 1170 1256 1438 205 588 1171 0 -1
1249: 63 -1
1250: 782 63 587 586 1095 2044 1092 1083 -1
1251: -1
1252: -1
1253: 1438 0 11 65 1256 10 1241 -1
1254: -1
1255: 73 66 100 2023 -1
1256: -1
1257: -1
1258: -1
1259: 255 256 257 -1
1260: -1
1261: 2186 -1
1262: -1
1263: 526 -1
1264: -1
1265: -1
1266: -1
1267: 505 1256 67 -1
1268: 67 -1
1269: 1256 67 1259 -1
1270: 1113 591 2218 67 505 -1
1271: 2218 588 2 67 0 -1
1272: 1856 67 1261 -1
1273: 1234 0 124 5 2 1262 1095 750 1856 1 586 1440 1170 1238 1174 1096 30 1084 1171 67 1850 2211 -1
1274: 1256 1856 67 137 112 886 1881 -1
1275: 67 -1
1276: 67 783 1256 1172 -1
1277: 1947 316 -1
1278: 68 -1
1279: 68 95 -1
1280: 68 404 -1
1281: 8 2 1438 1441 1238 1241 68 -1
1282: 1572 730 316 1285 69 -1
1283: 316 69 1285 730 -1
1284: 69 -1
1285: 1844 -1
1286: -1
1287: 1639 70 -1
1288: 70 746 -1
1289: 1940 2257 752 -1
1290: 1084 70 -1
1291: 587 1174 2270 746 1216 -1
1292: 70 -1
1293: 752 -1
1294: 750 70 1840 -1
1295: 1436 2058 5 -1
1296: 1813 -1
1297: 70 -1
1298: 1947 -1
1299: -1
1300: 70 -1
1301: 70 -1
1302: 22 70 1216 -1
1303: 1514 832 2073 2046 2273 752 2119 1095 587 2258 52 586 2058 2045 1087 2047 1442 546 1255 70 1835 -1
1304: 1309 1305 1306 1311 -1
1305: 1309 1304 -1
1306: -1
1307: 1304 1305 1306 -1
1308: 1304 1305 1306 -1
1309: 1304 1305 1306 -1
1310: 1304 1305 1306 -1
1311: 1304 1305 1306 -1
1312: 1304 1305 1306 -1
1313: 1304 1305 1306 -1
1314: 1304 1305 1306 -1
1315: 2 72 -1
1316: 1216 72 1707 1231 -1
1317: 72 1231 -1
1318: 72 -1
1319: 1320 -1
1320: -1
1321: 1320 -1
1322: 1818 -1
1323: -1
1324: 1947 -1
1325: 2257 1170 2072 75 782 -1
1326: -1
1327: -1
1328: 1346 -1
1329: 1335 1346 -1
1330: 1328 1329 1339 1346 1347 -1
1331: 1339 1346 -1
1332: 1339 -1
1333: 1339 1346 1347 -1
1334: 1339 1346 1347 -1
1335: 1329 1339 1346 1347 -1
1336: 1339 1346 1347 -1
1337: 1339 1346 1347 -1
1338: 1339 1346 1347 -1
1339: 1330 1331 1332 1333 1334 1335 1336 1337 1338 1340 1341 1348 -1
1340: 1339 1346 1347 -1
1341: 1339 1346 1347 -1
1342: 1339 1346 1347 -1
1343: 1339 1346 1347 -1
1344: 1330 1331 1332 1333 1334 1335 1336 1337 1338 1340 1341 1342 1343 1348 1349 1350 1347 -1
1345: 1330 1331 1332 1333 1334 1335 1336 1337 1338 1340 1341 1342 1343 1348 1349 1350 1347 -1
1346: -1
1347: -1
1348: 1339 1346 1347 -1
1349: 1339 1346 1347 -1
1350: 1339 1346 1347 -1
1351: 1328 1329 1339 1343 1346 1347 -1
1352: -1
1353: -1
1354: -1
1355: -1
1356: -1
1357: -1
1358: -1
1359: 958 -1
1360: -1
1361: -1
1362: -1
1363: -1
1364: -1
1365: -1
1366: -1
1367: -1
1368: -1
1369: -1
1370: -1
1371: -1
1372: -1
1373: -1
1374: 1377 -1
1375: -1
1376: -1
1377: 844 -1
1378: -1
1379: -1
1380: 1366 1373 1375 1376 1377 1378 1381 -1
1381: -1
1382: 78 -1
1383: 78 -1
1384: 2129 1161 586 30 78 -1
1385: 78 595 1707 -1
1386: 1416 1404 1405 1408 1395 1409 1422 1410 1411 1412 1407 1406 1427 1417 1418 1420 1423 1426 1419 1428 1429 -1
1387: 1416 1404 1405 1408 1395 1409 1422 1410 1411 1412 1407 1406 1427 1417 1418 1420 1423 1426 1419 1428 1429 -1
1388: 1416 1404 1405 1408 1395 1409 1422 1410 1411 1412 1407 1406 1427 1417 1418 1420 1423 1426 1419 1428 1429 -1
1389: 1416 1404 1405 1408 1395 1428 1429 -1
1390: 1416 1404 1405 1408 1395 1422 1423 1418 1426 1427 1420 1419 1428 1429 -1
1391: 1416 1404 1405 1408 1395 1409 1422 1423 1418 1426 1427 1420 1419 1428 1429 -1
1392: 1416 1404 1405 1408 1395 1409 1422 1423 1418 1426 1427 1420 1419 1428 1429 -1
1393: 1416 1404 1405 1408 1395 1409 1422 1410 1411 1412 1406 1427 1417 1418 1420 1423 1426 1419 1428 1429 -1
1394: 1416 1404 1405 1408 1395 1423 1422 1418 1426 1427 1420 1419 1428 1429 -1
1395: 1386 1424 1425 1429 -1
1396: 1416 1404 1405 1408 1395 1409 1422 1410 1411 1412 1407 1406 1427 1417 1418 1420 1423 1426 1419 1428 1429 -1
1397: -1
1398: -1
1399: -1
1400: -1
1401: -1
1402: -1
1403: -1
1404: 1386 1429 -1
1405: -1
1406: 1386 1424 1425 1429 -1
1407: 1386 1424 1425 1429 -1
1408: 1386 1424 1425 1429 -1
1409: 1386 1424 1425 1429 -1
1410: 1386 1424 1425 1429 -1
1411: 1386 1424 1425 1429 -1
1412: 1386 1424 1425 1429 -1
1413: 1416 1404 1405 1408 1395 1423 1422 1418 1426 1427 1420 1419 1428 1429 -1
1414: 1416 1404 1405 1408 1395 1409 1422 1410 1411 1412 1407 1406 1427 1417 1418 1420 1423 1426 1419 1428 1429 -1
1415: 1416 1404 1405 1408 1395 1409 1422 1428 1429 -1
1416: 1386 1424 1425 1429 -1
1417: 1386 1424 1425 1429 -1
1418: 1386 1425 1424 1429 -1
1419: 1386 1424 1425 1429 -1
1420: 1386 1424 1425 1429 -1
1421: 1386 1424 1425 1429 -1
1422: 1386 1396 1389 1415 1390 1424 1425 1429 -1
1423: 1386 1389 1390 1391 1392 1394 1414 1415 1397 1399 1398 1401 1400 1424 1425 1429 -1
1424: 1416 1404 1405 1408 1395 1409 1422 1410 1411 1412 1407 1406 1427 1417 1418 1420 1419 1423 1426 1428 1429 -1
1425: 1416 1404 1405 1408 1395 1409 1422 1410 1411 1412 1407 1406 1427 1417 1418 1420 1419 1423 1426 1428 1429 -1
1426: 1386 1424 1425 1429 -1
1427: 1386 1424 1425 1429 -1
1428: 1386 1429 1424 1425 -1
1429: -1
1430: 1395 1397 1398 1399 1400 1401 1402 1403 1404 1405 1406 1407 1408 1409 1410 1411 1412 1416 1417 1418 1419 1420 1421 1422 1423 1426 1427 1428 1429 -1
1431: 1395 1397 1398 1399 1400 1401 1402 1403 1404 1405 1406 1407 1408 1409 1410 1411 1412 1416 1417 1418 1419 1420 1421 1422 1423 1426 1427 1428 1429 -1
1432: -1
1433: -1
1434: -1
1435: -1
1436: -1
1437: -1
1438: -1
1439: -1
1440: -1
1441: -1
1442: 2066 -1
1443: -1
1444: 1446 805 -1
1445: 70 80 -1
1446: 1840 1541 1116 653 1096 764 767 673 80 174 -1
1447: 586 588 1228 5 80 1227 89 -1
1448: 1947 -1
1449: -1
1450: -1
1451: -1
1452: -1
1453: -1
1454: -1
1455: -1
1456: -1
1457: -1
1458: -1
1459: 1 -1
1460: -1
1461: -1
1462: 81 -1
1463: 1947 -1
1464: 1459 107 1721 778 1458 81 -1
1465: -1
1466: 1947 316 -1
1467: -1
1468: 1099 1878 -1
1469: -1
1470: -1
1471: -1
1472: -1
1473: -1
1474: -1
1475: -1
1476: -1
1477: -1
1478: 316 -1
1479: -1
1480: -1
1481: -1
1482: 0 3 1227 735 124 32 5 588 2 -1
1483: 1844 -1
1484: 7 1435 0 588 10 205 -1
1485: 1844 -1
1486: 588 0 586 832 1170 124 1234 -1
1487: -1
1488: 82 3 740 -1
1489: 1947 -1
1490: -1
1491: 85 -1
1492: -1
1493: -1
1494: -1
1495: 1835 546 752 85 1442 -1
1496: 2109 373 828 85 -1
1497: 7 1095 85 1521 586 1322 1440 2086 1174 402 1835 -1
1498: 85 2051 -1
1499: 2068 2109 1083 586 2058 2047 1442 2048 2072 85 -1
1500: 586 1840 1835 1514 1174 1940 85 379 2050 39 548 -1
1501: 2068 2052 7 85 1870 586 1087 752 546 147 1834 1835 958 -1
1502: 85 1174 -1
1503: 85 -1
1504: 1172 589 590 85 1514 1436 1084 7 587 1440 26 681 2208 2119 1173 746 194 -1
1505: 85 -1
1506: 1947 -1
1507: 2080 1095 85 1547 -1
1508: 1947 -1
1509: 30 746 85 2085 1550 2078 -1
1510: 85 -1
1511: 805 1743 2258 958 2119 2044 586 85 587 2051 1172 1173 52 2098 1551 -1
1512: 85 2080 -1
1513: 876 85 586 -1
1514: 85 1493 1494 -1
1515: 2058 1840 1442 1255 586 85 2051 1839 7 1440 2270 1835 -1
1516: 2052 2119 1095 587 2051 586 2053 52 2056 2055 2058 376 2060 2061 2062 2063 1083 2044 2045 2048 24 147 2067 2068 2109 2071 2073 2074 2076 1084 782 85 2080 2084 1173 2081 2082 2083 2085 2086 1255 828 -1
1517: 85 2080 -1
1518: 2274 -1
1519: 1440 2058 2051 1514 7 782 2109 586 587 615 2270 52 1442 2074 1174 2085 828 85 2079 26 2080 1256 1170 9 -1
1520: 85 -1
1521: -1
1522: 1525 1526 -1
1523: 1091 -1
1524: -1
1525: -1
1526: -1
1527: -1
1528: -1
1529: 86 -1
1530: 86 -1
1531: 86 1528 -1
1532: 2119 1840 86 614 597 85 1455 121 2054 587 -1
1533: 86 -1
1534: 782 586 587 86 -1
1535: 86 -1
1536: 86 -1
1537: 86 -1
1538: 590 86 -1
1539: 86 -1
1540: 2088 1442 2100 86 782 -1
1541: 1255 2073 1839 2265 2046 1083 2273 1442 1095 587 1093 2270 2044 1092 586 1440 102 1087 1089 1088 2076 1174 686 1094 378 1837 52 2056 2058 1322 2059 2053 2060 2061 2063 89 1211 1085 1090 1091 864 1551 10 1514 5 7 35 86 2071 596 2271 26 2051 750 30 546 70 1835 85 24 2080 21 1854 1216 -1
1542: 86 587 1528 -1
1543: -1
1544: 87 273 -1
1545: 1947 -1
1546: -1
1547: 673 -1
1548: -1
1549: -1
1550: -1
1551: 844 -1
1552: -1
1553: 1090 752 -1
1554: 1083 586 89 1174 782 2051 -1
1555: 89 -1
1556: 586 1095 1087 89 1084 1835 546 752 -1
1557: 2119 -1
1558: 1947 -1
1559: 546 1514 7 1839 1083 2119 587 2051 1835 586 89 752 1442 379 1174 -1
1560: 89 -1
1561: 2044 -1
1562: 586 2053 52 2055 2063 2058 89 2062 2060 2061 1085 1089 2052 2076 1087 2258 2048 1442 102 2047 2046 1094 1096 2271 -1
1563: 586 587 2119 89 595 -1
1564: 89 -1
1565: 2109 1083 1840 587 2051 586 89 1442 615 1091 52 2058 2060 2269 30 746 1436 782 -1
1566: 781 505 586 89 -1
1567: 586 2109 89 1084 -1
1568: 1835 2073 1091 -1
1569: 587 1084 2271 1174 2047 1093 1095 2058 89 379 -1
1570: 1092 548 586 1840 746 89 -1
1571: 90 1572 -1
1572: -1
1573: -1
1574: 91 -1
1575: 91 -1
1576: 91 -1
1577: 91 -1
1578: 91 1813 -1
1579: 91 588 1172 -1
1580: 91 -1
1581: 1172 1707 1608 2211 958 22 1234 1083 1840 750 1 588 586 1440 1170 1442 1096 91 1835 2079 595 2119 1173 505 746 -1
1582: 782 586 1083 2044 2086 1854 92 -1
1583: 92 -1
1584: 2068 1083 92 -1
1585: -1
1586: -1
1587: -1
1588: 93 -1
1589: 1587 93 -1
1590: 1607 1608 1609 -1
1591: 1607 1608 1609 -1
1592: 1607 1608 1609 -1
1593: 1607 1608 1609 -1
1594: 1607 1608 1609 -1
1595: 1607 1608 1609 -1
1596: 1607 1608 1609 -1
1597: 1607 1608 1609 -1
1598: 1607 1608 1609 -1
1599: 1607 1608 1609 -1
1600: 1607 1608 1609 -1
1601: 1607 1608 1609 -1
1602: 1607 1608 1609 -1
1603: 1607 1608 1609 -1
1604: 1607 1608 1609 -1
1605: 1607 1608 1609 -1
1606: 1607 1608 1609 -1
1607: 1608 -1
1608: 1607 1591 1609 1596 1593 -1
1609: 1608 1593 1591 1607 -1
1610: 1607 1608 1609 -1
1611: 1590 1591 1592 1593 1594 1595 1596 1597 1598 1599 1600 1601 1602 1603 1604 1605 1606 1607 1609 94 -1
1612: 1591 1593 1596 1597 1599 1600 1602 1603 1605 1606 94 1608 -1
1613: 1607 1608 1609 -1
1614: 1591 1593 1596 1597 1599 1600 1602 1603 1605 1606 94 1608 -1
1615: 1590 1591 1592 1593 1594 1595 1596 1597 1598 1599 1600 1601 1602 1603 1604 1605 1606 1607 1609 94 -1
1616: -1
1617: -1
1618: -1
1619: -1
1620: -1
1621: -1
1622: -1
1623: -1
1624: 1616 1617 1618 1619 1620 1621 1622 1623 1626 -1
1625: 1616 1617 1618 1619 1620 1621 1622 -1
1626: -1
1627: 1616 1617 1618 1619 1620 1621 1622 -1
1628: 1616 1617 1618 1619 1620 1621 1622 1623 1625 1626 1627 -1
1629: -1
1630: -1
1631: -1
1632: 1227 28 5 10 1218 1232 95 1237 273 -1
1633: 273 95 588 586 1170 -1
1634: 1616 1617 1618 1619 1620 1621 1622 1623 1626 -1
1635: 1227 28 5 10 1218 1232 95 1237 273 -1
1636: 0 3 1227 735 124 32 5 588 2 -1
1637: 1947 -1
1638: 1616 1617 1618 1619 1620 1621 1622 1623 1625 1626 -1
1639: -1
1640: -1
1641: 1639 1640 96 -1
1642: 96 -1
1643: 1947 316 -1
1644: 96 -1
1645: 97 876 -1
1646: 99 -1
1647: 99 -1
1648: 99 -1
1649: 99 -1
1650: 99 -1
1651: 99 -1
1652: 99 -1
1653: 316 1442 -1
1654: 99 -1
1655: 99 590 505 -1
1656: 99 -1
1657: 99 -1
1658: 749 124 1227 1871 1889 505 -1
1659: 99 -1
1660: 99 -1
1661: 99 -1
1662: 782 1227 1170 1234 -1
1663: 99 -1
1664: 99 -1
1665: 99 -1
1666: 1947 -1
1667: 99 -1
1668: 1161 2022 316 1494 958 1827 2211 1216 591 590 589 -1
1669: 99 -1
1670: 99 -1
1671: 99 -1
1672: 2129 99 543 -1
1673: 99 -1
1674: 1911 99 590 591 505 1442 -1
1675: 99 -1
1676: 1397 -1
1677: 1397 1401 -1
1678: -1
1679: -1
1680: 752 -1
1681: 1219 1098 2046 2068 1088 2109 752 2119 1095 2080 586 102 101 2047 1442 1092 1541 1091 1834 1255 70 1835 2063 -1
1682: -1
1683: -1
1684: 102 -1
1685: 1947 -1
1686: 102 -1
1687: 2073 1085 1090 1083 2047 1442 102 1095 587 30 760 -1
1688: 2100 1083 587 102 1440 586 216 1854 782 1514 1887 1889 1890 1891 1892 1104 -1
1689: 102 782 -1
1690: 108 102 -1
1691: 2044 586 2053 52 102 2048 2100 782 -1
1692: 586 2044 1442 2046 102 2047 70 2075 1084 39 -1
1693: 782 102 586 -1
1694: 1442 587 1083 102 -1
1695: 1693 108 102 -1
1696: 102 -1
1697: 102 -1
1698: 591 590 589 1543 781 1216 588 505 1608 1172 1095 587 1085 1092 586 102 2047 1091 1436 782 787 2129 -1
1699: 102 -1
1700: 782 102 586 -1
1701: 2100 1083 587 102 1440 586 1854 782 1887 1889 1890 1891 1892 -1
1702: 2046 1083 102 2047 1442 2048 -1
1703: 587 1095 102 750 1084 -1
1704: 2109 1083 1442 1095 85 587 1092 586 2058 102 1835 52 2053 2048 2060 -1
1705: 1683 102 -1
1706: -1
1707: -1
1708: -1
1709: 1708 1711 1712 -1
1710: 1708 1711 1712 -1
1711: -1
1712: -1
1713: 104 -1
1714: 104 -1
1715: 105 -1
1716: 105 -1
1717: 105 -1
1718: 1947 316 -1
1719: 1947 316 -1
1720: 106 -1
1721: -1
1722: -1
1723: -1
1724: -1
1725: -1
1726: -1
1727: -1
1728: -1
1729: -1
1730: -1
1731: -1
1732: -1
1733: -1
1734: 1234 -1
1735: 2 1170 107 -1
1736: 107 -1
1737: 107 1241 -1
1738: 588 1170 1438 107 2 -1
1739: 254 107 2218 -1
1740: 591 2 586 107 1922 -1
1741: 81 505 107 1241 -1
1742: 2 586 107 -1
1743: -1
1744: 1241 134 108 -1
1745: 590 589 230 1234 1228 505 108 588 1171 1257 1170 1220 2211 1216 781 526 -1
1746: 0 1256 1220 1261 505 108 588 6 1170 -1
1747: 2211 108 -1
1748: 108 -1
1749: 205 588 1170 1256 108 -1
1750: 108 588 2211 1257 844 -1
1751: 1228 1171 1586 1238 108 -1
1752: 108 -1
1753: 108 -1
1754: 1262 108 -1
1755: 588 1241 2218 1257 505 1 108 1215 0 2147 1261 -1
1756: 108 1216 -1
1757: 108 -1
1758: 108 1458 1220 2211 505 588 1170 1171 1 9 -1
1759: 2 1438 1257 1228 269 108 1170 -1
1760: 1257 1228 588 1170 230 108 590 589 -1
1761: 108 -1
1762: 109 -1
1763: 109 -1
1764: 51 2058 782 586 1442 1095 109 70 -1
1765: -1
1766: 1947 -1
1767: 111 -1
1768: 70 -1
1769: 1947 -1
1770: 113 -1
1771: 113 1440 2270 719 1174 1322 1840 26 644 2058 -1
1772: 113 -1
1773: 113 -1
1774: 113 1773 -1
1775: -1
1776: -1
1777: 115 -1
1778: 115 -1
1779: 2273 2068 752 147 603 609 612 116 2072 -1
1780: 1095 587 2051 2044 586 52 2055 2058 376 2060 2061 2062 2063 1085 1090 2068 2069 2100 2070 2071 615 147 116 2046 1083 1172 1442 2048 2084 2083 5 379 2049 2079 2074 1092 1173 2119 2082 2086 782 2270 30 -1
1781: 2100 116 -1
1782: 116 -1
1783: 85 2068 2069 752 39 731 603 116 613 614 1204 98 -1
1784: 1947 -1
1785: 2068 2109 116 -1
1786: 2046 1083 1455 2062 116 587 2270 52 2058 1174 1096 2059 2053 24 -1
1787: 116 -1
1788: 116 -1
1789: 2109 -1
1790: 116 -1
1791: 116 2257 -1
1792: 116 316 -1
1793: 1813 116 2274 -1
1794: 2257 -1
1795: 116 2109 -1
1796: 2257 1838 116 316 -1
1797: 1827 1216 2211 116 -1
1798: 588 1083 9 -1
1799: 116 -1
1800: 1439 782 24 116 -1
1801: 1170 116 -1
1802: 2068 2109 731 602 605 1707 611 24 116 613 2070 1323 -1
1803: 116 316 -1
1804: 1216 -1
1805: 116 -1
1806: 24 1813 116 -1
1807: 1095 587 2051 2044 586 52 2055 2058 376 2060 2061 2062 2063 1085 1090 2068 2069 2100 2070 2071 615 147 116 2046 1083 1172 1442 2048 2084 2083 5 379 2049 2079 2074 1092 1173 2119 2082 2086 782 2270 30 -1
1808: 116 -1
1809: 117 -1
1810: -1
1811: -1
1812: 1810 1811 -1
1813: 1 118 -1
1814: 118 -1
1815: 1814 230 2023 118 1243 -1
1816: 1947 -1
1817: 121 1322 119 -1
1818: 121 1322 119 -1
1819: 1084 -1
1820: -1
1821: 1820 832 752 -1
1822: 1820 597 858 752 -1
1823: 2119 1840 86 614 597 85 1455 121 2054 587 -1
1824: 121 1346 1347 -1
1825: 121 1322 1084 26 21 1091 -1
1826: 121 1322 1084 26 21 1091 -1
1827: -1
1828: -1
1829: -1
1830: -1
1831: -1
1832: -1
1833: -1
1834: -1
1835: 752 546 -1
1836: -1
1837: -1
1838: -1
1839: -1
1840: -1
1841: -1
1842: 1255 1878 -1
1843: 746 123 -1
1844: -1
1845: -1
1846: -1
1847: 505 1084 586 1845 46 782 777 1227 124 1861 2 8 -1
1848: -1
1849: -1
1850: -1
1851: 309 310 313 314 315 316 317 -1
1852: 507 508 -1
1853: -1
1854: -1
1855: -1
1856: 255 256 257 -1
1857: 1471 -1
1858: -1
1859: 1711 -1
1860: -1
1861: 507 508 -1
1862: -1
1863: -1
1864: -1
1865: -1
1866: -1
1867: -1
1868: -1
1869: -1
1870: -1
1871: -1
1872: -1
1873: -1
1874: -1
1875: -1
1876: -1
1877: -1
1878: -1
1879: -1
1880: -1
1881: -1
1882: -1
1883: -1
1884: -1
1885: -1
1886: -1
1887: -1
1888: -1
1889: 823 -1
1890: 823 -1
1891: 823 -1
1892: 823 -1
1893: -1
1894: -1
1895: -1
1896: -1
1897: -1
1898: -1
1899: -1
1900: -1
1901: -1
1902: -1
1903: -1
1904: -1
1905: -1
1906: -1
1907: -1
1908: -1
1909: 124 -1
1910: 1163 316 124 1581 -1
1911: 124 -1
1912: 124 -1
1913: 124 -1
1914: 124 -1
1915: 124 -1
1916: 30 746 2085 1835 124 -1
1917: 124 -1
1918: 0 5 124 2 1 588 586 784 1442 1171 52 147 1835 -1
1919: 124 -1
1920: 2 124 750 1 1273 -1
1921: 124 1471 -1
1922: -1
1923: 1435 124 588 -1
1924: -1
1925: -1
1926: -1
1927: -1
1928: -1
1929: 1235 1220 1234 1214 108 9 6 1230 1171 91 14 126 -1
1930: 1835 958 1094 546 752 126 1551 -1
1931: 1220 1234 1214 1235 108 9 6 1230 1171 91 14 126 -1
1932: 126 -1
1933: 126 -1
1934: 0 126 -1
1935: 0 588 6 9 1170 147 126 1215 -1
1936: 2257 1218 126 -1
1937: 2084 1170 126 -1
1938: 505 588 126 1256 784 -1
1939: 1827 126 1838 2257 1170 -1
1940: -1
1941: -1
1942: -1
1943: -1
1944: -1
1945: 1947 316 -1
1946: -1
1947: 1940 -1
1948: 316 -1
1949: -1
1950: -1
1951: -1
1952: -1
1953: -1
1954: -1
1955: -1
1956: -1
1957: -1
1958: -1
1959: -1
1960: -1
1961: -1
1962: 316 -1
1963: -1
1964: 316 -1
1965: 316 -1
1966: -1
1967: -1
1968: 316 -1
1969: 1113 -1
1970: -1
1971: -1
1972: -1
1973: -1
1974: -1
1975: -1
1976: -1
1977: -1
1978: -1
1979: -1
1980: -1
1981: -1
1982: 316 -1
1983: -1
1984: -1
1985: 316 -1
1986: -1
1987: -1
1988: -1
1989: -1
1990: -1
1991: 2022 -1
1992: -1
1993: -1
1994: -1
1995: 316 -1
1996: -1
1997: -1
1998: -1
1999: -1
2000: -1
2001: 316 -1
2002: -1
2003: -1
2004: -1
2005: -1
2006: -1
2007: -1
2008: -1
2009: 1216 -1
2010: -1
2011: 958 -1
2012: -1
2013: -1
2014: 1216 -1
2015: -1
2016: -1
2017: -1
2018: 128 2017 -1
2019: 2016 586 782 546 752 1711 -1
2020: 128 7 1442 1091 1835 -1
2021: 1947 -1
2022: -1
2023: -1
2024: -1
2025: 2022 2023 1170 1255 -1
2026: 2022 2023 -1
2027: 2026 129 2022 2023 1170 1255 -1
2028: 2022 2023 1170 1255 -1
2029: 2022 2023 1170 1255 -1
2030: 1227 28 0 11 19 2 1234 129 2062 1435 1170 1 586 1255 214 -1
2031: 2022 2023 1170 1255 -1
2032: 2022 2023 1170 1255 -1
2033: 2022 2023 1170 1255 -1
2034: 2022 2023 1170 1255 -1
2035: 2026 129 2022 2023 1170 1255 -1
2036: 2022 2023 1170 1255 -1
2037: 2022 2023 1170 1255 -1
2038: 2026 129 2022 2023 1170 1255 -1
2039: 1947 316 -1
2040: 130 -1
2041: 1854 130 586 1095 1097 2043 -1
2042: 130 -1
2043: -1
2044: -1
2045: -1
2046: -1
2047: -1
2048: -1
2049: -1
2050: -1
2051: -1
2052: 1211 782 -1
2053: 194 -1
2054: -1
2055: -1
2056: -1
2057: -1
2058: -1
2059: -1
2060: 586 -1
2061: -1
2062: -1
2063: -1
2064: 2046 586 2058 2047 1442 1835 -1
2065: 782 -1
2066: -1
2067: -1
2068: -1
2069: -1
2070: -1
2071: -1
2072: -1
2073: 752 -1
2074: -1
2075: 1442 -1
2076: -1
2077: -1
2078: 1870 1682 -1
2079: 1211 782 -1
2080: -1
2081: -1
2082: -1
2083: -1
2084: -1
2085: -1
2086: 22 2068 760 194 -1
2087: -1
2088: -1
2089: 1442 2088 131 -1
2090: 1835 379 -1
2091: 587 1551 1688 131 2047 1174 1083 85 1436 1835 -1
2092: 131 1940 2274 -1
2093: 567 1236 2088 131 1442 587 -1
2094: 1442 587 131 2211 2088 596 -1
2095: -1
2096: -1
2097: -1
2098: -1
2099: 2125 -1
2100: -1
2101: -1
2102: -1
2103: -1
2104: 2125 -1
2105: -1
2106: -1
2107: -1
2108: -1
2109: -1
2110: -1
2111: -1
2112: -1
2113: -1
2114: 0 10 205 4 2 124 -1
2115: -1
2116: -1
2117: -1
2118: -1
2119: -1
2120: -1
2121: -1
2122: -1
2123: 2125 -1
2124: 2125 -1
2125: -1
2126: 2100 133 147 586 2109 1173 2119 316 -1
2127: 2119 147 2109 2273 1084 847 597 2078 586 673 752 2121 596 -1
2128: 2122 -1
2129: -1
2130: -1
2131: 591 -1
2132: 2130 -1
2133: 134 -1
2134: 2023 1257 1228 134 1435 588 1170 505 -1
2135: 134 -1
2136: 134 -1
2137: 2211 134 1305 1216 -1
2138: 134 608 -1
2139: 134 -1
2140: 2211 134 1707 108 -1
2141: 134 -1
2142: 134 -1
2143: 134 608 -1
2144: 134 2211 1707 108 -1
2145: 958 134 2211 1707 108 1216 -1
2146: 1813 134 -1
2147: -1
2148: 1230 -1
2149: 134 -1
2150: 134 -1
2151: 1228 134 588 205 2211 160 1170 1230 1171 -1
2152: 134 -1
2153: 108 2211 134 505 0 588 205 22 2218 1309 -1
2154: 1216 134 2211 -1
2155: 134 2129 -1
2156: 2180 -1
2157: 2156 2181 2182 -1
2158: 2156 2181 2182 -1
2159: 2156 2181 2182 -1
2160: 2156 2181 2182 -1
2161: 2156 2181 2182 -1
2162: 2156 2181 2182 -1
2163: 2156 2181 2182 -1
2164: 2156 2181 2182 -1
2165: 2156 2181 2182 -1
2166: 2156 2181 2182 -1
2167: 2156 2181 2182 -1
2168: 2156 2181 2182 -1
2169: 2156 2181 2182 -1
2170: 2156 2181 2182 -1
2171: 2156 2181 2182 -1
2172: 2156 2181 2182 -1
2173: 2156 2181 2182 -1
2174: 2156 2181 2182 -1
2175: 2156 2181 2182 -1
2176: 2156 2181 2182 -1
2177: 2156 2181 2182 -1
2178: 2156 2181 2182 -1
2179: 2156 2181 2182 -1
2180: 1397 2156 -1
2181: -1
2182: -1
2183: 1399 1398 1401 1402 1403 1254 2157 2158 2159 2160 2161 2162 2163 2164 2165 2166 2167 2168 2169 2170 2171 2172 2173 2174 2175 2176 2177 135 2178 2179 2180 2156 2181 2182 -1
2184: -1
2185: -1
2186: -1
2187: 137 -1
2188: 137 -1
2189: 1881 137 -1
2190: 2191 2192 2194 2195 2196 2197 2199 2200 2201 2207 2208 2209 2210 2211 -1
2191: 2190 -1
2192: 2190 -1
2193: 2191 2192 2194 2195 2196 2197 2199 2200 2201 2207 2208 2209 2210 2211 -1
2194: 2190 -1
2195: 2190 -1
2196: 2190 -1
2197: 2190 -1
2198: 2191 2192 2194 2195 2196 2197 2199 2200 2201 2207 2208 2209 2210 2211 -1
2199: 2190 -1
2200: 2190 -1
2201: 2190 -1
2202: 2191 2192 2194 2195 2196 2197 2199 2200 2201 2207 2208 2209 2210 2211 -1
2203: 2191 2192 2194 2195 2196 2197 2199 2200 2201 2207 2208 2209 2210 2211 -1
2204: 2191 2192 2194 2195 2196 2197 2199 2200 2201 2207 2208 2209 2210 2211 -1
2205: 2191 2192 2194 2195 2196 2197 2199 2200 2201 2207 2208 2209 2210 2211 -1
2206: 2191 2192 2194 2195 2196 2197 2199 2200 2201 2207 2208 2209 2210 2211 -1
2207: -1
2208: -1
2209: -1
2210: -1
2211: 526 -1
2212: 139 -1
2213: 1844 -1
2214: -1
2215: -1
2216: -1
2217: -1
2218: 525 -1
2219: -1
2220: -1
2221: -1
2222: -1
2223: -1
2224: -1
2225: -1
2226: 1397 -1
2227: -1
2228: -1
2229: -1
2230: -1
2231: -1
2232: -1
2233: 958 2218 141 -1
2234: 141 2218 -1
2235: 2218 141 -1
2236: 1438 1170 141 -1
2237: -1
2238: 2218 141 -1
2239: 701 -1
2240: 2218 141 -1
2241: 2218 141 -1
2242: 1397 -1
2243: -1
2244: -1
2245: 1442 1858 142 -1
2246: -1
2247: 143 595 2119 -1
2248: 2250 1707 143 -1
2249: 143 -1
2250: -1
2251: 1435 2246 -1
2252: 143 -1
2253: 2250 143 1707 -1
2254: 143 595 2119 -1
2255: 2250 143 1435 -1
2256: 143 -1
2257: 1940 -1
2258: -1
2259: 1607 1608 1609 -1
2260: -1
2261: -1
2262: -1
2263: 144 2274 -1
2264: 144 1216 1711 -1
2265: 145 546 -1
2266: 145 -1
2267: 145 -1
2268: 145 -1
2269: -1
2270: -1
2271: -1
2272: -1
2273: -1
2274: -1
2275: -1
2276: 615 147 782 2100 597 2071 586 1095 2073 1471 -1
2277: 1777 147 1711 -1
2278: 1947 -1
2279: 2068 147 -1
2280: 782 147 -1
2281: 147 2100 2102 -1
2282: 1173 782 2100 596 147 -1
2283: 147 -1
2284: 2100 2049 1083 2078 1095 2071 2051 52 586 2063 2058 1440 2047 1442 147 2044 1174 782 2060 2084 2068 2102 2079 1813 2129 2022 2119 1172 1216 1173 590 589 1543 2211 1161 1113 -1
2285: 147 -1
2286: 596 597 600 -1
2287: 147 597 1838 1216 596 782 595 -1
2288: 1711 147 -1
2289: 147 -1
2290: 147 -1
2291: 1107 147 -1
2292: 2098 147 -1
