0: 157 158 159 160 161 162 163 -1
1: 197 198 -1
2: 234 235 238 239 240 241 242 243 244 245 246 247 248 249 250 251 252 253 254 255 256 257 258 259 260 62 -1
3: 298 299 300 -1
4: 328 329 330 331 -1
5: 368 242 369 370 -1
6: -1
7: 432 -1
8: 470 471 472 -1
9: 494 495 238 -1
10: -1
11: -1
12: -1
13: -1
14: 634 635 641 644 645 646 650 651 652 653 654 655 656 657 658 659 660 661 662 663 664 116 665 666 667 69 668 669 670 671 672 673 674 675 676 677 678 -1
15: -1
16: 0 739 740 741 -1
17: 775 784 788 -1
18: -1
19: -1
20: 876 877 775 -1
21: 899 -1
22: -1
23: 948 949 951 952 953 954 955 956 957 -1
24: 983 984 -1
25: 1024 1025 1026 1028 1029 1030 1031 -1
26: 1053 -1
27: 1069 1070 1071 1072 1073 1074 1075 1076 1077 1078 1079 -1
28: 1109 1110 1111 1112 1113 1114 1115 1116 1117 1118 -1
29: -1
30: -1
31: -1
32: -1
33: 1204 -1
34: -1
35: -1
36: 1276 -1
37: -1
38: 1310 1312 -1
39: 1349 1350 1351 1352 1353 -1
40: 1378 -1
41: 1417 1418 1419 1420 1421 -1
42: -1
43: -1
44: -1
45: 1518 -1
46: -1
47: -1
48: 1613 1614 1617 1618 1619 1621 1622 1623 1624 1625 1626 1627 1629 1630 1631 1632 1633 1634 1635 1636 1637 1638 1639 1641 1642 1643 1644 1645 1646 1647 1649 1650 1651 1652 1653 1654 1655 1656 1657 1658 1659 1660 1661 1662 1663 1664 1665 1666 1667 1668 1669 1670 1671 1672 1673 1674 1675 1676 1677 1678 1679 1680 1684 1685 1686 1688 1689 1690 1691 1692 1693 1694 1695 1696 1697 1698 1699 1700 24 1701 1702 1703 1704 1705 1706 1707 1708 1709 1711 1712 1713 1714 1715 1716 1717 1718 877 1719 1720 1721 1722 1723 1724 1725 1726 1727 1728 1729 1730 1731 1732 1733 1734 1735 1736 1737 1738 1739 1740 1741 1742 1743 1744 1745 1746 1747 1748 1749 1750 1751 1752 1753 1754 1755 1756 1757 1758 1759 1760 1761 1762 1763 1764 1765 1769 1770 -1
49: 20 877 1802 775 1803 1804 1697 -1
50: 1810 -1
51: -1
52: 1864 1865 1866 -1
53: -1
54: 1894 -1
55: 1921 -1
56: -1
57: -1
58: -1
59: 2012 2018 2020 2026 2027 2028 2029 2030 2031 2032 2033 2034 2035 2036 2037 2038 2039 2040 2041 2042 2043 2044 2045 2046 -1
60: -1
61: 2070 2071 2072 2073 2074 2075 2076 2077 2078 2079 2080 2081 2082 2083 2084 2085 2086 2087 2088 2089 2090 2091 2092 2093 2094 0 2095 2096 159 -1
62: -1
63: -1
64: 2125 2126 242 2127 2128 1310 2129 2130 2131 -1
65: -1
66: 2179 2180 2181 2182 2183 2184 2185 2186 2187 2188 2189 2190 2191 2192 2193 2194 2195 2196 2197 2198 2199 1607 20 2200 2201 2202 2203 2204 2205 2206 2207 2208 1697 2209 2210 2211 2212 2213 2214 2215 2216 2217 2218 2219 2220 2221 2222 2223 2224 2225 2226 2227 2228 2229 2230 2231 2232 2233 2234 2235 2236 2237 2238 2239 2240 2241 2242 2243 2244 2245 -1
67: 2270 2271 2272 2273 2274 -1
68: 2276 2277 -1
69: 2305 2306 2307 2308 -1
70: -1
71: 2338 2339 2340 2341 -1
72: -1
73: 2362 2363 1843 2364 2365 -1
74: 2392 2393 513 2394 2395 2396 2397 2398 2399 2400 2401 2402 494 2404 2405 2406 2407 2408 2409 2410 2411 2412 -1
75: -1
76: -1
77: 2446 2447 2448 2449 2450 -1
78: -1
79: -1
80: -1
81: -1
82: 2497 2498 -1
83: -1
84: 2512 2513 2514 2515 2516 -1
85: -1
86: 2530 2531 2533 2535 2536 2538 -1
87: 2541 2542 2543 -1
88: -1
89: -1
90: -1
91: -1
92: -1
93: 2616 -1
94: 2635 2636 2637 2638 -1
95: -1
96: -1
97: 2680 2681 2682 2683 865 2684 242 2685 2686 2687 2688 2689 2690 2691 2692 2693 2694 2695 2696 12 2697 2698 2699 2700 2701 2702 2703 2704 2705 2706 2707 2708 2709 2710 2711 2712 2713 2714 2715 2716 2717 2718 2719 2720 2721 2722 -1
98: 2738 2739 2740 1642 -1
99: 2753 -1
100: 112 2767 2682 2 23 2768 2769 2770 2771 2772 2773 2774 2775 2776 2777 2778 2779 2780 2781 2782 2783 2784 2785 15 -1
101: 2792 -1
102: -1
103: -1
104: -1
105: -1
106: 2859 -1
107: -1
108: 2896 2897 -1
109: 2086 -1
110: 2942 -1
111: 2945 137 2946 -1
112: -1
113: -1
114: -1
115: -1
116: -1
117: -1
118: 3050 3051 3053 -1
119: 3061 -1
120: 3084 3085 3086 3087 20 3088 877 1802 1716 775 1697 3092 -1
121: 3099 -1
122: 1701 3105 -1
123: 3106 3107 3108 3109 20 -1
124: 3115 3116 3117 3118 3119 3120 -1
125: -1
126: -1
127: -1
128: -1
129: -1
130: 3184 -1
131: 3190 3191 3192 -1
132: 3198 3199 3200 -1
133: 23 2 242 3201 3202 2683 865 3203 3204 494 3205 3206 3207 248 2126 3208 5 3209 33 3210 3211 96 2065 75 2694 64 12 150 2127 3212 3213 19 -1
134: 3222 -1
135: -1
136: 3228 3229 3230 3231 3232 2897 3233 3234 3235 -1
137: 3238 3239 3240 3241 2449 -1
138: -1
139: -1
140: -1
141: 11 -1
142: -1
143: 3296 3297 3298 3299 -1
144: 11 -1
145: -1
146: -1
147: -1
148: -1
149: 3360 3361 3362 -1
150: 3378 3379 3380 -1
151: 3402 1252 1253 1254 1255 1256 1257 1258 1259 3403 1260 -1
152: 3406 3408 3409 3410 3411 3412 3413 -1
153: -1
154: 3428 3430 -1
155: 3435 -1
156: 3438 3439 -1
157: 159 -1
158: -1
159: -1
160: 739 -1
161: -1
162: -1
163: -1
164: 80 0 21 -1
165: 0 -1
166: 0 1535 -1
167: 0 -1
168: 0 1626 3092 741 -1
169: 1701 104 1986 38 1112 775 1764 1195 21 2088 1866 0 3361 1716 1626 -1
170: 0 -1
171: 0 775 1 2090 -1
172: 0 -1
173: 0 -1
174: 2542 1765 1866 1986 1607 1 149 104 775 1657 1572 1748 1626 3361 1617 2992 2988 43 0 2541 48 -1
175: 166 3410 3407 0 -1
176: 0 -1
177: 3361 1607 0 -1
178: 0 775 -1
179: 0 -1
180: 0 556 -1
181: 3092 0 -1
182: 1994 1727 0 1633 877 1655 1749 1750 -1
183: 741 3092 1716 1310 -1
184: 0 -1
185: 0 -1
186: 757 0 -1
187: 0 -1
188: 0 16 80 21 39 -1
189: 1109 0 -1
190: 1716 0 899 1113 1657 2992 2191 -1
191: 0 21 -1
192: 1109 0 1701 104 665 775 1 -1
193: 6 104 0 1986 1864 2992 1657 877 665 1626 929 2082 2088 11 1630 1866 101 16 3092 80 21 1 -1
194: 0 -1
195: 0 1626 3092 -1
196: 0 3092 -1
197: 1716 -1
198: -1
199: -1
200: 1 -1
201: 1 775 -1
202: 1109 2197 1 -1
203: 1535 1986 1 2095 -1
204: 0 21 1 -1
205: 1 -1
206: 1 -1
207: 240 1626 1111 1729 877 1864 1 80 21 28 3221 3198 -1
208: 1 195 -1
209: 3408 3407 3092 1 2090 3406 -1
210: 104 1310 1657 1 -1
211: 3092 3200 1 -1
212: 3410 1 3407 195 3409 -1
213: 3407 1 -1
214: 775 877 665 2088 1 1079 1216 1114 -1
215: 1866 1701 16 1657 20 1717 877 665 17 1113 1 1750 1697 -1
216: 2081 1 -1
217: 3411 1 -1
218: 3092 1 -1
219: 1 -1
220: 1 -1
221: 1 -1
222: 1716 1749 3092 784 1109 1626 1642 1 1630 1727 -1
223: 1109 1 0 775 -1
224: 556 1716 877 1626 1625 1735 665 1728 1729 2208 1310 1717 1 3208 3203 -1
225: 2197 1 3221 159 104 3200 -1
226: 3092 3200 1 741 -1
227: 2197 877 -1
228: 1 -1
229: 42 1994 1626 1986 1864 1349 2088 1657 0 39 21 899 6 1113 1 2090 1656 1733 1740 11 1713 1535 1637 1673 1643 1644 1645 1646 1661 1769 1770 1613 -1
230: 1 195 -1
231: 1 -1
232: 1715 1717 1864 1716 775 2191 877 0 6 39 21 1 -1
233: 1 -1
234: -1
235: -1
236: 241 -1
237: 74 241 -1
238: 513 2399 2407 254 2409 2406 2411 2 3430 2408 3205 2395 2410 2702 2398 3050 118 239 2393 2397 2394 2412 1203 245 2049 2404 259 2104 2405 258 2686 2688 2122 1204 2401 2611 59 2100 -1
239: -1
240: -1
241: -1
242: 234 2686 2 865 5 2399 98 2737 3189 2065 -1
243: 250 249 -1
244: 254 2686 3192 2409 2395 2404 2411 2398 2397 2104 2399 -1
245: 2 -1
246: -1
247: 242 -1
248: -1
249: -1
250: -1
251: -1
252: -1
253: 250 -1
254: -1
255: 2399 254 2397 2614 -1
256: -1
257: -1
258: -1
259: -1
260: 2013 2028 2030 2031 2032 2033 2034 2035 2036 2037 2040 2041 2018 2044 2045 2027 2046 -1
261: 248 2789 3203 2058 2 137 23 2615 9 1114 1216 2897 2305 -1
262: 2 -1
263: 788 2 -1
264: 243 239 2 244 -1
265: 2 9 2615 238 23 494 47 -1
266: 2 250 -1
267: 2 -1
268: 1658 1670 1715 1716 3092 1748 1697 1699 1056 1929 1745 1686 1618 1672 1653 129 1663 877 1627 243 2 -1
269: 2 -1
270: 2 250 253 -1
271: 2 3192 -1
272: 2 -1
273: 9 2615 238 23 2 494 47 -1
274: 244 2 98 251 -1
275: 3238 -1
276: -1
277: 3203 242 23 2 248 251 2789 -1
278: 2 -1
279: 2 -1
280: 234 2 -1
281: 1216 2694 2 -1
282: 2 -1
283: 2 3203 -1
284: 239 243 62 2702 256 2 1215 244 71 3238 2215 3203 2127 2946 23 3212 494 2065 3208 -1
285: 2 -1
286: 137 2 23 -1
287: 2 -1
288: 91 234 2 62 244 242 2686 2640 33 5 -1
289: 2 -1
290: 2 -1
291: 3203 2121 242 495 23 2 2946 -1
292: 2 -1
293: 15 2127 2 -1
294: 2682 2 236 3240 -1
295: 1216 2127 3203 2 249 2189 250 -1
296: 2 -1
297: 2 -1
298: -1
299: -1
300: -1
301: 1716 877 775 1691 3 1029 -1
302: 1715 1716 -1
303: 1993 1696 1652 1672 1678 25 -1
304: 1216 877 1749 1722 2199 1759 -1
305: 1675 1993 1310 3092 -1
306: 3 -1
307: 1311 1691 3 3092 1716 -1
308: 298 -1
309: 25 1721 678 2290 -1
310: 1716 877 1691 3 1728 1310 3092 -1
311: 1691 327 1618 1700 -1
312: 1716 775 2202 1697 1763 665 1749 1642 3092 1310 -1
313: 1310 1691 -1
314: 1716 877 665 1728 1722 1623 2206 3 1749 2199 2191 -1
315: 3 -1
316: 3 -1
317: 68 466 2191 36 2206 1020 1380 1030 1029 -1
318: 1310 1633 1722 1699 1933 877 1111 1626 3092 1642 741 159 3169 2939 1744 1672 3160 3088 1710 1716 2 -1
319: 1716 -1
320: 1729 -1
321: 1698 3 3092 875 -1
322: 1715 877 1716 -1
323: 1716 -1
324: 1716 -1
325: 1691 877 448 1721 1727 1626 1749 1729 1716 1748 1763 1697 1650 1722 -1
326: 3203 248 2305 92 741 250 1052 788 2197 1216 -1
327: 3 -1
328: -1
329: -1
330: -1
331: -1
332: 1993 1662 1672 1653 1678 1652 104 877 1657 1717 1618 1701 1704 1706 1705 1728 2206 1691 1635 1659 1994 1109 1185 328 1079 4 58 1617 1715 1723 1748 1720 1751 1716 1696 678 1698 1756 1763 1735 1757 1729 1697 1722 1731 1721 2075 2086 2087 330 159 2712 -1
333: 4 -1
334: 1708 4 7 2086 -1
335: 4 2013 -1
336: 1310 1864 -1
337: 4 3362 -1
338: 4 -1
339: 4 -1
340: 4 -1
341: 1866 -1
342: 1657 4 1617 38 1864 1728 -1
343: 36 4 670 14 56 675 1626 -1
344: 4 -1
345: 1634 -1
346: 3039 4 714 -1
347: 4 -1
348: 4 -1
349: 1310 775 1657 1708 3092 -1
350: 1716 -1
351: 4 2183 2013 2712 2012 2045 1185 2 92 1572 2754 2307 -1
352: 4 -1
353: 1702 1722 2086 1748 877 1729 1697 1626 3092 2754 1750 1763 2087 36 4 -1
354: 4 -1
355: 2183 4 8 -1
356: 4 42 -1
357: 2013 2712 4 2183 2032 -1
358: 4 -1
359: 4 -1
360: 1029 4 -1
361: 654 714 107 4 56 81 -1
362: 1672 1716 1747 1748 1657 1111 1728 0 30 3200 4 -1
363: 2229 1727 1716 4 -1
364: 4 -1
365: 4 1744 877 2086 -1
366: 4 -1
367: 4 -1
368: -1
369: -1
370: -1
371: 2700 2126 98 5 137 33 3189 242 -1
372: 1114 92 3235 3229 23 368 2126 2682 5 2946 1116 -1
373: 250 2702 5 2126 242 -1
374: 248 97 2700 -1
375: -1
376: 64 3211 242 5 15 -1
377: 3106 865 3203 242 2058 137 5 2721 853 -1
378: 2631 5 2126 2399 1203 3430 865 3203 -1
379: 2058 2 242 137 2126 33 3205 3430 5 2721 2394 2408 2409 2393 495 2399 2403 -1
380: 5 19 15 -1
381: 5 3205 384 -1
382: 5 2682 242 -1
383: 1216 1256 250 1114 3239 35 137 33 5 12 2637 -1
384: 5 2682 865 23 -1
385: 3203 3189 2051 2700 950 111 3211 15 382 100 2737 5 20 137 865 242 2615 2683 375 261 2048 131 2628 3392 2 2058 510 2574 861 -1
386: 3203 2772 242 5 2789 251 137 3209 -1
387: 3212 242 15 5 33 19 47 -1
388: 2769 5 137 242 -1
389: 242 98 5 2700 2126 33 -1
390: 5 -1
391: 93 242 5 3208 2127 2945 2682 3205 2394 250 2702 3203 -1
392: 5 242 12 -1
393: 12 23 2640 2721 242 5 2126 2739 3203 2685 249 257 1204 495 3205 2408 266 -1
394: 1216 2896 984 2195 5 1629 -1
395: 3116 298 2712 2118 2127 2694 2700 2685 23 242 93 2394 865 2189 1079 -1
396: 250 242 5 -1
397: 5 137 -1
398: 1310 12 23 2640 2639 2721 242 5 33 2126 3212 2739 94 3203 2685 249 257 2404 2398 495 3205 2408 266 -1
399: 19 257 250 137 5 33 -1
400: 12 2682 2640 242 5 2126 2739 3203 257 3205 2408 -1
401: 64 2699 12 242 2700 -1
402: 6 -1
403: 104 1866 6 -1
404: 6 11 -1
405: 1528 -1
406: 788 1216 1629 2305 3362 2045 2032 -1
407: 6 -1
408: 556 6 741 -1
409: 929 -1
410: 6 16 2075 2082 0 775 104 556 1109 -1
411: 1185 1629 6 -1
412: 6 2307 -1
413: 556 -1
414: 1866 101 6 113 1626 2992 -1
415: 3198 1716 6 -1
416: 6 -1
417: 1216 3277 556 6 1626 3092 741 -1
418: 6 -1
419: 1986 1111 6 3092 -1
420: 6 -1
421: 6 741 -1
422: 6 -1
423: 11 6 -1
424: 3277 6 1626 -1
425: 16 1866 2090 101 6 -1
426: 0 1866 6 -1
427: 6 -1
428: 1111 556 -1
429: 6 -1
430: 257 2896 2305 6 -1
431: 6 11 -1
432: -1
433: 1729 775 7 1697 1725 -1
434: 1864 2199 877 2202 7 1708 1717 1750 1625 1748 1697 -1
435: 877 1617 1195 1714 1702 1625 1738 1748 1750 1729 1756 1757 1713 1763 1697 1693 1704 1753 1706 1752 1735 1705 665 2988 1722 1716 1626 3092 1710 1725 1743 17 1686 1694 1700 1741 1717 1728 20 1635 1684 1691 104 775 1655 1675 1720 1622 1754 2086 330 -1
436: 775 1707 2202 1657 1717 1741 1697 1716 7 1704 20 1750 1706 1721 1625 1756 1748 1728 1769 665 -1
437: 7 -1
438: 1716 1697 877 48 1761 1717 7 1622 1757 1619 -1
439: 1716 1701 877 1702 1109 -1
440: 1749 1623 7 1717 665 1735 1578 1750 1755 1745 1697 1724 1704 1748 1728 1626 1619 775 1864 2206 1635 1665 1109 2939 877 1725 3108 105 1274 1702 1723 1310 1747 1655 3092 1716 3088 1625 1708 1734 1741 1746 1763 1698 1700 1754 1764 1185 242 1667 1729 2199 1722 1715 2191 20 2181 2223 3107 1662 1657 1627 2185 1731 1674 1679 1633 2180 2205 1805 1710 1744 1672 1677 1618 327 -1
441: 38 1685 1802 2454 1698 7 23 1864 1626 1749 -1
442: 2086 1630 877 7 3092 -1
443: 1657 1728 1702 1751 7 -1
444: 1716 1715 1993 1111 1574 1728 1655 1657 57 242 1729 1636 1704 1693 2191 771 1691 570 -1
445: 1625 1713 1748 1717 877 665 48 3361 1626 775 -1
446: 2208 1625 1748 1750 1713 1697 7 -1
447: 775 1697 7 1728 -1
448: -1
449: 1728 877 1697 -1
450: 1625 1702 1717 1738 1697 1750 1748 1716 877 7 -1
451: 1655 7 -1
452: 1704 1717 877 1728 665 7 1716 -1
453: 1716 1626 3361 1748 1750 1697 7 2208 877 1113 1639 1689 1696 1804 2181 2191 2216 1866 2183 27 1310 1079 -1
454: 1697 3412 775 7 1110 2086 1199 1708 877 1716 1728 1722 -1
455: 1710 2208 1713 1697 1738 1728 7 2181 -1
456: 1748 1722 877 3 7 -1
457: 2199 1216 3 7 1749 877 2945 -1
458: 1716 -1
459: 1702 1721 1748 1750 1729 1759 1763 1697 1715 1716 1700 1741 7 1717 1722 1728 3092 665 775 1691 2086 -1
460: 1657 877 7 665 -1
461: 1721 1724 1728 665 1741 1700 1749 7 1750 17 3 1691 1716 20 1310 92 1079 1630 159 1715 1655 2937 3092 2305 984 330 -1
462: 1704 1757 1706 1693 7 -1
463: 1716 1715 877 1729 775 20 1701 17 1725 7 1657 1626 1622 1750 1691 1763 1697 1700 2208 1728 1748 1747 1722 1704 1753 1706 1752 1705 1749 1655 1670 1678 36 3092 1708 665 1727 1635 2075 2087 -1
464: 29 2202 1749 7 1747 92 -1
465: 665 7 1708 -1
466: -1
467: 1657 1679 1710 1717 1627 1748 1697 775 1729 7 1713 1716 877 1728 1622 1623 1739 1709 1721 1750 1749 1754 1736 1691 1763 1703 1720 1618 1741 1760 1700 1708 3198 1727 875 1686 2185 3092 770 2086 1636 -1
468: -1
469: -1
470: -1
471: -1
472: -1
473: 493 8 -1
474: 493 8 -1
475: 8 2305 -1
476: 8 -1
477: 8 -1
478: 493 8 -1
479: 1715 1710 1185 877 1744 -1
480: 8 -1
481: 493 8 -1
482: 92 493 8 1052 1217 984 -1
483: 92 8 493 -1
484: 8 -1
485: 2087 234 -1
486: 8 -1
487: 1748 1113 42 36 8 -1
488: 469 -1
489: 493 8 -1
490: 8 493 -1
491: 8 -1
492: 8 -1
493: 470 468 -1
494: -1
495: 9 2686 -1
496: -1
497: 1216 3238 244 2703 256 242 2615 2640 2739 137 2126 234 9 23 -1
498: 9 23 -1
499: 9 2615 238 23 2 494 47 -1
500: 1716 2716 9 256 2393 33 23 12 2699 242 2615 3240 1216 -1
501: 3209 2 9 238 33 23 3208 137 2685 3203 2946 -1
502: 244 250 2721 33 2126 238 9 23 254 -1
503: 59 23 238 9 2615 242 62 2 -1
504: 238 9 -1
505: 23 2628 62 256 9 238 -1
506: 496 9 -1
507: 9 2615 238 2 494 47 23 -1
508: 276 250 243 248 257 2702 59 2127 2615 2126 2191 251 47 23 2945 2 494 495 9 2703 2616 137 5 2700 234 2946 260 1216 2716 -1
509: 9 -1
510: 2615 2126 3203 242 62 9 -1
511: 9 2615 238 23 2 494 47 -1
512: 9 238 2694 2615 137 -1
513: 9 244 74 239 2686 -1
514: 248 3051 2126 2682 12 150 23 47 510 9 33 2 -1
515: 2739 2771 2615 23 2 137 242 248 33 9 5 865 -1
516: 2686 2 2400 137 242 2126 2685 23 238 9 33 -1
517: 2 9 2615 238 23 494 -1
518: 2 9 23 2393 495 33 240 2626 261 2118 3203 286 2699 12 2897 2712 2713 2718 -1
519: 2682 9 238 23 93 -1
520: 10 -1
521: 10 523 3317 -1
522: 10 -1
523: 10 -1
524: 10 3229 -1
525: 145 10 41 -1
526: 10 -1
527: 10 -1
528: 10 1109 3092 2087 41 -1
529: 240 10 -1
530: 41 10 -1
531: 10 1109 3092 2087 41 -1
532: 3229 3317 3402 10 -1
533: 10 -1
534: 10 3317 1185 -1
535: 10 -1
536: 10 -1
537: 540 3317 10 -1
538: 10 3184 -1
539: 10 -1
540: 1185 2199 3317 553 10 41 145 -1
541: 549 10 -1
542: 10 -1
543: 10 240 -1
544: 10 -1
545: 3353 10 -1
546: 1716 10 -1
547: 10 -1
548: 10 -1
549: 10 -1
550: 10 1185 -1
551: 10 -1
552: 1629 10 3229 -1
553: 3317 2229 10 -1
554: 10 -1
555: 3092 1642 -1
556: -1
557: 248 1630 11 1631 1866 -1
558: 11 1866 2082 2072 1698 141 1700 80 1701 1738 1702 1654 20 3412 1114 877 1622 3361 1715 2088 1655 1716 1657 1658 1614 1113 1717 1759 1722 1710 2202 1728 1618 665 1619 1310 36 1662 1623 1734 1624 1735 1689 2223 1741 1729 1743 1642 1744 1626 1665 775 1669 1746 2199 1535 1674 1 1307 1749 1748 1676 1677 1751 0 1713 1764 1720 1697 -1
559: 11 1631 -1
560: 1866 11 -1
561: 1630 11 1631 1866 -1
562: 2075 11 1866 -1
563: 11 -1
564: 11 -1
565: 11 3276 2096 159 -1
566: 11 -1
567: 1630 11 1866 1633 16 1713 104 1986 877 1619 1617 1111 1563 1572 1574 1199 3361 1622 665 45 2183 1716 1701 1113 1626 2992 3092 6 1608 1112 1769 -1
568: 1631 2945 11 1866 -1
569: 2181 11 1866 1698 141 80 1708 770 1714 2088 2191 1657 672 1717 1615 1195 665 137 1729 36 877 7 1738 1739 1864 1618 3114 2939 1722 1701 1716 1626 2086 1747 1307 1749 1748 1678 1677 1635 2082 1728 2072 1707 1986 1691 1763 1697 -1
570: 11 1866 2446 32 104 27 2183 146 1717 877 45 1864 6 775 2090 -1
571: 11 1866 1310 2992 3407 104 1727 1617 1111 1716 1626 6 3200 1113 1672 3406 741 -1
572: 556 11 141 -1
573: 877 665 16 1866 11 1630 3092 1626 2992 -1
574: 11 1866 -1
575: 1692 1716 1866 11 -1
576: 1716 1113 11 1866 45 6 16 1986 1607 1112 -1
577: 1630 11 1866 1708 1111 1729 1716 3092 1748 1109 775 7 877 1864 -1
578: 11 1631 1866 249 -1
579: 11 -1
580: 1630 1866 2183 11 -1
581: 1630 11 1866 1744 1715 0 740 1729 1716 1626 3092 3200 1642 1029 741 -1
582: 741 1866 11 6 -1
583: 665 1715 1748 1729 2201 1708 1866 11 556 -1
584: 64 2699 12 150 -1
585: 250 12 -1
586: 1216 12 23 -1
587: 64 2699 12 150 -1
588: 12 251 2189 2126 33 -1
589: 2126 368 23 12 3203 2127 -1
590: 15 242 19 44 3212 137 12 2682 2778 -1
591: 12 252 1117 1216 1114 -1
592: 12 2712 2713 788 1216 -1
593: 12 2680 -1
594: 12 -1
595: 1803 12 3229 3240 -1
596: 2640 35 3212 12 15 19 137 44 242 -1
597: 12 -1
598: 12 -1
599: 1216 12 -1
600: 12 -1
601: 12 -1
602: 33 64 2130 2699 12 2217 2056 96 150 2772 2696 2771 112 19 -1
603: 2127 3203 2897 12 242 23 47 -1
604: 2058 2739 12 257 -1
605: 12 -1
606: 12 242 2695 257 1079 1114 1216 -1
607: 12 -1
608: 2188 12 -1
609: 35 12 2 2058 -1
610: 13 146 2183 2454 -1
611: 88 13 2183 -1
612: 13 -1
613: 13 -1
614: 27 13 2183 -1
615: 13 -1
616: 13 -1
617: 13 2183 -1
618: 13 -1
619: 27 13 2183 2538 -1
620: 13 -1
621: 13 -1
622: 13 -1
623: 13 -1
624: 2214 3361 104 14 82 153 2183 1722 1728 1111 2988 120 2075 25 1626 662 1185 242 1729 1716 1748 639 636 -1
625: 13 -1
626: 1185 13 2183 -1
627: 13 -1
628: 27 13 2183 -1
629: 27 13 2183 2939 -1
630: 13 -1
631: 13 -1
632: 13 2183 -1
633: 73 -1
634: -1
635: -1
636: -1
637: -1
638: -1
639: -1
640: -1
641: 3039 -1
642: 657 -1
643: -1
644: 675 667 671 674 -1
645: -1
646: -1
647: -1
648: -1
649: -1
650: -1
651: -1
652: -1
653: -1
654: -1
655: -1
656: -1
657: -1
658: -1
659: 1111 -1
660: -1
661: -1
662: -1
663: -1
664: -1
665: 1613 1769 1770 -1
666: -1
667: -1
668: -1
669: -1
670: -1
671: -1
672: -1
673: -1
674: -1
675: -1
676: -1
677: 678 741 -1
678: 1029 1030 -1
679: 156 654 1185 3452 56 674 678 14 42 -1
680: 672 14 42 675 677 678 36 -1
681: 2307 -1
682: 14 361 1851 56 73 671 674 675 -1
683: 1851 14 670 680 -1
684: 1380 14 678 -1
685: 14 -1
686: 673 14 -1
687: 2313 714 696 14 73 56 675 -1
688: 14 -1
689: 14 -1
690: 1851 135 14 -1
691: 14 -1
692: 14 670 1312 -1
693: 2197 14 -1
694: 4 675 14 56 42 68 81 3039 82 714 107 670 701 2313 36 8 73 1275 116 1986 135 2125 1851 1454 67 678 3456 -1
695: 1986 14 -1
696: 1349 671 56 14 1843 73 -1
697: 670 14 -1
698: 667 668 670 675 714 56 671 674 14 51 -1
699: 14 -1
700: 1843 637 649 648 56 14 1029 640 641 -1
701: 2992 58 82 3467 2988 42 662 -1
702: 3467 14 675 673 42 667 -1
703: 674 14 -1
704: 1185 29 667 14 1708 3092 2305 2449 984 3241 788 2307 -1
705: 14 670 -1
706: 14 -1
707: 14 -1
708: 4 1716 678 36 8 1275 14 675 56 -1
709: 14 672 673 -1
710: 14 678 -1
711: 670 56 14 -1
712: 14 -1
713: 56 42 673 14 696 672 -1
714: 673 14 696 1937 671 -1
715: 667 1452 -1
716: 3091 984 242 23 137 15 2681 3392 250 -1
717: 15 -1
718: 257 3212 242 15 19 44 -1
719: 15 -1
720: 2694 242 15 -1
721: 15 91 -1
722: 2640 35 3212 12 242 15 19 137 44 -1
723: 15 -1
724: 2616 15 -1
725: 948 951 952 953 954 955 956 957 -1
726: 865 3189 2051 2700 950 111 3211 15 382 100 2737 242 5 20 137 3212 -1
727: 2739 15 2682 2686 23 242 3203 2695 2 2436 2946 248 250 -1
728: 64 15 -1
729: 23 15 -1
730: 15 -1
731: 2772 15 2615 2685 2616 5 33 2126 112 3205 2403 -1
732: 242 19 15 97 -1
733: 23 15 242 -1
734: 15 242 240 2 236 -1
735: 1114 1216 1608 2945 15 2637 121 1052 2229 -1
736: 19 23 2 137 15 368 242 2962 -1
737: 15 -1
738: 15 137 242 2 -1
739: 740 741 -1
740: 741 -1
741: -1
742: 775 2072 104 1626 665 3361 2988 556 16 -1
743: 3229 16 1986 556 953 741 -1
744: 3092 104 1626 2992 1716 -1
745: 101 1738 2091 16 1635 1684 1691 1657 57 39 20 1717 1722 22 42 1864 1743 775 1607 1747 -1
746: 1113 0 556 16 -1
747: 3411 16 2095 2089 1657 1716 1 80 -1
748: 16 21 665 1864 1626 556 -1
749: 11 1866 16 1986 556 104 2988 1697 1749 48 -1
750: 16 740 -1
751: 16 195 -1
752: 16 -1
753: 16 1715 1727 1716 1626 784 3092 1642 1307 -1
754: 16 -1
755: 0 16 195 1986 -1
756: 3 16 1691 1713 877 242 20 1717 1722 5 665 1623 2206 2199 2191 1728 137 1697 -1
757: 775 0 16 6 198 -1
758: 16 -1
759: 0 16 -1
760: 24 3412 16 104 0 157 159 -1
761: 16 -1
762: 0 16 3092 195 1716 1744 2208 877 1697 -1
763: 0 1310 1700 1633 1708 1655 104 1739 1716 3092 21 741 11 1866 32 16 6 1535 -1
764: 775 16 -1
765: 2801 6 104 0 1986 1864 2992 1657 877 665 1626 929 2082 2088 11 1630 1866 101 16 3092 80 21 1 -1
766: 0 16 556 3361 1626 -1
767: 16 -1
768: 0 16 -1
769: 1866 1701 1762 1625 16 1713 2239 1716 1702 1657 104 20 875 1986 556 1717 877 1763 1722 1618 1723 1727 1728 3361 1623 899 1626 3092 21 1 199 1712 1750 1729 1748 2082 2072 1760 1697 1609 1630 -1
770: -1
771: 775 3092 788 -1
772: 775 788 -1
773: 775 788 -1
774: 775 788 -1
775: 0 -1
776: 775 788 -1
777: 775 788 -1
778: 775 788 -1
779: 775 788 -1
780: 775 788 -1
781: 775 788 -1
782: 775 788 -1
783: 775 788 -1
784: -1
785: 775 788 -1
786: 775 788 -1
787: 788 -1
788: -1
789: 775 3092 788 -1
790: 17 -1
791: 17 775 -1
792: 17 -1
793: 17 -1
794: 877 3092 1716 17 1655 -1
795: 2091 66 1535 775 -1
796: 1748 17 -1
797: 3300 17 25 1725 -1
798: 1706 1716 1748 17 1734 1729 1866 3092 -1
799: 1765 1702 17 1715 2181 877 1728 1113 1748 1750 1697 -1
800: 1715 1728 1675 1655 1716 1748 1680 1663 1665 1678 1679 1659 1274 17 -1
801: 2479 -1
802: 556 17 1986 20 104 -1
803: 3092 17 1716 775 -1
804: 3160 17 1933 2011 3105 -1
805: 3361 17 -1
806: 17 -1
807: 17 -1
808: 1310 24 1738 17 1713 58 142 99 1716 1642 2090 -1
809: 1310 24 1738 17 58 142 -1
810: 1716 -1
811: 2087 17 -1
812: 17 -1
813: 1633 1716 17 776 1684 1749 2191 -1
814: 25 2332 1020 1642 17 784 -1
815: 1662 1657 1716 -1
816: 1633 1716 17 776 1684 1749 2191 -1
817: 17 -1
818: 1704 -1
819: 1029 3092 1716 3 17 -1
820: 1633 17 1630 1866 1727 784 3092 -1
821: 18 -1
822: 18 -1
823: 18 -1
824: 2718 18 -1
825: 18 -1
826: 18 -1
827: 18 -1
828: 18 -1
829: 18 3092 -1
830: 18 -1
831: 18 -1
832: 18 -1
833: 18 -1
834: 18 1109 3092 1216 -1
835: 18 -1
836: 18 -1
837: 18 -1
838: 18 -1
839: 18 -1
840: 18 -1
841: 58 18 1626 6 1986 -1
842: 18 -1
843: 18 -1
844: 18 -1
845: 1109 18 -1
846: 3198 3200 1701 18 -1
847: 18 -1
848: 18 -1
849: 18 159 -1
850: 18 -1
851: 18 1216 -1
852: 18 3092 -1
853: -1
854: 19 -1
855: 91 23 96 3212 242 150 19 2631 -1
856: 19 -1
857: 19 3212 3235 -1
858: 19 -1
859: 19 -1
860: 19 -1
861: 12 19 -1
862: 19 97 -1
863: 19 92 -1
864: 1715 877 1722 1729 1716 1697 19 1679 -1
865: 3203 242 2058 137 5 2721 853 -1
866: -1
867: 91 2681 150 12 2405 33 2126 23 2739 242 19 2694 3212 -1
868: 75 2702 2721 33 5 131 2126 19 2898 44 64 3146 2127 494 788 1216 -1
869: 19 -1
870: 1256 44 35 1629 865 19 2013 1216 -1
871: 19 1114 -1
872: 2126 5 242 33 3189 722 91 3205 3430 2394 12 102 19 247 1640 1639 1710 2945 -1
873: 19 3395 2065 -1
874: 91 2126 12 19 494 -1
875: -1
876: -1
877: -1
878: 20 1738 -1
879: 1716 1655 1724 2181 -1
880: 2185 1650 1748 -1
881: 1310 665 3092 1716 2896 1216 678 -1
882: 1699 1056 2086 2087 -1
883: 1349 -1
884: 2191 2181 3109 -1
885: 1729 1716 1701 1751 1748 877 1728 1717 2202 1750 1697 875 1763 1624 1686 -1
886: 2216 2181 66 1697 20 49 -1
887: 20 -1
888: 2181 2213 -1
889: 2126 -1
890: 2121 242 -1
891: 3229 877 1804 20 1697 1750 1713 1738 17 3092 775 556 1524 1702 1748 -1
892: 1642 250 159 20 1701 1111 2199 -1
893: 1216 3362 1729 1744 20 1697 1630 2305 1803 3092 -1
894: 2223 2181 -1
895: 1114 1216 1864 3092 875 20 1691 2185 1642 3235 3240 -1
896: -1
897: 20 -1
898: 1704 -1
899: -1
900: 21 -1
901: 899 -1
902: 21 20 1686 -1
903: 21 1716 1113 1109 -1
904: 3229 739 -1
905: 21 -1
906: 1535 -1
907: 21 -1
908: 21 -1
909: 21 -1
910: 21 1701 41 -1
911: 0 21 -1
912: 1626 1111 21 2988 106 -1
913: 21 -1
914: 1474 -1
915: 3221 21 0 -1
916: 21 -1
917: 1744 1633 2199 21 678 2945 1216 159 2305 -1
918: 21 -1
919: 3406 21 1114 -1
920: 92 21 -1
921: 21 -1
922: 1644 1113 0 21 -1
923: 0 21 3200 3092 1029 -1
924: 877 22 1751 -1
925: 34 1716 2088 2072 22 -1
926: 22 -1
927: 22 -1
928: 22 -1
929: -1
930: 3092 22 -1
931: 22 -1
932: 22 1 1750 1697 3092 -1
933: 22 -1
934: 22 -1
935: 22 -1
936: 22 -1
937: 22 -1
938: 22 -1
939: 22 1 1750 1697 -1
940: 1698 678 1697 2074 1735 2091 1708 1715 1713 2088 2201 1722 22 1728 665 1729 583 36 305 1734 1716 3092 1642 1535 1307 1748 1750 1623 1986 1691 -1
941: 22 -1
942: 22 -1
943: 22 -1
944: 22 -1
945: 22 -1
946: 22 -1
947: 22 -1
948: 952 953 955 954 -1
949: 948 -1
950: -1
951: 948 -1
952: 948 955 954 953 -1
953: 952 948 955 954 -1
954: 952 948 955 953 956 -1
955: 952 948 954 953 -1
956: 952 948 955 954 953 -1
957: -1
958: 242 5 950 -1
959: 23 -1
960: 2681 -1
961: 2694 -1
962: 1312 2711 2712 1185 3241 2615 23 2449 -1
963: 2197 2013 1114 248 2778 23 1216 -1
964: 494 257 248 251 242 23 1216 -1
965: 23 -1
966: 91 -1
967: 23 -1
968: 23 242 -1
969: 242 23 137 2769 2945 2946 -1
970: 249 248 250 253 23 2126 -1
971: 948 952 953 -1
972: 23 -1
973: 23 3203 -1
974: 23 -1
975: 1114 3239 3203 23 250 -1
976: 2580 242 23 2681 2189 248 251 2789 2039 -1
977: 248 3203 23 -1
978: 2945 23 1864 775 2199 2191 1722 877 1626 1749 1697 556 1866 -1
979: 242 93 2394 865 2189 1079 -1
980: 23 249 -1
981: 3203 3208 2127 248 23 -1
982: 2946 23 368 248 -1
983: -1
984: -1
985: 24 -1
986: 34 1474 -1
987: 24 -1
988: 24 -1
989: 24 983 1716 -1
990: 665 1716 1112 444 80 24 1617 1113 104 38 -1
991: 101 2181 1698 141 1700 80 24 1701 1652 1708 770 -1
992: 24 -1
993: 24 1474 142 1716 -1
994: 1650 1706 1715 2088 1655 1716 1657 1717 877 1729 1662 2939 1666 1113 1670 1672 1678 1751 1680 1639 1692 1695 1697 1698 1652 24 1701 1654 1748 1656 1658 20 1721 1659 1727 1728 1619 1730 1622 1731 1623 1734 1735 2223 1738 1741 1663 1664 1743 1667 1668 1669 1746 1671 2086 1675 1676 1677 1750 1679 1754 1760 1763 1694 1621 104 106 678 1933 1994 1726 42 1769 1770 1613 -1
995: 24 -1
996: 24 -1
997: 24 1642 -1
998: 24 -1
999: 24 104 159 -1
1000: 24 -1
1001: 24 104 223 1633 -1
1002: 1109 1113 1195 -1
1003: 983 24 2991 1185 -1
1004: 2075 1630 24 16 1864 556 665 21 1729 1626 1 741 1578 1738 1109 3407 3408 3092 164 3406 2096 159 -1
1005: 1747 1866 24 1701 3412 2945 3092 -1
1006: 741 1700 2460 38 2191 2194 25 2206 26 1728 1630 1698 1702 1708 1715 1722 1864 1716 3092 199 875 1747 1748 1729 2195 3116 1764 -1
1007: 983 24 -1
1008: 24 -1
1009: 1613 1614 1617 1618 1619 1621 1622 1623 1624 1625 1626 1627 1629 1630 1631 1632 1633 1634 1635 1636 1637 1638 1639 1641 1642 1643 1644 1645 1646 1647 1649 1650 1651 1652 1653 1654 1655 1656 1657 1658 1659 1660 1661 1662 1663 1664 1665 1666 1667 1668 1669 1670 1671 1672 1673 1674 1675 1676 1677 1678 1679 1680 1684 1685 1686 1688 1689 1690 1691 1692 1693 1694 1695 1696 1697 1698 1699 1700 24 1701 1702 1703 1704 1705 1706 1707 1708 1709 1711 1712 1713 1714 1715 1716 1717 1718 877 1719 1720 1721 1722 1723 1724 1725 1726 1727 1728 1729 1730 1731 1732 1733 1734 1735 1736 1737 1738 1739 1740 1741 1742 1743 1744 1745 1746 1747 1748 1749 1750 1751 1752 1753 1754 1755 1756 1757 1758 1759 1760 1761 1762 1763 1764 1765 1769 1770 -1
1010: 24 -1
1011: 24 1702 877 775 1716 -1
1012: 877 3092 775 1741 20 16 1635 1659 1738 24 1713 2076 -1
1013: 24 -1
1014: 24 -1
1015: 24 2542 -1
1016: 24 1866 80 435 1716 556 1993 2992 1 1655 1729 877 1864 -1
1017: 24 -1
1018: 24 2183 -1
1019: 1029 1030 1031 -1
1020: 1024 1026 1028 1029 1030 1031 -1
1021: 1029 1030 1031 -1
1022: 1030 1029 -1
1023: 1029 1030 -1
1024: 25 -1
1025: 1020 -1
1026: 1029 1030 1031 -1
1027: 1029 1030 -1
1028: -1
1029: -1
1030: 1029 -1
1031: 1028 1029 1030 -1
1032: 1642 -1
1033: 1029 29 -1
1034: 1030 1020 -1
1035: 1020 -1
1036: 1029 -1
1037: 1716 -1
1038: 1029 -1
1039: 25 1020 1634 984 -1
1040: 2210 25 877 1642 3092 1029 984 -1
1041: 1030 1029 2229 -1
1042: 2013 2045 2305 788 1216 -1
1043: 115 1026 1029 1030 -1
1044: 25 -1
1045: 143 1020 -1
1046: 1642 1029 2206 -1
1047: 1020 -1
1048: 25 -1
1049: -1
1050: 25 -1
1051: 2888 -1
1052: -1
1053: -1
1054: 1933 -1
1055: 1728 -1
1056: 1933 1699 2086 -1
1057: 1699 -1
1058: -1
1059: 1699 -1
1060: 1716 -1
1061: 1629 669 257 1312 1216 1185 -1
1062: 1699 1929 1310 1052 1626 3092 2086 1928 -1
1063: 1699 1626 -1
1064: 1109 3184 -1
1065: 1756 1769 1770 1724 1715 1716 1748 1729 1697 1109 1722 1749 877 1655 1659 36 1273 1678 1993 1625 1638 1079 2086 2087 -1
1066: 1993 1655 1716 -1
1067: 1607 1633 1866 1630 2191 877 665 1675 1716 -1
1068: 2842 -1
1069: 27 -1
1070: -1
1071: -1
1072: -1
1073: -1
1074: -1
1075: -1
1076: -1
1077: -1
1078: -1
1079: -1
1080: 27 -1
1081: 1310 4 27 -1
1082: 88 27 2183 -1
1083: 27 -1
1084: 2183 -1
1085: 27 2184 -1
1086: 27 -1
1087: 2553 27 2183 -1
1088: 27 -1
1089: 2553 27 2183 -1
1090: 27 2183 -1
1091: 1626 27 -1
1092: 27 3092 -1
1093: 1866 27 2359 48 314 2181 1716 2191 1564 -1
1094: 27 -1
1095: 27 2183 -1
1096: 665 27 2183 104 1626 -1
1097: 27 2183 -1
1098: 27 -1
1099: 2013 1656 2553 27 2754 -1
1100: 0 27 -1
1101: 741 3092 3106 1769 27 -1
1102: 27 -1
1103: 27 -1
1104: 27 3092 -1
1105: 2185 2197 -1
1106: 1310 92 27 146 2183 -1
1107: 1769 1626 27 -1
1108: 27 -1
1109: -1
1110: -1
1111: 1613 1769 1770 -1
1112: 1613 1614 1617 1618 1619 1621 1622 1623 1624 1625 1626 1627 1629 1630 1631 1632 1633 1634 1635 1636 1637 1638 1639 1641 1642 1643 1644 1645 1646 1647 1649 1650 1651 1652 1653 1654 1655 1656 1657 1658 1659 1660 1661 1662 1663 1664 1665 1666 1667 1668 1669 1670 1671 1672 1673 1674 1675 1676 1677 1678 1679 1680 1684 1685 1686 1688 1689 1690 1691 1692 1693 1694 1695 1696 1697 1698 1699 1700 24 1701 1702 1703 1704 1705 1706 1707 1708 1709 1711 1712 1713 1714 1715 1716 1717 1718 877 1719 1720 1721 1722 1723 1724 1725 1726 1727 1728 1729 1730 1731 1732 1733 1734 1735 1736 1737 1738 1739 1740 1741 1742 1743 1744 1745 1746 1747 1748 1749 1750 1751 1752 1753 1754 1755 1756 1757 1758 1759 1760 1761 1762 1763 1764 1765 1769 1770 -1
1113: 0 -1
1114: -1
1115: -1
1116: -1
1117: -1
1118: -1
1119: 28 -1
1120: 1115 28 2181 896 1805 1117 2096 159 -1
1121: 28 1349 1185 1117 -1
1122: 1115 28 -1
1123: 1122 28 -1
1124: 28 -1
1125: 1117 28 -1
1126: 1721 114 29 130 2075 -1
1127: 1721 114 29 130 2075 -1
1128: 29 -1
1129: 2305 29 -1
1130: 29 -1
1131: 1656 -1
1132: 1185 29 1933 -1
1133: 29 31 76 329 -1
1134: 1933 29 -1
1135: 29 -1
1136: 1185 29 1721 2075 2 -1
1137: 1030 330 2512 1708 29 1721 2221 -1
1138: 294 -1
1139: 1185 29 1933 -1
1140: 30 1311 -1
1141: 30 -1
1142: 30 -1
1143: 30 3412 -1
1144: 3412 30 3407 3200 3406 -1
1145: 1626 1111 678 2859 -1
1146: 30 -1
1147: 30 -1
1148: 30 -1
1149: 30 -1
1150: 30 -1
1151: 30 3412 -1
1152: 30 -1
1153: 30 -1
1154: 48 556 2199 30 -1
1155: 1735 104 -1
1156: 30 -1
1157: 3092 3200 -1
1158: 30 -1
1159: 0 11 1866 556 6 1986 30 775 -1
1160: 30 -1
1161: 877 2191 2199 1717 30 1748 577 -1
1162: 30 -1
1163: 30 -1
1164: 30 -1
1165: 3412 30 -1
1166: 3412 30 -1
1167: 3200 -1
1168: 1216 -1
1169: 1113 1 1657 3200 3412 30 2078 -1
1170: 1626 1717 30 -1
1171: 30 -1
1172: 30 3412 -1
1173: 30 -1
1174: 31 -1
1175: 1747 31 -1
1176: 2712 3239 1185 -1
1177: 31 -1
1178: 31 -1
1179: 1185 31 -1
1180: 198 -1
1181: 31 -1
1182: 31 -1
1183: 31 -1
1184: 31 -1
1185: -1
1186: 1629 1114 984 2497 31 1216 -1
1187: 1618 31 -1
1188: 31 -1
1189: 328 31 1747 2229 875 1765 2205 -1
1190: 31 -1
1191: 32 1607 -1
1192: 104 2082 32 -1
1193: 1109 32 -1
1194: 32 -1
1195: 1708 1617 32 1729 6 1769 1770 1613 -1
1196: 32 -1
1197: 3092 32 -1
1198: 32 1866 1113 -1
1199: -1
1200: 32 1490 -1
1201: 2512 1617 32 -1
1202: 32 -1
1203: -1
1204: 33 3238 -1
1205: 3203 -1
1206: 2702 -1
1207: 3203 2126 2058 33 -1
1208: 249 33 -1
1209: 368 2126 33 62 3203 -1
1210: 1215 -1
1211: 2012 2013 1216 198 -1
1212: 2126 33 -1
1213: 242 33 47 23 494 495 238 2067 2410 2768 -1
1214: 1206 -1
1215: 262 -1
1216: -1
1217: -1
1218: 3092 -1
1219: 1716 3091 1113 -1
1220: 157 158 159 160 161 162 163 -1
1221: 877 2086 2087 -1
1222: 1716 0 -1
1223: 906 1349 -1
1224: 2801 -1
1225: 159 -1
1226: 2244 -1
1227: 197 198 199 -1
1228: 3184 -1
1229: 159 -1
1230: 34 2888 -1
1231: 34 -1
1232: 34 -1
1233: 34 665 -1
1234: 1633 4 34 -1
1235: 3092 1113 1310 1986 1614 34 1607 -1
1236: 34 665 -1
1237: 34 1109 3092 741 -1
1238: 34 -1
1239: 1866 48 1113 34 -1
1240: 34 -1
1241: 34 -1
1242: 34 1216 -1
1243: 34 1586 1626 -1
1244: 34 -1
1245: 34 -1
1246: 34 21 -1
1247: 34 -1
1248: 1562 1585 1199 2088 104 2095 188 39 3092 1 1474 34 -1
1249: 1111 1716 775 34 1727 1632 -1
1250: 1866 104 1626 3092 1716 3361 665 877 1632 34 1717 -1
1251: 34 -1
1252: -1
1253: -1
1254: -1
1255: -1
1256: -1
1257: -1
1258: -1
1259: -1
1260: -1
1261: 35 -1
1262: 288 2953 -1
1263: 23 44 35 2640 -1
1264: 91 865 35 3212 12 242 -1
1265: 242 2 2700 2574 861 2615 -1
1266: 1256 44 35 1629 865 19 2013 1216 -1
1267: 15 242 19 44 3212 137 12 2640 35 -1
1268: 2640 35 3212 12 15 19 137 44 242 -1
1269: 2449 35 601 3240 3184 -1
1270: 2 35 -1
1271: 1349 2 131 -1
1272: 666 -1
1273: -1
1274: 1715 1958 -1
1275: -1
1276: -1
1277: 36 3361 -1
1278: 1692 2338 36 -1
1279: 1748 1275 654 1698 -1
1280: 1634 36 -1
1281: 1716 2202 1274 1662 -1
1282: 877 1749 1655 1662 1274 2199 1864 1708 1715 -1
1283: 1716 1697 1665 -1
1284: 1275 -1
1285: 36 -1
1286: 36 -1
1287: 677 36 -1
1288: 36 -1
1289: 36 -1
1290: 1273 1678 1653 -1
1291: 36 -1
1292: 36 -1
1293: 4 665 36 -1
1294: 1276 36 -1
1295: 36 -1
1296: 1653 1678 1665 1679 1655 1715 1716 36 -1
1297: 1696 877 1655 1273 1662 1653 1678 775 1659 -1
1298: 1273 1678 -1
1299: 1665 -1
1300: 1697 1715 36 1716 257 1216 -1
1301: 1275 -1
1302: 1274 -1
1303: 1746 1933 1675 329 1655 1678 1657 1672 1696 1716 -1
1304: 670 675 3467 1349 -1
1305: 1274 -1
1306: 36 -1
1307: 3240 -1
1308: 37 -1
1309: 1307 37 -1
1310: -1
1311: -1
1312: -1
1313: 57 38 25 1607 2191 -1
1314: 38 -1
1315: 2039 38 -1
1316: 38 1864 -1
1317: 38 775 -1
1318: 38 1216 1349 -1
1319: 38 -1
1320: 38 2039 -1
1321: 665 38 -1
1322: 1310 2454 1109 1575 38 1716 1748 1765 1668 1678 1633 1657 1986 665 1619 1655 877 1728 1609 1727 -1
1323: 1708 1622 1688 57 1722 1617 665 1623 38 1729 1697 1716 25 1626 1607 2191 1748 1750 -1
1324: 57 38 -1
1325: 1684 1655 1657 877 1729 1864 1708 1715 1722 1770 1623 1716 1626 1748 48 1749 38 -1
1326: 1633 1729 1748 1607 1691 1754 38 1716 -1
1327: 38 -1
1328: 38 -1
1329: 38 -1
1330: 1701 -1
1331: 38 1626 1716 -1
1332: 38 1986 -1
1333: 38 2199 3092 1642 1708 -1
1334: 38 -1
1335: 466 677 1642 38 122 665 1626 1113 1716 877 1729 1994 1708 678 1633 -1
1336: 1575 38 -1
1337: 38 -1
1338: 38 1691 2206 -1
1339: 678 38 1685 1626 1864 -1
1340: 1728 1342 1722 1675 1617 1626 1716 1729 -1
1341: 38 -1
1342: 38 1864 745 -1
1343: 38 -1
1344: 1113 38 1691 1749 -1
1345: 38 -1
1346: 2185 38 2039 -1
1347: 38 1185 2087 -1
1348: 131 242 2640 2771 100 23 12 2680 2126 3212 38 -1
1349: -1
1350: -1
1351: -1
1352: -1
1353: -1
1354: 39 877 1626 -1
1355: 3286 -1
1356: 39 -1
1357: 899 0 577 39 3092 775 1 80 1352 2096 159 -1
1358: 39 -1
1359: 39 43 2095 -1
1360: 3092 1629 39 -1
1361: 1706 80 0 21 665 1 1986 -1
1362: 0 1535 -1
1363: 159 -1
1364: 39 1986 -1
1365: 43 39 1 757 159 1109 -1
1366: 1738 1697 7 1716 1639 1715 1627 1748 789 39 1754 877 1655 159 1717 -1
1367: 39 -1
1368: 3092 39 -1
1369: 0 1 80 1986 39 1535 1704 1750 1706 -1
1370: 0 39 -1
1371: 1349 1350 1351 1352 1353 -1
1372: 104 1 0 39 43 775 757 -1
1373: 1562 1585 1199 2088 104 2095 188 39 3092 1 1474 -1
1374: 0 1716 3092 -1
1375: 0 2091 39 1657 104 775 757 6 1 -1
1376: 1474 39 -1
1377: 159 -1
1378: -1
1379: 40 -1
1380: 40 1408 -1
1381: 1946 40 -1
1382: 40 -1
1383: 1378 -1
1384: 40 1408 -1
1385: 1408 40 -1
1386: 40 -1
1387: 40 -1
1388: 1408 40 -1
1389: 1408 40 -1
1390: 40 -1
1391: 40 -1
1392: 40 1020 1029 -1
1393: 1378 -1
1394: 40 -1
1395: 1408 40 -1
1396: 3229 2205 1864 1380 40 3306 -1
1397: 1216 40 1114 -1
1398: 1408 40 -1
1399: 40 -1
1400: 40 -1
1401: 40 -1
1402: 40 -1
1403: 40 -1
1404: 40 -1
1405: 1629 -1
1406: 40 -1
1407: 1408 40 -1
1408: 40 -1
1409: 40 92 -1
1410: 40 -1
1411: 40 1216 -1
1412: 40 -1
1413: 40 -1
1414: 1419 1417 -1
1415: 1419 1417 -1
1416: 1417 -1
1417: -1
1418: -1
1419: -1
1420: 1419 -1
1421: -1
1422: 41 -1
1423: 41 -1
1424: 41 -1
1425: 41 -1
1426: 41 -1
1427: 1708 2939 1747 41 -1
1428: 1349 1442 -1
1429: 41 -1
1430: 41 -1
1431: 41 1216 -1
1432: 41 -1
1433: 145 41 -1
1434: 41 1185 -1
1435: 41 3184 -1
1436: 41 -1
1437: 444 41 145 1185 -1
1438: 2086 2087 3229 41 2 -1
1439: 3317 -1
1440: 523 1428 1185 -1
1441: 41 -1
1442: 41 -1
1443: 1185 523 -1
1444: 41 -1
1445: 41 -1
1446: 41 -1
1447: 41 145 -1
1448: 41 -1
1449: 41 -1
1450: 41 -1
1451: 41 -1
1452: -1
1453: -1
1454: 665 1626 1729 43 678 654 3467 1864 674 56 668 116 51 2365 -1
1455: 3039 1634 1275 674 56 2307 42 156 675 73 -1
1456: 2323 3039 654 1634 1275 56 2307 42 156 675 73 674 -1
1457: 42 -1
1458: 1630 42 -1
1459: 42 -1
1460: 42 -1
1461: 42 1465 -1
1462: 42 -1
1463: 3039 1199 -1
1464: 678 42 1864 1454 -1
1465: -1
1466: 42 -1
1467: 42 -1
1468: 42 -1
1469: 36 42 675 -1
1470: 1722 42 -1
1471: 42 -1
1472: 3447 42 1452 1453 1716 1310 -1
1473: 114 1986 1657 1765 43 775 -1
1474: 80 0 43 -1
1475: 43 1765 -1
1476: 43 -1
1477: 43 -1
1478: 43 -1
1479: 152 3407 1 43 -1
1480: 43 -1
1481: 1216 665 0 43 104 -1
1482: 2199 677 3039 -1
1483: 159 -1
1484: 43 -1
1485: 43 -1
1486: 159 43 -1
1487: 43 -1
1488: 43 -1
1489: 669 43 1747 1310 3412 58 775 20 1986 1765 -1
1490: 1715 1716 43 1765 1331 -1
1491: 43 1765 -1
1492: 43 -1
1493: 1 1716 899 43 0 -1
1494: 104 1 39 43 775 757 -1
1495: 43 -1
1496: 775 1986 43 -1
1497: 87 43 -1
1498: 104 1 39 43 775 757 -1
1499: 242 -1
1500: 44 -1
1501: 2771 242 131 3189 239 44 2739 1204 2737 -1
1502: 44 -1
1503: 44 2784 242 2694 15 -1
1504: 112 2771 44 -1
1505: 1626 44 -1
1506: 44 3203 669 -1
1507: 44 -1
1508: 44 -1
1509: 75 2702 2721 33 5 131 2126 19 2898 44 64 3146 2127 494 3184 -1
1510: 44 -1
1511: 44 -1
1512: 44 -1
1513: 44 -1
1514: 44 2784 -1
1515: 44 -1
1516: 44 23 237 1216 137 -1
1517: 44 -1
1518: -1
1519: 250 1729 45 257 -1
1520: 45 -1
1521: 45 -1
1522: 1986 1749 16 45 6 -1
1523: 45 -1
1524: 1748 1750 1697 7 1715 2208 877 1804 2181 2191 665 1689 1708 1866 1518 556 0 1993 106 3092 -1
1525: 1866 80 45 6 -1
1526: 1728 665 45 1749 -1
1527: 45 -1
1528: 1866 2446 45 234 6 2090 -1
1529: 1866 1702 1708 3361 1715 1717 877 1722 1723 1711 1727 1111 36 45 1720 1622 1623 1734 1735 1738 1626 1716 1754 775 1748 1749 1750 1729 1618 1728 1713 1762 1759 1742 1697 1691 1310 1721 2075 49 1804 3097 2216 -1
1530: 1716 1113 2183 1866 45 3361 48 -1
1531: 2988 1608 2199 665 20 1626 775 1866 45 -1
1532: 1866 45 1617 1716 1609 1 43 0 1864 1657 104 -1
1533: 1052 45 1866 1729 3092 -1
1534: 1697 20 1866 45 27 2181 1738 665 7 -1
1535: 1743 45 0 2096 159 -1
1536: 2185 45 1802 3116 3120 -1
1537: 1630 1866 2550 45 -1
1538: 1185 911 46 92 2712 2197 953 43 -1
1539: 3229 46 -1
1540: 92 46 1185 1351 2125 2 2267 1933 911 -1
1541: 46 2897 -1
1542: 2 -1
1543: 46 -1
1544: 2897 92 46 -1
1545: 46 2 29 -1
1546: 46 -1
1547: 46 -1
1548: 46 -1
1549: 47 -1
1550: 2395 2399 2406 2407 2404 1204 2411 2405 2398 47 2409 2394 2122 1203 2408 2401 2397 2611 2393 2100 2410 2104 2412 254 154 3238 239 2 245 2702 3050 3192 2686 242 3051 -1
1551: 23 2 47 -1
1552: 2127 3203 64 -1
1553: 64 47 -1
1554: 1216 1217 64 47 2031 -1
1555: 47 2616 23 2104 1716 1310 -1
1556: 4 865 242 238 12 494 236 2399 2595 3193 385 64 2700 2681 44 382 722 47 5 -1
1557: 1216 242 47 12 112 -1
1558: 242 2127 23 2625 3195 244 243 19 240 64 47 3212 -1
1559: 23 2 47 -1
1560: 15 242 19 44 47 -1
1561: 3212 242 15 5 33 19 47 -1
1562: 1613 1769 1770 -1
1563: 1748 1622 1769 1770 1613 -1
1564: 1613 1769 1770 -1
1565: 1769 1770 1613 -1
1566: 1613 1748 1716 1715 1765 1626 1769 1770 -1
1567: 1986 1769 1770 1613 -1
1568: 1613 1626 0 1866 6 11 32 1769 1770 -1
1569: 1613 1626 1636 1769 1770 -1
1570: 1613 1769 1770 -1
1571: 1769 1770 1613 -1
1572: 3361 1770 1769 1613 -1
1573: 1708 1617 32 1729 6 1769 1770 1613 -1
1574: 1617 1113 1614 1769 1770 1613 -1
1575: 1769 1770 1613 -1
1576: 1769 1770 1613 -1
1577: 1626 1769 1770 1613 -1
1578: 1769 1770 1613 -1
1579: 1645 1613 1626 1770 1769 -1
1580: 1748 1627 1636 1614 1769 1770 1613 -1
1581: 1613 1770 3092 1626 1617 1769 -1
1582: 1729 1769 1770 1613 -1
1583: 113 106 1769 1770 1613 -1
1584: 1769 1770 1613 -1
1585: 1769 1770 1613 -1
1586: 0 21 104 1657 1 1113 6 11 2088 2082 1866 1769 1770 1613 -1
1587: 6 11 1769 1770 1613 -1
1588: 1769 1770 1613 -1
1589: 1769 1770 1613 -1
1590: 1769 1770 1613 -1
1591: 1769 1770 1613 -1
1592: 1769 1770 1613 -1
1593: 556 1769 1770 1613 -1
1594: 1748 1627 1613 1769 1770 -1
1595: 1769 1770 1613 -1
1596: 1769 1770 1613 -1
1597: 1688 1769 1770 1613 -1
1598: 1769 1770 1613 -1
1599: 1769 1770 1613 -1
1600: 1769 1770 1613 -1
1601: 1769 1770 1613 -1
1602: 1769 1770 1613 -1
1603: 1769 1770 1613 -1
1604: 106 113 2992 1769 1770 1613 -1
1605: 1622 1748 1763 1697 1693 1703 1709 1715 1702 877 1721 1723 1724 1720 1730 1732 1733 1739 1740 1716 1750 1729 1754 1736 1757 1618 1713 1760 1742 1691 1617 1769 1770 1613 -1
1606: 1740 1701 1769 1770 1613 -1
1607: -1
1608: 3361 -1
1609: 1630 3361 -1
1610: 1613 1626 1617 1769 1770 -1
1611: 1769 1770 1613 -1
1612: 159 2896 1349 1310 1769 1770 1613 -1
1613: 1620 1622 665 1578 1608 1607 1111 -1
1614: -1
1615: 1769 1770 1613 -1
1616: 1728 20 1708 1769 1770 1613 -1
1617: -1
1618: -1
1619: 1617 1195 1714 1702 1625 1738 1748 1750 1729 1756 1757 1713 1763 1697 1693 1753 1706 1752 1735 1705 665 2988 1722 1716 1626 3092 1710 1725 1743 17 1686 1694 1700 1741 1717 1728 20 1635 1684 1691 104 775 1655 1675 1720 1622 1754 2086 330 -1
1620: 1639 877 1617 1769 1770 1613 -1
1621: -1
1622: -1
1623: 1622 1625 1696 -1
1624: 2896 1622 -1
1625: 1622 -1
1626: -1
1627: -1
1628: 1769 1770 1613 -1
1629: -1
1630: -1
1631: -1
1632: -1
1633: -1
1634: -1
1635: -1
1636: -1
1637: -1
1638: -1
1639: -1
1640: 1639 -1
1641: -1
1642: -1
1643: -1
1644: -1
1645: -1
1646: -1
1647: 1640 -1
1648: -1
1649: -1
1650: -1
1651: 1770 -1
1652: -1
1653: -1
1654: -1
1655: 1715 1716 1722 159 -1
1656: -1
1657: -1
1658: -1
1659: 1672 -1
1660: -1
1661: 1672 -1
1662: 1716 -1
1663: 1722 -1
1664: -1
1665: -1
1666: 1642 1652 1653 1715 1716 1667 1672 1678 -1
1667: 1653 1678 1668 1715 -1
1668: -1
1669: -1
1670: -1
1671: -1
1672: 1642 1770 784 -1
1673: -1
1674: -1
1675: 1651 1770 -1
1676: -1
1677: -1
1678: 1672 1653 1679 -1
1679: -1
1680: 1653 1668 -1
1681: 1686 1688 1690 1639 1626 1113 1696 1691 1685 1721 1729 1669 1754 2206 1020 1723 1728 2896 -1
1682: 1686 1688 1690 1639 1626 1113 1696 1691 1685 1721 1729 1669 1754 2206 1020 1723 1728 2896 -1
1683: 1686 1688 1690 1639 1626 1113 1696 1691 1685 1721 1729 1669 1754 2206 1020 1723 1728 2896 -1
1684: 1029 1030 -1
1685: -1
1686: -1
1687: 1639 -1
1688: 1729 -1
1689: -1
1690: -1
1691: -1
1692: 3240 -1
1693: -1
1694: -1
1695: -1
1696: 1626 1727 -1
1697: -1
1698: 1310 1696 1642 -1
1699: 1053 -1
1700: -1
1701: 3091 -1
1702: 1312 -1
1703: -1
1704: -1
1705: 1627 1636 -1
1706: 877 1716 1697 1657 1675 -1
1707: -1
1708: -1
1709: -1
1710: 1639 -1
1711: -1
1712: 1626 -1
1713: -1
1714: -1
1715: 1748 -1
1716: -1
1717: -1
1718: -1
1719: -1
1720: -1
1721: -1
1722: 1663 -1
1723: -1
1724: -1
1725: 1724 -1
1726: -1
1727: -1
1728: -1
1729: -1
1730: -1
1731: -1
1732: -1
1733: -1
1734: 1310 -1
1735: -1
1736: -1
1737: -1
1738: -1
1739: -1
1740: -1
1741: -1
1742: -1
1743: -1
1744: -1
1745: 1638 2086 -1
1746: -1
1747: -1
1748: 1765 -1
1749: -1
1750: -1
1751: -1
1752: 2208 1716 1750 1697 2086 -1
1753: -1
1754: 1669 3092 1626 1642 -1
1755: -1
1756: -1
1757: 1195 -1
1758: -1
1759: -1
1760: -1
1761: -1
1762: -1
1763: 1748 -1
1764: -1
1765: -1
1766: 1645 1613 1626 1770 1769 -1
1767: 1769 1770 1613 -1
1768: 159 2896 1349 1310 1769 1770 1613 -1
1769: -1
1770: -1
1771: 1700 1708 1716 2937 2075 1721 1729 2615 3088 48 3362 -1
1772: 1684 25 1749 877 1655 1716 1722 1630 678 626 1708 48 654 677 1822 -1
1773: 1216 2247 1619 48 1805 2857 2191 -1
1774: 48 -1
1775: 48 877 -1
1776: 1716 1113 877 2302 48 1607 -1
1777: 48 1864 2191 -1
1778: 1716 1633 1864 1113 48 1626 3092 -1
1779: 1109 48 1716 1113 1672 1678 1697 53 1310 1633 -1
1780: 1112 1111 665 3361 1626 1580 1716 1717 1721 1622 1623 1624 1735 1738 1746 1750 1729 1754 1756 1757 1759 1763 1697 1617 1618 1715 1728 1748 1702 1720 1739 1711 1722 1731 1751 1614 1704 1745 1758 1706 1752 1705 1709 1718 1707 877 775 1009 -1
1781: 48 -1
1782: 3092 1716 48 -1
1783: 48 -1
1784: 1216 48 -1
1785: 1802 665 1626 2183 2992 38 2206 1717 1864 2086 48 1394 4 1716 -1
1786: 2199 48 -1
1787: 1727 -1
1788: 48 -1
1789: 48 775 -1
1790: 48 775 2307 -1
1791: 1724 1748 1729 1725 1658 1618 1716 48 1111 1929 1056 1933 1749 1691 1927 1216 3239 -1
1792: 48 -1
1793: 665 1615 1195 48 1579 -1
1794: 48 -1
1795: 665 1716 3092 -1
1796: 48 -1
1797: 1748 1729 1725 1658 1618 1716 1056 48 2087 1111 1929 1933 1749 1691 1927 3203 1216 3239 -1
1798: 48 -1
1799: 48 775 -1
1800: 48 -1
1801: 48 -1
1802: -1
1803: -1
1804: -1
1805: -1
1806: 1310 49 -1
1807: 2181 -1
1808: 2216 49 3097 -1
1809: 2214 49 -1
1810: -1
1811: 50 -1
1812: 50 -1
1813: 50 -1
1814: 1029 50 1843 -1
1815: 50 -1
1816: 654 1634 50 1275 1817 677 678 1994 -1
1817: -1
1818: 50 -1
1819: 1029 50 1634 36 -1
1820: 2945 50 79 1301 677 1716 1029 1030 678 -1
1821: 50 -1
1822: 654 1684 666 1634 50 1275 1820 677 678 -1
1823: 50 -1
1824: 50 -1
1825: 50 73 -1
1826: 654 1634 50 1843 1275 1817 677 678 234 1029 1114 1216 -1
1827: 56 -1
1828: 2365 1634 667 2307 73 673 672 -1
1829: 73 669 156 -1
1830: 1349 3259 73 -1
1831: 1216 51 1380 69 2307 674 -1
1832: 73 -1
1833: 2313 696 1843 73 2365 668 671 51 -1
1834: 674 56 3039 667 51 1836 678 677 -1
1835: 51 667 56 1634 -1
1836: 671 -1
1837: 667 670 -1
1838: 672 73 -1
1839: 674 667 643 653 2125 3039 696 1851 2307 56 2 673 1216 2193 3239 2712 3235 -1
1840: 2363 1843 2364 2365 673 -1
1841: 2307 677 -1
1842: 73 51 69 2307 -1
1843: -1
1844: 2307 51 -1
1845: 671 675 -1
1846: 674 56 -1
1847: 2992 1626 1716 678 51 234 -1
1848: 69 14 56 649 2 -1
1849: 2313 647 1817 675 1843 51 698 678 671 1851 3446 -1
1850: 73 56 14 156 51 -1
1851: 51 675 56 73 671 -1
1852: 2307 56 42 156 674 675 73 -1
1853: 674 73 -1
1854: 2307 -1
1855: 2307 51 677 674 -1
1856: 2307 -1
1857: 2307 714 3039 56 671 73 674 -1
1858: 1185 294 -1
1859: 2 1185 -1
1860: 669 -1
1861: 1216 -1
1862: 3229 -1
1863: 1216 -1
1864: -1
1865: -1
1866: -1
1867: 52 -1
1868: 52 -1
1869: 52 -1
1870: 52 775 2199 -1
1871: 52 1875 -1
1872: 52 -1
1873: 52 1864 2199 -1
1874: 1452 3373 106 52 3039 -1
1875: 1727 52 -1
1876: 52 665 -1
1877: 1864 1482 2988 52 -1
1878: 2992 1565 52 42 -1
1879: 1890 53 1109 -1
1880: 1626 665 1716 53 1696 85 -1
1881: 1672 1633 1678 1653 1674 2718 3153 1716 1113 1657 1749 53 1109 1310 1079 2013 -1
1882: 1633 1864 53 -1
1883: 53 -1
1884: 1633 53 -1
1885: 53 -1
1886: 1633 53 -1
1887: 1655 1716 1675 1349 1216 -1
1888: 53 -1
1889: 53 -1
1890: 53 1109 -1
1891: 53 -1
1892: 1633 53 -1
1893: 53 -1
1894: 54 -1
1895: 54 -1
1896: 54 -1
1897: 1109 54 -1
1898: 54 -1
1899: 54 3235 -1
1900: 1109 54 -1
1901: 54 -1
1902: 54 -1
1903: 54 953 3184 -1
1904: 3241 -1
1905: 199 92 54 29 328 -1
1906: 54 -1
1907: 54 -1
1908: 54 -1
1909: 54 -1
1910: 54 953 3184 -1
1911: 54 -1
1912: 54 -1
1913: 54 953 3184 -1
1914: 54 -1
1915: 54 -1
1916: 54 3229 -1
1917: 54 -1
1918: 54 -1
1919: 54 953 3184 -1
1920: 54 -1
1921: -1
1922: 55 -1
1923: 1310 1716 665 1626 1697 3088 1729 877 1728 1715 1617 1748 1700 1733 1699 2086 1725 1056 55 1933 -1
1924: 55 -1
1925: 1716 1655 877 2361 1715 1056 1756 -1
1926: 55 -1
1927: 1056 1699 1712 1701 1933 1929 1928 1669 1635 -1
1928: 1929 1933 1699 55 1056 1725 1715 2086 -1
1929: 1928 1701 1699 55 1748 -1
1930: 1933 1716 55 2085 2086 -1
1931: 1716 3092 1642 1746 1701 1724 1748 1729 1728 1697 4 1708 1079 1699 55 1933 2086 1684 1725 877 1717 1657 1111 1738 1113 1672 1655 1650 330 2514 1216 -1
1932: 55 -1
1933: 1699 1701 3092 1626 1929 1697 1111 1928 1642 329 2087 55 2085 2086 1729 1056 1195 1716 877 1657 -1
1934: 1626 1701 1699 55 -1
1935: 674 56 1851 -1
1936: 56 -1
1937: 107 677 678 -1
1938: 56 -1
1939: 56 -1
1940: 56 -1
1941: 56 -1
1942: 2946 -1
1943: 56 3039 -1
1944: 2307 56 -1
1945: 56 674 -1
1946: -1
1947: 1629 -1
1948: 56 675 -1
1949: 56 -1
1950: 56 -1
1951: 56 -1
1952: 56 -1
1953: 668 -1
1954: 56 -1
1955: 56 1851 -1
1956: 56 -1
1957: 56 674 -1
1958: -1
1959: 1216 57 1310 1716 1657 877 1655 -1
1960: 57 38 1216 -1
1961: 57 -1
1962: 38 57 1672 -1
1963: 2185 1310 1113 2888 2091 57 1672 1744 3053 -1
1964: 3088 3092 1716 1715 1722 1619 1728 1729 1657 1655 1678 1653 1749 877 1216 1642 1769 1708 1697 57 -1
1965: 57 1958 -1
1966: 57 665 1626 877 1716 -1
1967: 57 -1
1968: 2012 3239 57 -1
1969: 57 -1
1970: 1629 38 57 95 1716 1747 775 -1
1971: 57 -1
1972: 2896 1342 1749 57 877 1310 -1
1973: 57 -1
1974: 57 -1
1975: 57 -1
1976: 1342 1749 57 877 1310 -1
1977: 57 -1
1978: 1216 1217 1716 42 1633 1307 2500 57 25 1607 2191 38 1727 2088 1657 6 1701 1623 3361 665 1626 1750 1728 1609 1617 1734 1764 1310 -1
1979: 38 57 1672 -1
1980: 57 1607 -1
1981: 3088 3092 1716 1715 1722 1619 1728 1729 1657 1655 1678 1653 1749 877 1216 1642 1769 1708 1697 57 -1
1982: 1700 57 1648 877 1739 1864 1607 1750 1729 1761 -1
1983: 57 -1
1984: 1866 1655 57 1986 2801 877 38 1864 2185 1750 -1
1985: 57 -1
1986: 1626 1111 1607 1199 57 149 1727 1717 1864 2096 159 -1
1987: 775 1111 57 -1
1988: 57 38 25 1607 2191 -1
1989: 58 -1
1990: 1712 1696 1748 1650 1273 1672 1716 1626 1722 2127 1667 775 2086 2087 58 1994 -1
1991: 58 1994 1716 1729 1691 -1
1992: 1994 -1
1993: 1662 1672 1653 1678 1652 104 877 1657 1748 1717 1618 1701 1704 1706 1752 1705 1728 1684 2206 1691 1635 1659 1274 1994 1109 1637 1185 328 1079 58 1617 1715 1723 1720 1751 1716 1754 1696 678 1698 1756 1763 1735 1757 1729 1697 1722 1731 36 1721 2075 2086 2087 330 159 2712 -1
1994: 58 -1
1995: 1029 58 3353 -1
1996: 58 -1
1997: 58 -1
1998: 1216 1217 1114 1630 58 2307 -1
1999: 58 -1
2000: 58 -1
2001: 1716 1708 1751 1720 36 1729 1715 1728 1642 58 -1
2002: 58 -1
2003: 58 -1
2004: 1199 58 -1
2005: 1991 58 1994 1716 1715 1729 1691 -1
2006: 58 -1
2007: 1631 58 1727 3092 1770 1111 -1
2008: 58 159 1642 -1
2009: 1866 1701 1111 2095 58 104 0 20 1648 877 1617 1716 1626 3092 6 1113 1750 1728 -1
2010: 877 1655 1748 1662 1672 1653 1678 1652 104 1657 1717 1618 1701 1704 1706 1752 1705 1728 1684 2206 1691 1635 1659 1994 1109 1185 328 1079 4 58 1617 1715 1723 1720 1751 1716 1754 1696 678 1698 1756 1763 1735 1757 1729 1697 1722 1731 1721 2075 2086 2087 330 159 2712 1958 -1
2011: 55 1929 1933 3088 3089 2086 -1
2012: 2028 -1
2013: 2012 2018 2020 2026 2027 2028 2029 2030 2031 2032 2033 2034 2035 2036 2037 2038 2039 2040 2041 2042 2043 2044 2045 2046 -1
2014: 2012 2018 2020 2026 2027 2028 2029 2030 2031 2032 2033 2034 2035 2036 2037 2038 2039 2040 2041 2042 2043 2044 2045 2046 -1
2015: 2012 2018 2020 2026 2027 2028 2029 2030 2031 2032 2033 2034 2035 2036 2037 2038 2039 2040 2041 2042 2043 2044 2045 2046 -1
2016: 2012 2018 2020 2026 2027 2028 2029 2030 2031 2032 2033 2034 2035 2036 2037 2038 2039 2040 2041 2042 2043 2044 2045 2046 -1
2017: 2012 2018 2020 2026 2027 2028 2029 2030 2031 2032 2033 2034 2035 2036 2037 2038 2039 2040 2041 2042 2043 2044 2045 2046 -1
2018: 2012 2013 2028 2029 2030 2031 2032 2033 2034 2035 2036 2037 2038 2039 2040 2041 2042 2043 2044 2045 2027 2023 2046 -1
2019: 2012 2018 2020 2026 2027 2028 2029 2030 2031 2032 2033 2034 2035 2036 2037 2038 2039 2040 2041 2042 2043 2044 2045 2046 -1
2020: 2012 2013 2022 2023 2014 2015 2016 2019 2021 2024 2025 2028 2029 2030 2031 2032 2033 2034 2035 2036 2037 2038 2039 2040 2041 2042 2043 2044 2018 2045 -1
2021: 2012 2018 2020 2026 2027 2028 2029 2030 2031 2032 2033 2034 2035 2036 2037 2038 2039 2040 2041 2042 2043 2044 2045 2046 -1
2022: 2012 2018 2020 2026 2027 2028 2029 2030 2031 2032 2033 2034 2035 2036 2037 2038 2039 2040 2041 2042 2043 2044 2045 2046 -1
2023: 2012 2018 2020 2026 2027 2028 2029 2030 2031 2032 2033 2034 2035 2036 2037 2038 2039 2040 2041 2042 2043 2044 2045 2046 -1
2024: 2012 2018 2020 2026 2027 2028 2029 2030 2031 2032 2033 2034 2035 2036 2037 2038 2039 2040 2041 2042 2043 2044 2045 2046 -1
2025: 2012 2018 2020 2026 2027 2028 2029 2030 2031 2032 2033 2034 2035 2036 2037 2038 2039 2040 2041 2042 2043 2044 2045 2046 -1
2026: -1
2027: 2042 2013 2028 2029 2030 2031 2032 2033 2034 2035 2036 2037 2038 2039 2040 2041 2043 2018 2044 2045 -1
2028: 2013 2029 2030 2031 2032 2033 2034 2035 2036 2037 2038 2039 2040 2041 2042 2043 2044 2018 2045 -1
2029: 2027 2013 2028 2030 2031 2032 2033 2034 2035 2036 2037 2040 2041 2044 2018 2045 2046 -1
2030: -1
2031: 2012 2027 2013 2028 2029 2030 2032 2033 2034 2035 2036 2037 2038 2039 2040 2041 2042 2043 2044 2018 2045 2046 -1
2032: 2012 2027 2013 2028 2029 2030 2031 2033 2034 2035 2036 2037 2038 2039 2040 2041 2042 2043 2044 2018 2045 2046 -1
2033: -1
2034: 2012 2027 2013 2028 2029 2030 2031 2032 2033 2035 2036 2037 2038 2039 2040 2041 2042 2043 2044 2018 2045 2046 -1
2035: 2042 2012 2013 2028 2029 2030 2031 2032 2033 2034 2036 2037 2038 2039 2040 2041 2043 2044 2018 2045 2027 -1
2036: -1
2037: 2012 2027 2013 2029 2030 2031 2032 2034 2035 2036 2038 2039 2040 2041 2042 2043 2044 2045 2046 -1
2038: 2013 2028 2030 2031 2032 2033 2034 2035 2036 2037 2040 2041 2018 2044 2045 2027 2046 -1
2039: 2013 2028 2030 2031 2032 2033 2034 2035 2036 2037 2040 2041 2018 2044 2045 2027 2046 -1
2040: 2027 -1
2041: 2012 2042 -1
2042: 2013 2028 2030 2031 2032 2033 2034 2035 2036 2037 2040 2041 2018 2044 2045 2027 2046 -1
2043: 2013 2028 2030 2031 2032 2033 2034 2035 2036 2037 2040 2041 2018 2044 2045 2027 2046 -1
2044: 2012 2013 2028 2029 2030 2031 2032 2033 2034 2035 2036 2037 2038 2039 2040 2041 2042 2043 2018 2045 2046 -1
2045: 2012 2027 2013 2028 2029 2030 2031 2032 2033 2034 2035 2036 2037 2038 2039 2040 2041 2042 2043 2044 2018 2046 -1
2046: 2012 2013 2032 2034 2018 2045 -1
2047: 59 -1
2048: 9 59 93 62 2688 23 -1
2049: 59 238 -1
2050: 59 -1
2051: 2055 23 2013 59 118 -1
2052: 59 23 -1
2053: 59 -1
2054: -1
2055: -1
2056: -1
2057: 2013 2045 2039 2066 60 -1
2058: 2217 60 2721 -1
2059: 60 -1
2060: 60 2691 23 2688 -1
2061: 3235 60 1114 1216 2896 2199 1049 -1
2062: 60 3203 -1
2063: 2055 -1
2064: 2066 2737 -1
2065: 2217 1052 60 2721 2129 -1
2066: 60 2737 2188 -1
2067: 2686 23 2681 1216 91 60 -1
2068: 60 2737 -1
2069: 2055 60 -1
2070: -1
2071: -1
2072: 159 -1
2073: -1
2074: -1
2075: -1
2076: -1
2077: -1
2078: -1
2079: -1
2080: -1
2081: -1
2082: -1
2083: -1
2084: -1
2085: -1
2086: -1
2087: -1
2088: -1
2089: -1
2090: -1
2091: -1
2092: -1
2093: -1
2094: -1
2095: -1
2096: 1986 -1
2097: 2088 61 556 877 1716 -1
2098: 62 242 -1
2099: 2126 3203 242 2698 1642 62 -1
2100: 2682 2615 62 242 2698 1216 -1
2101: 62 -1
2102: 62 -1
2103: 62 242 2189 2694 248 -1
2104: -1
2105: 62 -1
2106: 2 62 -1
2107: 2896 62 -1
2108: 2126 2769 62 3203 1698 -1
2109: 62 242 -1
2110: 62 -1
2111: 62 242 2682 3203 -1
2112: 62 1698 1728 -1
2113: 62 2702 2 2686 1215 98 244 -1
2114: 93 62 2393 2694 242 137 788 -1
2115: 62 -1
2116: 62 155 2789 12 -1
2117: 62 36 -1
2118: 2682 2615 865 242 62 2946 2945 2698 3208 93 2126 2612 3205 2613 384 2393 2410 -1
2119: 62 -1
2120: 62 -1
2121: 3203 1079 2 62 2126 2897 249 -1
2122: 2631 2615 62 -1
2123: 63 1185 -1
2124: 1216 234 3184 -1
2125: -1
2126: 3238 3239 3240 3241 2449 -1
2127: -1
2128: 64 -1
2129: -1
2130: -1
2131: 2130 -1
2132: 1216 1217 64 47 2031 -1
2133: 64 -1
2134: 1114 2638 368 3203 64 3235 2712 -1
2135: 64 -1
2136: 64 -1
2137: 64 -1
2138: 3239 2699 12 242 64 2189 -1
2139: 1216 257 788 64 2694 -1
2140: 64 2699 12 -1
2141: 2127 3203 3208 64 47 -1
2142: 1635 2682 64 -1
2143: 64 -1
2144: 3239 64 1216 -1
2145: 64 1185 2712 3239 -1
2146: 64 -1
2147: 2949 2946 3203 64 242 2694 5 865 2682 12 96 137 2683 150 2631 23 -1
2148: 64 3203 -1
2149: 64 -1
2150: 64 -1
2151: 64 242 -1
2152: 64 242 2 2615 2695 23 -1
2153: 64 2126 242 -1
2154: 64 -1
2155: 65 -1
2156: 65 -1
2157: 1716 1734 2290 678 -1
2158: 65 -1
2159: 65 -1
2160: 65 -1
2161: 1708 2446 -1
2162: 65 -1
2163: 65 -1
2164: 65 -1
2165: 65 -1
2166: 1729 65 1708 2195 2206 -1
2167: 65 -1
2168: 65 -1
2169: 1020 2206 -1
2170: 65 2163 -1
2171: 65 -1
2172: 65 -1
2173: 65 -1
2174: 65 -1
2175: 65 -1
2176: 65 -1
2177: 65 -1
2178: 65 -1
2179: -1
2180: 27 -1
2181: 2214 3107 49 2223 2224 114 2230 -1
2182: -1
2183: -1
2184: -1
2185: -1
2186: -1
2187: -1
2188: -1
2189: -1
2190: -1
2191: 1349 2197 2192 2196 2195 1093 888 2181 77 2945 20 1804 2216 2184 2183 -1
2192: -1
2193: 1216 -1
2194: -1
2195: 899 -1
2196: -1
2197: 3184 -1
2198: 2233 -1
2199: 2792 -1
2200: 984 -1
2201: -1
2202: -1
2203: -1
2204: -1
2205: -1
2206: 1684 1030 1029 1642 -1
2207: 3092 3106 2208 1716 877 -1
2208: -1
2209: -1
2210: -1
2211: -1
2212: -1
2213: -1
2214: -1
2215: -1
2216: 2233 -1
2217: -1
2218: -1
2219: -1
2220: -1
2221: -1
2222: -1
2223: -1
2224: 2191 -1
2225: -1
2226: -1
2227: -1
2228: -1
2229: -1
2230: 2305 -1
2231: 2233 -1
2232: 2233 -1
2233: 2217 2216 -1
2234: 3092 3106 2208 1716 877 -1
2235: 3092 3106 2208 1716 877 -1
2236: -1
2237: -1
2238: 3092 3106 2208 1716 877 -1
2239: 1713 -1
2240: -1
2241: -1
2242: -1
2243: -1
2244: -1
2245: -1
2246: 1716 1684 1634 678 36 69 1029 139 42 1185 2183 2184 -1
2247: 2181 2191 2245 66 2096 159 -1
2248: 66 -1
2249: 66 -1
2250: 2091 66 1535 3030 775 -1
2251: 2181 66 -1
2252: 1715 36 1748 1728 1675 1722 1716 1697 66 2181 -1
2253: 69 2191 -1
2254: 66 -1
2255: 66 20 1728 1697 3097 3107 123 2181 2214 -1
2256: 2181 -1
2257: 1216 877 1684 36 66 1630 -1
2258: 1697 1716 66 -1
2259: 1627 1729 1769 1622 1754 1635 1657 877 1619 1701 1697 1748 1750 1717 1626 2202 665 1725 7 17 1686 1696 2206 1669 1618 3 1691 1927 1056 1929 1928 2011 1933 66 20 1728 3097 123 2214 -1
2260: 1216 556 20 2191 127 -1
2261: 2236 3107 66 -1
2262: 66 2181 20 1052 -1
2263: 2181 120 66 1697 -1
2264: 1715 -1
2265: 2072 141 66 1986 775 2199 2191 1750 -1
2266: 1697 2181 66 120 -1
2267: 1716 1662 1729 1722 1715 66 2234 -1
2268: 1716 2185 2199 2191 1700 2229 1802 -1
2269: 1216 877 1684 36 66 1630 -1
2270: -1
2271: 1629 1716 42 1607 -1
2272: 2274 -1
2273: 2274 -1
2274: -1
2275: 67 -1
2276: 2277 -1
2277: -1
2278: 1708 68 -1
2279: 68 1716 -1
2280: 68 2277 -1
2281: 68 1216 1864 -1
2282: 1282 665 2185 1216 68 3092 -1
2283: 68 -1
2284: 36 1716 68 -1
2285: 68 -1
2286: 68 -1
2287: 678 68 -1
2288: 68 2205 1020 -1
2289: 1716 678 -1
2290: 677 654 1275 674 1630 1631 1716 1640 68 36 -1
2291: 1716 1722 1020 68 1216 -1
2292: 666 68 -1
2293: 68 2758 789 -1
2294: 2 68 2276 -1
2295: 68 3353 -1
2296: 68 -1
2297: 68 -1
2298: 2185 1734 678 68 4 36 1030 1716 -1
2299: 678 68 -1
2300: 68 2199 1864 -1
2301: 68 -1
2302: 68 2206 -1
2303: 68 877 250 1734 1803 1716 1642 -1
2304: 68 1864 25 1716 115 -1
2305: -1
2306: -1
2307: -1
2308: -1
2309: 69 674 -1
2310: 1864 69 -1
2311: 674 1634 -1
2312: 674 69 -1
2313: 69 1634 -1
2314: 69 36 674 -1
2315: 69 -1
2316: 69 -1
2317: 248 1630 2104 3203 1727 1310 678 1633 1684 1655 1657 104 242 69 159 665 42 1803 1864 1716 1642 3092 92 257 -1
2318: 1634 69 -1
2319: 69 -1
2320: 2307 671 156 674 69 -1
2321: 678 69 2307 1634 -1
2322: 678 1747 3229 741 3092 674 1634 298 -1
2323: 2307 51 698 69 1634 -1
2324: 2307 1834 69 -1
2325: 69 -1
2326: 674 69 -1
2327: 69 -1
2328: 1275 361 674 69 -1
2329: 69 674 1634 1275 -1
2330: 674 69 -1
2331: 1275 1634 69 674 -1
2332: -1
2333: 3 -1
2334: 2332 -1
2335: 70 -1
2336: 1030 115 70 2333 1029 -1
2337: 3 -1
2338: -1
2339: 71 2340 2341 2342 -1
2340: 71 2339 2342 2343 -1
2341: 71 -1
2342: -1
2343: -1
2344: 242 2394 71 -1
2345: 1312 -1
2346: 71 -1
2347: 71 -1
2348: 71 -1
2349: 71 2338 -1
2350: 71 -1
2351: 71 -1
2352: 92 71 -1
2353: 71 -1
2354: 1312 -1
2355: 71 2341 -1
2356: 71 2341 -1
2357: 71 -1
2358: 71 -1
2359: 1706 1635 104 877 25 775 -1
2360: 72 1727 1716 1109 1113 -1
2361: 1684 1030 1029 1642 -1
2362: -1
2363: 1843 3467 -1
2364: 14 73 -1
2365: 2307 -1
2366: 73 -1
2367: 73 671 -1
2368: 73 -1
2369: 73 -1
2370: 73 -1
2371: 2307 73 678 -1
2372: 73 -1
2373: 56 674 654 73 -1
2374: 73 -1
2375: 674 675 73 665 -1
2376: 73 674 2075 1724 -1
2377: 73 2367 671 667 -1
2378: 73 -1
2379: 2307 73 -1
2380: 73 2307 668 -1
2381: 1114 1216 3239 2307 696 43 73 -1
2382: 2307 73 696 -1
2383: 2307 73 678 -1
2384: 73 3358 -1
2385: 73 1634 -1
2386: 2307 2388 73 -1
2387: 73 1020 -1
2388: -1
2389: 2542 1747 -1
2390: 73 -1
2391: 654 73 674 -1
2392: -1
2393: 2 239 2392 74 259 -1
2394: -1
2395: 243 -1
2396: -1
2397: 15 1216 1114 -1
2398: -1
2399: 239 244 2686 -1
2400: 74 -1
2401: -1
2402: -1
2403: 2188 239 -1
2404: -1
2405: -1
2406: -1
2407: -1
2408: -1
2409: 3051 -1
2410: -1
2411: -1
2412: 243 239 -1
2413: 74 -1
2414: 74 -1
2415: 2403 2399 2409 244 2393 2394 2395 74 2392 239 2404 2 62 258 2702 -1
2416: 74 -1
2417: 1114 1216 -1
2418: 240 121 2 137 131 3212 602 494 242 2127 2121 495 -1
2419: 1079 -1
2420: 23 2423 1216 1114 -1
2421: 368 12 242 2619 -1
2422: 75 -1
2423: 3203 75 3211 97 -1
2424: 75 3239 3240 -1
2425: 252 12 33 -1
2426: 2682 242 -1
2427: 865 3203 2703 5 2126 2699 96 2739 242 253 249 2792 -1
2428: 75 -1
2429: 720 242 75 3146 2739 -1
2430: 242 -1
2431: 2 2946 23 75 242 -1
2432: 3208 2683 5 3189 33 98 12 2698 75 15 242 -1
2433: 75 3212 -1
2434: 788 -1
2435: 150 12 75 242 19 2694 3212 -1
2436: -1
2437: 1803 75 1185 -1
2438: 76 2075 2087 -1
2439: 76 877 -1
2440: 76 -1
2441: 92 1185 29 76 1721 3229 2075 2085 2086 2 -1
2442: 2075 1721 2 2197 76 -1
2443: 2779 2085 76 330 2197 1185 1743 1756 114 2086 -1
2444: 76 -1
2445: 76 -1
2446: 77 -1
2447: 2448 -1
2448: -1
2449: -1
2450: -1
2451: 2446 77 -1
2452: 78 -1
2453: 78 -1
2454: -1
2455: 79 2307 2896 1349 1216 3184 -1
2456: 79 -1
2457: 79 -1
2458: 674 1634 2307 79 -1
2459: 79 -1
2460: 80 1706 1113 -1
2461: 80 -1
2462: 80 1357 -1
2463: 80 -1
2464: 80 740 741 -1
2465: 80 92 -1
2466: 80 -1
2467: 1357 80 -1
2468: 2754 2090 2091 899 3221 739 2197 0 2089 80 775 3412 199 3198 -1
2469: 80 -1
2470: 0 80 -1
2471: 80 -1
2472: 80 -1
2473: 0 1866 1307 7 1626 2086 2090 -1
2474: 80 810 3411 21 -1
2475: 80 -1
2476: 80 -1
2477: 80 -1
2478: 80 -1
2479: 1 80 877 1535 1704 1750 1706 -1
2480: 80 -1
2481: 80 -1
2482: 80 -1
2483: 81 -1
2484: 678 81 -1
2485: 81 678 -1
2486: 81 -1
2487: 81 -1
2488: 81 -1
2489: 81 2125 -1
2490: 654 81 2313 14 2290 -1
2491: 81 -1
2492: 638 81 -1
2493: 81 -1
2494: 81 -1
2495: 81 69 672 -1
2496: 2483 81 -1
2497: -1
2498: -1
2499: 2992 82 3467 2988 42 662 639 636 -1
2500: -1
2501: 1729 82 56 -1
2502: 2888 678 2199 82 1986 1864 -1
2503: 4 82 -1
2504: 1729 82 56 -1
2505: 1729 82 56 -1
2506: 2505 1729 82 56 -1
2507: 234 -1
2508: 2992 14 636 639 82 3467 -1
2509: 83 -1
2510: 83 -1
2511: 83 -1
2512: 2514 2516 -1
2513: 2514 -1
2514: 2512 -1
2515: 2514 2516 -1
2516: -1
2517: 84 -1
2518: 84 -1
2519: 84 -1
2520: 84 -1
2521: 84 -1
2522: 38 -1
2523: 2512 2513 2514 -1
2524: 1716 84 -1
2525: 2512 2513 2514 2515 2516 -1
2526: 775 85 -1
2527: 85 -1
2528: 1607 1864 85 -1
2529: 85 -1
2530: 86 -1
2531: -1
2532: 2538 -1
2533: -1
2534: 2538 -1
2535: -1
2536: 2538 -1
2537: 2538 -1
2538: 86 -1
2539: 86 -1
2540: 2543 -1
2541: -1
2542: -1
2543: -1
2544: 87 -1
2545: 87 104 -1
2546: 87 1722 -1
2547: 87 -1
2548: 2542 -1
2549: 2541 87 -1
2550: -1
2551: 88 2183 1630 -1
2552: 88 1673 -1
2553: 88 -1
2554: 88 -1
2555: 88 2183 -1
2556: 88 1052 1715 1716 1722 1079 -1
2557: 88 1052 1715 1716 1722 1079 -1
2558: 89 -1
2559: 89 -1
2560: 674 89 -1
2561: 90 -1
2562: 90 -1
2563: 90 127 1617 -1
2564: 90 -1
2565: 1630 1642 90 3203 1633 1864 1113 2046 2012 1765 198 -1
2566: 90 -1
2567: 90 -1
2568: 90 -1
2569: 90 -1
2570: 90 -1
2571: 3239 91 -1
2572: 2712 3235 2189 970 91 3203 2127 2086 877 1716 1626 2770 1216 -1
2573: 91 62 242 2640 5 1252 1253 1254 1255 1256 1257 1258 1259 3403 1260 -1
2574: 91 -1
2575: 251 91 -1
2576: 2946 3203 3208 240 2118 3212 91 23 2126 242 5 -1
2577: 1216 2118 2595 137 2 242 2713 2712 2718 250 2945 -1
2578: 242 -1
2579: 3203 91 -1
2580: 2407 91 2126 3203 865 -1
2581: 957 91 -1
2582: 91 -1
2583: 91 -1
2584: 2640 2588 23 91 2 -1
2585: 91 2127 -1
2586: 3362 3239 91 -1
2587: 258 91 242 2694 2189 -1
2588: -1
2589: 2126 33 91 865 3395 242 12 2118 -1
2590: 3239 1114 1312 91 -1
2591: 788 91 -1
2592: 3203 96 91 2694 2713 2712 2031 1216 -1
2593: 865 2682 91 97 -1
2594: 91 -1
2595: 242 23 3212 2695 137 -1
2596: 5 2126 91 -1
2597: 2712 91 2694 3203 -1
2598: 91 -1
2599: 1642 251 248 2189 242 1114 1216 2896 3203 2595 3205 865 91 -1
2600: 92 -1
2601: 2085 92 1721 -1
2602: 92 -1
2603: 92 -1
2604: 1629 92 -1
2605: 92 -1
2606: 92 -1
2607: 92 -1
2608: 92 -1
2609: 1629 92 -1
2610: 9 3238 74 239 234 2686 -1
2611: -1
2612: -1
2613: -1
2614: -1
2615: 2702 62 -1
2616: 242 93 2631 2685 -1
2617: -1
2618: 948 951 952 953 954 955 956 957 -1
2619: 2721 3208 93 2126 -1
2620: 2615 242 93 -1
2621: 93 2615 -1
2622: 2946 137 93 -1
2623: 2721 93 -1
2624: 93 2615 12 2682 865 62 2126 242 2694 2702 2695 2698 5 -1
2625: 3203 2721 865 5 93 2682 2126 3205 96 2946 -1
2626: 257 2949 2682 2615 865 242 62 2946 2945 2698 2721 3208 93 2126 2612 3205 2613 384 2393 2410 -1
2627: 93 2393 2410 -1
2628: 2702 62 -1
2629: 1216 251 12 242 93 2394 865 249 250 -1
2630: 93 -1
2631: 93 -1
2632: 3203 2682 2126 93 -1
2633: 93 -1
2634: 242 93 519 2 2615 -1
2635: 94 1312 -1
2636: 1312 -1
2637: 1312 -1
2638: -1
2639: 1310 12 23 2640 2721 242 5 2126 3212 2739 94 3203 2685 249 257 2404 1204 2398 495 3205 2408 266 -1
2640: 1310 12 23 2639 2721 242 5 33 2126 3212 2739 94 2685 249 257 2404 1204 2398 495 2408 266 -1
2641: 94 1312 -1
2642: 95 -1
2643: 92 2888 57 95 1657 665 1111 1580 1626 1113 1629 -1
2644: 95 -1
2645: 95 -1
2646: 95 -1
2647: 2888 2889 48 1607 95 665 2988 1565 1626 -1
2648: 1312 -1
2649: 48 3136 1864 20 95 1728 665 2945 -1
2650: 95 -1
2651: 95 -1
2652: 2127 96 -1
2653: 96 -1
2654: 96 -1
2655: 96 -1
2656: 96 2616 -1
2657: 137 242 257 -1
2658: 2012 2712 96 665 -1
2659: 96 -1
2660: 3203 96 251 2695 -1
2661: 5 96 -1
2662: 137 242 96 20 247 -1
2663: 96 -1
2664: 1216 1114 242 150 96 2 2193 1052 3362 -1
2665: 96 -1
2666: 242 96 2789 -1
2667: 3203 96 2946 3209 -1
2668: 96 1216 -1
2669: 102 2700 96 3206 242 865 2685 -1
2670: 5 242 137 96 -1
2671: 96 -1
2672: 865 3203 2703 5 2126 2699 96 2739 242 253 249 2792 -1
2673: 3206 105 96 957 -1
2674: 2771 96 2013 -1
2675: 12 96 137 15 242 -1
2676: 1216 2685 3203 865 2700 2682 2126 96 -1
2677: 96 2695 -1
2678: 3203 23 96 2771 1216 250 788 -1
2679: 92 250 788 96 1216 -1
2680: -1
2681: -1
2682: 1252 1253 1254 1255 1256 1257 1258 1259 1260 -1
2683: 3203 242 3208 -1
2684: -1
2685: 3208 5 33 1203 1204 3205 1052 2404 2126 2215 -1
2686: -1
2687: -1
2688: -1
2689: -1
2690: -1
2691: -1
2692: 12 33 2695 2778 2772 112 2770 1252 1253 1254 1255 1256 1257 1258 1259 3403 1260 -1
2693: -1
2694: 12 150 2131 3212 -1
2695: -1
2696: -1
2697: -1
2698: 150 -1
2699: -1
2700: -1
2701: -1
2702: -1
2703: 2 -1
2704: -1
2705: -1
2706: -1
2707: 788 -1
2708: -1
2709: 788 -1
2710: -1
2711: 984 -1
2712: -1
2713: 2712 -1
2714: 2715 -1
2715: -1
2716: -1
2717: -1
2718: -1
2719: -1
2720: -1
2721: 93 -1
2722: -1
2723: 97 -1
2724: 2694 2127 242 97 866 -1
2725: 1216 2769 97 -1
2726: 97 242 -1
2727: 97 -1
2728: 97 2682 -1
2729: 2640 97 242 877 1029 3229 2305 -1
2730: 97 -1
2731: 242 97 23 -1
2732: 75 97 -1
2733: 97 1216 -1
2734: 2595 2126 3203 242 865 97 -1
2735: 2738 2740 1642 -1
2736: 2126 242 -1
2737: -1
2738: -1
2739: -1
2740: 1642 -1
2741: 98 -1
2742: 2738 -1
2743: 727 2767 98 -1
2744: 98 -1
2745: 98 5 137 33 -1
2746: 2703 2694 2686 865 5 2399 98 2737 3189 2058 -1
2747: 1052 242 2703 384 2 2694 2686 865 5 2399 98 2737 3189 2058 12 2698 2131 -1
2748: 2739 238 23 2065 3212 2 98 105 1698 1803 2638 243 1114 -1
2749: 12 91 102 -1
2750: 2784 19 2 5 865 98 3189 33 -1
2751: 2738 250 98 137 -1
2752: 98 -1
2753: 99 -1
2754: 877 -1
2755: 2764 1642 3092 99 1708 2013 1216 -1
2756: 2072 99 -1
2757: 2766 2764 3092 2754 99 877 250 1216 2896 3240 -1
2758: 99 1802 -1
2759: 1986 1864 1607 99 -1
2760: 1716 1715 1722 -1
2761: 1216 17 1759 1716 1754 1713 877 1697 2945 1727 2712 2013 3239 2305 1986 -1
2762: 1716 -1
2763: 1633 -1
2764: 99 2754 -1
2765: 2197 1109 7 1657 1626 3092 1307 1113 99 -1
2766: 99 877 2754 -1
2767: -1
2768: -1
2769: -1
2770: -1
2771: -1
2772: -1
2773: -1
2774: -1
2775: -1
2776: 2777 -1
2777: -1
2778: -1
2779: -1
2780: -1
2781: 242 2778 865 5 2126 105 -1
2782: -1
2783: -1
2784: -1
2785: -1
2786: 242 100 -1
2787: 2 100 242 3212 2771 2772 2945 -1
2788: 248 1629 250 251 2789 2686 100 23 2 -1
2789: 2773 -1
2790: 242 100 -1
2791: 100 -1
2792: -1
2793: 1866 101 665 877 -1
2794: 101 2096 159 -1
2795: 101 2012 -1
2796: 1866 101 6 113 1626 2992 -1
2797: 101 2012 -1
2798: 101 -1
2799: 3361 665 1626 2091 1657 104 1717 2801 775 2071 2075 2072 2076 101 24 16 556 6 1642 3362 -1
2800: 1866 101 6 1864 1986 -1
2801: 6 104 0 1986 1864 2992 1657 877 665 1626 929 2082 2088 11 1630 1866 101 16 3092 80 21 1 -1
2802: 1684 101 1030 1866 3208 8 1698 1634 1770 234 678 1652 24 1701 1633 1735 1738 1708 1994 2088 1655 3229 877 4 1657 1722 741 159 1727 1617 330 36 1622 1731 1734 1697 1689 2206 328 1864 1626 1716 3092 3200 1667 1669 1 2086 1747 1678 1728 1749 1748 2197 2087 92 493 1729 466 1609 2 -1
2803: 102 2126 -1
2804: 257 3203 249 1803 250 102 -1
2805: 102 -1
2806: 948 951 952 953 954 955 956 957 -1
2807: 102 -1
2808: 102 2058 -1
2809: 257 2808 2686 2739 102 1079 -1
2810: 102 257 -1
2811: 2694 2695 12 102 2058 -1
2812: 103 -1
2813: 103 1029 -1
2814: 103 -1
2815: 103 -1
2816: 103 -1
2817: 103 -1
2818: 1029 1722 103 1109 -1
2819: 104 3092 159 -1
2820: 1864 775 2199 1716 1734 -1
2821: 104 1760 2201 877 1672 1691 -1
2822: 3409 2754 3406 -1
2823: 104 -1
2824: 104 -1
2825: 149 1633 2945 2869 1642 3092 -1
2826: 104 1573 2091 2090 556 1113 -1
2827: 104 1716 2086 1750 -1
2828: 104 -1
2829: 104 1113 -1
2830: 104 -1
2831: 1701 2091 104 159 1111 1716 2197 741 1678 -1
2832: 877 104 2088 1716 -1
2833: 1109 2888 92 2945 1750 2988 665 1626 3361 1617 104 1802 1986 1716 129 1765 -1
2834: 105 -1
2835: 105 -1
2836: 105 -1
2837: 1728 105 1744 20 3097 -1
2838: 105 -1
2839: 2199 105 -1
2840: 105 -1
2841: 1716 1722 1655 1675 1657 1729 1748 1724 1672 1670 1310 1664 1679 1678 1653 105 1677 1665 -1
2842: 1668 1676 1674 2185 1678 105 -1
2843: 1114 3239 2698 2307 1728 1715 105 -1
2844: 105 -1
2845: 105 -1
2846: 105 2199 -1
2847: 1749 1663 105 23 3202 242 865 2199 877 2202 1675 1716 1727 1744 1667 1653 1678 3088 1216 -1
2848: 105 -1
2849: 2199 2191 105 -1
2850: 3203 242 96 865 105 -1
2851: 2191 105 2199 -1
2852: 1728 105 1744 20 3097 -1
2853: 1665 3108 1715 2181 2223 3107 1805 1677 105 2199 2191 2180 2939 1724 2185 1633 1109 1864 1274 1702 1723 1310 1747 1655 3092 3088 1623 1625 1708 1734 1741 1746 1763 1698 1700 1754 1764 1185 1667 327 1749 7 1717 665 1735 1578 1750 1755 1745 2206 1729 1635 1697 20 1748 1627 1728 1731 1679 1626 2205 1710 1744 1618 1674 775 1619 877 1725 1716 1722 1704 1662 1657 1672 242 -1
2854: 2012 1216 2896 1114 2018 2449 3241 3240 1727 1744 105 1672 2842 1674 1652 1655 1803 2712 2718 2031 3229 2013 3239 2305 252 2685 5 33 2 2681 137 23 2694 3203 248 1079 3092 1185 -1
2855: 105 12 -1
2856: 2191 105 -1
2857: -1
2858: 137 242 2 237 2682 368 23 105 1652 -1
2859: -1
2860: 1617 2992 106 2869 1109 -1
2861: 1701 132 2801 2096 159 -1
2862: 106 -1
2863: 106 -1
2864: 2992 106 2869 -1
2865: 556 577 678 877 1729 1578 1635 1657 106 -1
2866: 3361 1111 1626 678 1633 1635 1727 1661 1657 1113 106 1216 -1
2867: 1109 106 -1
2868: 1113 1661 1986 877 1635 1749 1657 1112 2992 106 1111 1626 3361 1727 1716 3092 1578 0 1535 -1
2869: 106 -1
2870: 3361 106 -1
2871: 1866 2085 -1
2872: 106 -1
2873: 741 1617 106 159 -1
2874: 106 -1
2875: 106 -1
2876: 106 -1
2877: 106 -1
2878: 106 -1
2879: 107 -1
2880: 107 -1
2881: 107 -1
2882: 107 1565 1593 1598 -1
2883: 107 -1
2884: 107 -1
2885: 107 -1
2886: 1716 677 674 678 107 1994 -1
2887: 678 674 1716 3203 2699 3208 2197 330 1708 1864 1659 2945 107 1634 1851 25 1020 1994 58 1111 1112 127 3092 1729 1697 1630 2183 2013 1748 1310 2199 1754 1741 775 2086 1618 1749 1114 3439 2214 2181 2191 1698 7 1715 2202 1655 1669 1677 1759 1728 1216 -1
2888: -1
2889: 1111 -1
2890: 107 -1
2891: 14 677 69 56 674 1851 107 678 -1
2892: 107 -1
2893: 1029 107 -1
2894: 1716 1310 1864 107 1734 1640 -1
2895: 107 1716 -1
2896: -1
2897: -1
2898: 108 2694 242 12 -1
2899: 2897 108 -1
2900: 108 2436 -1
2901: 2897 108 137 3203 3208 -1
2902: 3092 3203 108 2199 -1
2903: 1216 3203 248 2946 2682 3208 108 -1
2904: 108 -1
2905: 2197 3203 2897 108 2 -1
2906: 108 -1
2907: 2 136 108 -1
2908: 3234 2611 2897 108 3235 -1
2909: 108 -1
2910: 1607 -1
2911: 2920 1686 -1
2912: 1696 665 3361 1113 -1
2913: 2223 -1
2914: 1686 2086 1697 -1
2915: 877 1716 775 -1
2916: 3368 -1
2917: 1655 877 1626 1111 1729 1749 1020 20 2086 -1
2918: 1715 1716 1697 -1
2919: 1310 -1
2920: -1
2921: 877 1748 1715 1747 1697 1728 -1
2922: 1715 1716 -1
2923: 1669 1691 2200 1748 1696 1618 1702 1717 1750 1745 1757 1706 1625 1741 1755 1657 7 2206 1684 1728 1686 1659 1639 1701 1635 1627 104 -1
2924: 1749 1052 1750 1697 -1
2925: 1747 1697 1748 115 -1
2926: 1708 3092 1697 877 1716 -1
2927: 2185 2926 1113 -1
2928: 1717 2086 2199 -1
2929: 1216 788 -1
2930: 1716 1697 775 1866 1748 1728 2202 -1
2931: 7 2223 2 2086 -1
2932: 1715 1716 1676 1668 1994 1635 1618 -1
2933: 7 669 1310 3092 1274 877 1727 -1
2934: 1111 2086 -1
2935: 2208 1721 1623 1713 1697 877 1717 3092 -1
2936: 877 2205 126 1715 3009 1697 1728 1716 1747 -1
2937: 2086 2 1729 1721 2075 -1
2938: 3092 1655 2208 1721 1729 1623 1750 1712 1728 1691 1763 1734 877 1717 -1
2939: 3169 1864 665 1715 1748 1729 2201 877 3 7 2206 330 2086 -1
2940: 877 1697 2208 -1
2941: 7 3 877 1697 -1
2942: -1
2943: 110 -1
2944: 110 741 -1
2945: -1
2946: -1
2947: 1642 1744 2949 111 -1
2948: 2949 -1
2949: 111 -1
2950: 111 -1
2951: 2771 92 2778 112 -1
2952: 2771 92 2778 112 -1
2953: 12 33 2695 2778 2772 112 2770 -1
2954: 112 -1
2955: 2771 112 -1
2956: 112 1052 2617 240 -1
2957: 602 3208 -1
2958: 112 92 -1
2959: 112 -1
2960: 2789 112 1203 -1
2961: 92 -1
2962: 251 2771 112 -1
2963: 2789 2417 1803 -1
2964: 112 -1
2965: 2305 2130 -1
2966: 112 2305 2718 -1
2967: 112 -1
2968: 112 2770 -1
2969: 788 20 1717 3097 877 1728 1697 2712 -1
2970: 112 -1
2971: 2771 92 2778 112 -1
2972: 112 788 -1
2973: 251 112 250 -1
2974: 112 -1
2975: 112 -1
2976: -1
2977: 3092 -1
2978: 78 -1
2979: 1632 1626 2992 2988 1113 556 1716 -1
2980: 741 3092 1630 -1
2981: 113 -1
2982: 113 -1
2983: 741 1632 113 665 2988 -1
2984: 1727 159 1626 3092 739 740 113 741 2976 1716 1109 -1
2985: 113 -1
2986: 1310 741 -1
2987: 113 -1
2988: -1
2989: 113 740 1626 -1
2990: 741 113 1716 1626 784 1109 -1
2991: 3361 665 1619 2542 1617 3092 1626 2992 113 -1
2992: 2988 113 -1
2993: 113 -1
2994: 113 -1
2995: 113 -1
2996: 1310 741 -1
2997: 113 1626 1716 1113 -1
2998: 113 -1
2999: 2988 113 2992 -1
3000: 104 775 0 2095 1626 113 6 16 -1
3001: 43 3092 113 1617 -1
3002: 1579 106 113 2992 1769 3361 -1
3003: 114 -1
3004: 6 556 775 104 0 16 3361 1626 2095 1716 2096 159 -1
3005: 114 -1
3006: 114 1185 92 3229 -1
3007: 2181 114 -1
3008: 2 114 2202 2206 -1
3009: 2333 2223 114 -1
3010: 1216 1866 16 665 1626 3412 30 3200 1986 1112 114 1716 -1
3011: 114 -1
3012: 1114 3362 114 -1
3013: 114 -1
3014: 25 115 -1
3015: 25 115 -1
3016: 115 -1
3017: 115 -1
3018: 115 -1
3019: 115 -1
3020: 2205 115 25 -1
3021: 115 -1
3022: 1312 -1
3023: 115 -1
3024: 669 43 -1
3025: 669 -1
3026: 2638 115 -1
3027: 115 -1
3028: 115 -1
3029: 115 -1
3030: -1
3031: 25 115 -1
3032: 877 1617 1626 115 -1
3033: 115 -1
3034: 115 143 1020 -1
3035: 116 -1
3036: 116 642 -1
3037: 669 3229 1728 2090 1765 -1
3038: 116 -1
3039: 634 635 641 644 645 646 650 651 652 653 654 655 656 657 658 659 660 661 662 663 664 116 665 666 667 69 668 669 670 671 672 673 674 675 676 677 678 -1
3040: 1708 149 116 1727 2992 1277 3092 640 661 3184 -1
3041: 2125 116 675 667 -1
3042: 116 1851 14 674 1456 -1
3043: 1199 3361 42 -1
3044: 1747 2945 0 678 116 3361 14 73 -1
3045: 116 3039 -1
3046: 116 -1
3047: 1715 117 1748 1728 -1
3048: 117 -1
3049: 1715 117 1748 1728 -1
3050: -1
3051: -1
3052: 3053 -1
3053: -1
3054: 118 -1
3055: 118 2399 23 -1
3056: 118 -1
3057: 118 -1
3058: 118 -1
3059: 118 -1
3060: 118 33 19 -1
3061: -1
3062: 119 -1
3063: 119 -1
3064: 119 -1
3065: 119 -1
3066: 119 -1
3067: 119 -1
3068: 119 3229 -1
3069: 3229 119 -1
3070: 119 -1
3071: 119 -1
3072: 119 -1
3073: 119 -1
3074: 119 -1
3075: 3229 119 -1
3076: 119 -1
3077: 119 -1
3078: 119 3229 -1
3079: 119 -1
3080: 119 -1
3081: 119 -1
3082: 119 -1
3083: 119 -1
3084: -1
3085: -1
3086: -1
3087: -1
3088: 3089 3091 3092 -1
3089: -1
3090: 1744 -1
3091: 3092 -1
3092: 741 -1
3093: 1744 3106 3088 1716 -1
3094: 1805 1756 120 2181 2223 1185 -1
3095: 3106 3088 -1
3096: 3084 3086 -1
3097: 3084 20 -1
3098: 2181 120 114 66 1697 -1
3099: -1
3100: 121 -1
3101: 121 2712 1499 2 -1
3102: 1216 121 2058 2769 5 -1
3103: 2713 2739 121 1216 -1
3104: 2838 240 2127 121 -1
3105: 2512 2513 2514 2515 2516 -1
3106: 3091 3092 -1
3107: -1
3108: -1
3109: -1
3110: 123 -1
3111: 2180 2888 1805 330 2181 123 3107 3108 2214 1058 2945 -1
3112: 2031 138 1805 330 20 2181 3107 3108 123 2214 -1
3113: 2180 2888 1805 330 2181 123 3107 3108 2214 1058 2945 -1
3114: 1716 1626 3092 877 1722 1663 775 123 104 1684 1655 1672 1744 1679 1652 -1
3115: -1
3116: -1
3117: -1
3118: -1
3119: -1
3120: 124 -1
3121: 1672 -1
3122: 124 -1
3123: 1716 1655 -1
3124: 1716 1715 877 -1
3125: 3116 -1
3126: 1716 -1
3127: 3116 3120 -1
3128: 125 -1
3129: 125 3203 1216 -1
3130: 1655 1672 1716 2185 159 1715 1727 3092 1765 -1
3131: 877 2205 126 1715 3009 1697 1728 1716 1747 -1
3132: 126 -1
3133: 1750 1745 1761 -1
3134: 2888 3368 1986 2199 1608 127 1633 -1
3135: 2526 234 127 1118 2686 1727 1310 -1
3136: 127 2191 1864 2199 -1
3137: 127 -1
3138: 127 2191 -1
3139: 127 -1
3140: 1716 3092 127 -1
3141: 127 -1
3142: 2197 330 1708 1615 1864 1659 2945 2699 3208 25 1020 1111 127 3092 1729 1697 1630 1748 2199 1704 1741 775 2086 1749 2013 2214 2181 7 1715 2202 1716 1655 1677 1114 1216 -1
3143: 1716 877 1866 2945 127 66 2191 2181 -1
3144: 2054 2949 -1
3145: 3235 -1
3146: 2694 12 128 -1
3147: 1629 -1
3148: 3212 242 2126 2065 2739 -1
3149: 128 -1
3150: 128 -1
3151: 242 137 12 3212 15 44 35 2640 19 -1
3152: 3092 129 -1
3153: 1216 1727 3092 1626 1698 1715 129 1655 1716 1764 1722 1728 665 1697 1691 877 1729 1653 1676 1678 1670 -1
3154: 1029 1679 1750 448 1763 877 1691 2185 -1
3155: 1029 1675 1669 1627 877 1673 2185 -1
3156: 1729 1748 129 -1
3157: 1675 1716 1310 665 1739 1725 129 -1
3158: 877 775 1728 2202 1716 1715 2208 1722 1310 2086 1751 2199 1748 1704 1750 1721 2939 -1
3159: 1715 1627 2202 775 1655 1751 1763 1729 1728 1748 1720 -1
3160: 1665 1677 1679 1675 1716 1674 1697 1805 -1
3161: 1698 1702 1708 1717 129 1722 1764 1720 1986 1625 1734 1689 2206 1716 1626 3092 1725 20 1747 1749 1748 1750 1617 1729 36 1740 1761 1754 1756 1760 1697 -1
3162: 1626 1716 1697 129 -1
3163: 1675 1728 1748 1697 -1
3164: 1216 1653 1662 1678 129 1658 1728 1748 1697 1716 1722 2013 -1
3165: 129 -1
3166: 885 1699 1659 1729 1748 1715 1716 129 1708 1722 1686 1749 1751 1697 1741 1750 1728 877 7 2086 1721 1633 775 1763 -1
3167: 129 -1
3168: 48 1728 1716 1699 1113 1657 -1
3169: 1748 1716 1715 1728 1655 1679 1672 1657 1697 1675 1722 1674 1653 1680 1665 1663 1929 1729 1113 665 1696 1691 678 1993 1633 539 1749 330 1747 3290 -1
3170: 1715 1310 1185 1708 129 1722 -1
3171: 1710 129 1748 330 1185 -1
3172: 1675 1669 1722 -1
3173: 129 -1
3174: 129 -1
3175: 678 36 1710 129 1715 1716 877 -1
3176: 3092 1698 1715 129 1670 1764 1716 1722 1728 665 1697 1691 877 1729 1864 1653 1676 -1
3177: 1715 1655 1728 1748 1669 1716 1686 1722 1273 1710 1658 1677 1672 1678 1668 1665 1674 1679 1744 -1
3178: 1216 1716 2183 20 1763 1738 877 1749 1717 1697 665 2712 2713 1114 -1
3179: 1716 1677 1744 1678 -1
3180: 1716 1715 1655 877 1696 129 1670 1754 1697 1728 1993 2183 3092 1642 1216 -1
3181: 1701 1708 1642 1710 1716 1662 129 -1
3182: 1216 1749 1722 1729 1710 1653 1663 2199 1701 1715 877 1716 1678 -1
3183: 129 1710 -1
3184: -1
3185: 149 1984 -1
3186: 1984 149 -1
3187: 149 1984 -1
3188: 130 -1
3189: -1
3190: 242 -1
3191: -1
3192: -1
3193: 3203 2615 2683 242 375 261 2048 131 2700 2628 3392 2 2058 100 510 865 2769 -1
3194: 3235 131 92 1216 -1
3195: 131 -1
3196: 3362 1079 2012 2712 250 1642 3146 131 -1
3197: 131 -1
3198: -1
3199: -1
3200: -1
3201: 242 -1
3202: 242 5 -1
3203: -1
3204: -1
3205: -1
3206: -1
3207: -1
3208: -1
3209: -1
3210: -1
3211: -1
3212: -1
3213: 242 2682 2126 -1
3214: 133 -1
3215: 91 242 133 5 -1
3216: 2769 3203 -1
3217: 242 133 137 12 19 -1
3218: 242 2694 35 133 3212 102 236 2772 44 131 -1
3219: 5 133 -1
3220: 137 15 242 133 23 44 -1
3221: -1
3222: -1
3223: 56 1851 1943 135 -1
3224: 135 14 -1
3225: 696 135 -1
3226: 135 -1
3227: 135 -1
3228: -1
3229: -1
3230: -1
3231: -1
3232: -1
3233: -1
3234: -1
3235: -1
3236: 136 3231 -1
3237: 136 -1
3238: -1
3239: -1
3240: -1
3241: 3240 2449 -1
3242: 1215 494 -1
3243: 137 234 242 -1
3244: 248 1729 -1
3245: 2686 -1
3246: 137 -1
3247: 92 1216 2307 1729 2189 248 250 137 -1
3248: 137 -1
3249: 137 -1
3250: 137 -1
3251: 137 -1
3252: 243 -1
3253: 1052 137 2739 -1
3254: 137 2189 -1
3255: 137 -1
3256: 139 -1
3257: 139 -1
3258: 139 -1
3259: 69 139 115 -1
3260: 140 -1
3261: 140 -1
3262: 140 -1
3263: 140 -1
3264: 140 -1
3265: 140 1697 -1
3266: 140 -1
3267: 140 -1
3268: 140 -1
3269: 1626 140 -1
3270: 140 -1
3271: 140 -1
3272: 140 1672 -1
3273: 140 -1
3274: 141 -1
3275: 2945 1642 3276 1607 1349 -1
3276: -1
3277: 141 431 3276 2096 159 -1
3278: 141 2082 -1
3279: 1626 3092 -1
3280: 1729 665 3092 -1
3281: 3200 -1
3282: 3200 2754 -1
3283: 3184 -1
3284: 3200 2754 -1
3285: 2754 -1
3286: 2754 -1
3287: 2896 1216 3092 -1
3288: 3294 -1
3289: 741 1626 -1
3290: 3292 3200 -1
3291: 2754 1109 -1
3292: 2754 -1
3293: 1626 142 2087 -1
3294: -1
3295: 1865 -1
3296: -1
3297: -1
3298: -1
3299: -1
3300: 143 1020 -1
3301: 1634 1020 143 -1
3302: 143 -1
3303: 143 1749 -1
3304: 2333 25 115 143 -1
3305: 2206 2230 2333 25 115 143 -1
3306: -1
3307: 25 139 2221 115 -1
3308: 1109 678 1684 2206 1716 1030 1273 1665 1655 25 1749 -1
3309: 143 1748 667 1749 -1
3310: 1020 143 1716 -1
3311: 143 1748 1749 -1
3312: 145 -1
3313: 145 -1
3314: 1185 -1
3315: 145 -1
3316: 3324 145 -1
3317: -1
3318: 145 -1
3319: 2 145 -1
3320: 145 -1
3321: 145 -1
3322: 1185 1109 145 -1
3323: 145 -1
3324: 3317 145 -1
3325: 1185 41 145 3317 -1
3326: 145 41 -1
3327: 41 145 -1
3328: 145 -1
3329: 145 -1
3330: 3317 145 -1
3331: 29 -1
3332: 145 -1
3333: 145 -1
3334: 3319 -1
3335: 145 -1
3336: 145 -1
3337: 145 -1
3338: 145 -1
3339: 145 -1
3340: 145 3317 -1
3341: 145 -1
3342: 145 -1
3343: 145 41 -1
3344: 145 -1
3345: 146 -1
3346: 146 -1
3347: 2185 1716 -1
3348: 1993 1607 2925 1349 -1
3349: 147 -1
3350: 1747 -1
3351: 147 -1
3352: 1310 1716 1994 877 330 2939 -1
3353: -1
3354: -1
3355: -1
3356: 3359 -1
3357: 2307 1254 234 -1
3358: 234 2307 1254 1185 -1
3359: 3358 3356 3355 3357 2307 3354 1254 234 148 -1
3360: 3362 -1
3361: 1620 1622 665 1578 1608 1607 1111 -1
3362: -1
3363: 149 -1
3364: 149 -1
3365: 149 1716 -1
3366: 1634 149 2307 674 668 -1
3367: 1617 2199 1111 1572 1986 2801 149 -1
3368: -1
3369: 149 -1
3370: 654 678 1634 149 56 665 1864 1747 -1
3371: 1864 149 14 -1
3372: 149 -1
3373: 149 1568 1111 1584 1 2454 1113 1112 1993 -1
3374: 1607 1111 149 -1
3375: 149 -1
3376: 149 -1
3377: 130 1984 149 -1
3378: -1
3379: -1
3380: -1
3381: 150 23 -1
3382: 64 -1
3383: 1216 12 150 3239 -1
3384: 150 -1
3385: 150 -1
3386: 150 12 -1
3387: 1114 150 -1
3388: 150 -1
3389: 1803 150 -1
3390: 2013 2640 12 150 2712 -1
3391: 12 150 -1
3392: 2686 150 242 137 2 256 -1
3393: 23 150 -1
3394: 150 -1
3395: 948 96 2695 2696 150 12 2694 951 952 953 954 955 956 957 -1
3396: 242 2682 150 384 2685 -1
3397: 1216 15 137 150 2615 2771 -1
3398: 64 2699 12 150 -1
3399: 2305 2210 150 242 64 2716 250 252 1216 1052 -1
3400: 150 -1
3401: 495 2 2189 242 33 2631 2695 150 19 23 2739 -1
3402: -1
3403: -1
3404: 151 -1
3405: 1185 151 -1
3406: -1
3407: -1
3408: -1
3409: -1
3410: -1
3411: 159 -1
3412: -1
3413: -1
3414: 152 3419 -1
3415: 152 1716 1113 3184 -1
3416: 1 1986 1535 2095 152 -1
3417: 152 3419 -1
3418: 1114 152 -1
3419: 152 0 -1
3420: 3235 2045 152 1216 984 -1
3421: 1 152 -1
3422: 104 153 -1
3423: 104 153 2075 1185 -1
3424: 104 153 2075 -1
3425: 104 153 2075 -1
3426: 104 153 2075 -1
3427: 2214 3361 104 14 82 153 2183 1722 1728 1111 2988 120 2075 25 1626 662 1185 242 1729 1716 1748 639 636 -1
3428: -1
3429: 3205 -1
3430: -1
3431: 2393 3430 33 2126 2683 2640 23 2058 12 2739 154 -1
3432: 2395 2399 2406 2407 2404 1204 2411 2405 2398 47 2409 2394 2122 1203 2408 2401 2397 2611 2393 2100 2410 2104 2412 254 154 3238 239 2 245 2702 3050 3192 2686 242 3051 -1
3433: 154 -1
3434: 154 -1
3435: -1
3436: 155 -1
3437: 155 -1
3438: -1
3439: -1
3440: 156 -1
3441: 156 671 -1
3442: 3462 -1
3443: 156 -1
3444: 1851 696 156 -1
3445: 156 -1
3446: 156 -1
3447: 1843 745 -1
3448: 3438 3439 -1
3449: 156 -1
3450: 1312 156 -1
3451: 156 3184 -1
3452: 1843 156 -1
3453: 156 -1
3454: 156 -1
3455: 156 69 671 674 -1
3456: 156 -1
3457: 633 -1
3458: 671 156 -1
3459: 156 56 -1
3460: 156 1843 -1
3461: 2365 73 156 56 671 -1
3462: 2365 671 56 156 73 -1
3463: 156 -1
3464: 671 -1
3465: 156 -1
3466: 1843 14 156 -1
3467: 42 678 654 1275 668 56 156 69 674 -1
