0: -1
1: -1
2: 132 133 134 135 136 137 1 142 -1
3: 146 -1
4: 154 155 156 157 158 -1
5: -1
6: -1
7: 173 -1
8: 178 190 191 192 193 -1
9: 197 -1
10: 203 205 208 209 212 215 223 224 232 233 236 237 238 239 240 242 243 245 246 -1
11: 255 256 257 258 259 260 261 262 263 264 265 266 267 268 269 270 271 272 273 274 275 276 -1
12: 287 288 289 290 291 292 293 294 295 296 297 298 299 300 301 -1
13: 308 309 310 311 -1
14: 313 314 315 316 -1
15: 318 -1
16: 321 322 323 324 325 326 327 328 329 330 331 332 333 334 335 336 337 338 339 340 341 342 343 344 345 346 347 348 349 350 351 352 353 354 147 355 356 357 178 358 359 360 361 362 363 364 311 365 -1
17: 367 368 369 370 371 375 -1
18: 382 383 385 -1
19: 388 -1
20: 391 392 393 394 395 396 0 397 398 399 400 401 402 403 404 405 406 407 408 409 410 411 412 413 414 415 416 417 -1
21: -1
22: 420 421 422 423 424 -1
23: 12 287 288 -1
24: 425 426 427 415 0 428 -1
25: 430 431 -1
26: 432 -1
27: 434 435 437 -1
28: 0 -1
29: -1
30: -1
31: 441 -1
32: 339 340 -1
33: 365 -1
34: 442 -1
35: 443 444 445 446 447 -1
36: 448 449 450 451 -1
37: 0 452 -1
38: 453 454 -1
39: 455 -1
40: 456 -1
41: 290 -1
42: 441 -1
43: 459 0 460 461 -1
44: 464 465 466 467 468 469 470 471 472 174 473 474 475 476 477 478 -1
45: -1
46: 54 -1
47: 518 -1
48: 132 -1
49: 530 531 532 533 534 535 537 538 539 540 544 -1
50: 575 576 577 578 579 580 581 582 583 584 585 586 587 588 589 590 591 592 594 596 597 598 599 600 601 602 603 604 605 606 -1
51: -1
52: 645 646 -1
53: 647 648 654 655 658 659 660 661 662 663 664 665 672 673 674 -1
54: 682 683 -1
55: 684 685 689 690 692 693 694 695 696 697 698 699 700 701 702 703 704 705 706 707 -1
56: 715 716 717 718 719 720 721 722 723 724 725 726 727 728 729 730 731 732 733 734 735 736 737 738 739 740 741 742 743 744 745 746 747 748 749 750 751 752 753 754 755 756 757 758 759 760 761 762 763 764 765 766 767 768 769 770 771 772 773 774 775 776 777 778 779 780 781 782 783 784 785 786 787 788 789 790 791 792 793 794 795 796 797 798 799 800 801 802 803 804 805 806 807 808 809 810 811 812 813 814 815 816 817 818 819 820 821 822 823 824 825 826 827 828 829 830 -1
57: 837 -1
58: -1
59: 845 846 847 849 850 0 851 852 853 -1
60: 857 858 859 860 861 862 863 864 865 866 867 868 869 870 871 -1
61: 0 311 312 326 452 364 -1
62: 0 849 358 147 -1
63: 313 314 -1
64: 0 -1
65: 173 0 672 -1
66: 0 314 849 432 313 427 -1
67: 0 849 -1
68: 0 -1
69: 726 0 852 718 -1
70: 173 0 415 -1
71: 0 48 -1
72: 215 415 0 -1
73: 0 147 -1
74: 0 -1
75: 0 30 275 255 276 -1
76: 851 448 450 373 -1
77: 361 450 716 415 396 -1
78: 6 49 862 396 173 -1
79: 0 173 -1
80: 314 0 432 672 -1
81: 0 -1
82: 0 190 97 -1
83: 0 415 850 147 -1
84: 0 396 -1
85: 97 313 452 147 314 0 450 -1
86: 583 215 97 0 450 -1
87: 0 147 314 849 313 -1
88: 849 1 0 -1
89: 0 -1
90: 0 -1
91: 0 -1
92: 0 215 -1
93: 0 1 -1
94: 306 305 -1
95: 0 -1
96: 396 0 -1
97: -1
98: 1 432 -1
99: 1 -1
100: 1 -1
101: 1 -1
102: 1 0 -1
103: 1 -1
104: 314 1 332 333 -1
105: 355 147 314 849 313 850 1 0 396 72 643 215 -1
106: 1 -1
107: 1 -1
108: 457 516 105 533 1 0 215 -1
109: 0 450 1 415 844 314 -1
110: 1 -1
111: 1 -1
112: 1 -1
113: 1 -1
114: 1 -1
115: 1 -1
116: 1 -1
117: 1 -1
118: 1 0 313 314 450 452 353 330 147 177 335 -1
119: 1 48 -1
120: 1 -1
121: 97 1 313 314 -1
122: 1 -1
123: 1 -1
124: 1 -1
125: 1 -1
126: 1 -1
127: 1 0 -1
128: 1 -1
129: 132 -1
130: 0 48 317 190 -1
131: 1 -1
132: -1
133: -1
134: -1
135: -1
136: -1
137: -1
138: 133 -1
139: 141 142 -1
140: -1
141: -1
142: -1
143: 141 321 140 142 -1
144: 2 -1
145: 2 -1
146: -1
147: -1
148: 672 -1
149: 3 173 -1
150: 3 -1
151: 146 3 147 148 -1
152: -1
153: 147 148 152 3 97 672 356 311 355 -1
154: -1
155: -1
156: -1
157: -1
158: 156 18 0 171 -1
159: 155 4 -1
160: 158 -1
161: 660 672 355 0 4 155 154 147 314 313 -1
162: 0 299 276 130 240 396 528 4 -1
163: 18 147 -1
164: 5 -1
165: 5 -1
166: 5 -1
167: 5 -1
168: 245 -1
169: 5 871 -1
170: 5 -1
171: -1
172: 50 583 605 610 449 6 391 0 -1
173: -1
174: 472 173 -1
175: 173 -1
176: 672 453 454 178 174 7 472 173 175 44 467 471 -1
177: 178 -1
178: -1
179: 178 -1
180: 178 -1
181: 178 -1
182: 178 -1
183: 178 443 -1
184: 178 -1
185: 178 -1
186: 178 -1
187: -1
188: 178 -1
189: 190 -1
190: -1
191: -1
192: -1
193: 357 -1
194: 178 -1
195: 458 357 182 183 184 186 187 188 8 -1
196: 1 0 8 245 -1
197: -1
198: -1
199: 9 108 105 -1
200: -1
201: 336 215 200 9 415 427 -1
202: 340 209 212 223 215 -1
203: -1
204: 340 205 362 -1
205: 97 453 -1
206: 340 -1
207: 243 232 -1
208: -1
209: -1
210: 246 242 -1
211: 340 -1
212: -1
213: 340 0 245 -1
214: 242 -1
215: -1
216: 361 362 -1
217: 340 -1
218: 340 -1
219: 340 -1
220: 340 245 -1
221: 340 -1
222: 340 -1
223: -1
224: -1
225: 340 -1
226: 340 245 -1
227: 340 -1
228: 340 -1
229: 340 -1
230: 340 -1
231: 340 -1
232: 449 346 -1
233: 340 202 147 0 200 314 -1
234: 340 -1
235: -1
236: -1
237: -1
238: 202 340 -1
239: -1
240: -1
241: 190 -1
242: 210 214 -1
243: -1
244: 716 200 -1
245: -1
246: 339 340 -1
247: 10 716 -1
248: 716 -1
249: 10 716 -1
250: 10 -1
251: -1
252: 10 235 -1
253: 716 -1
254: 215 199 200 251 340 635 10 0 314 373 450 427 372 -1
255: -1
256: -1
257: 356 -1
258: -1
259: -1
260: -1
261: -1
262: -1
263: -1
264: -1
265: -1
266: -1
267: -1
268: -1
269: -1
270: -1
271: -1
272: -1
273: -1
274: -1
275: -1
276: -1
277: 314 -1
278: 11 -1
279: 207 11 -1
280: 11 415 -1
281: 11 313 -1
282: 11 429 -1
283: 11 -1
284: 97 313 314 852 11 -1
285: 11 429 -1
286: 11 261 262 263 264 265 266 267 269 273 275 332 313 314 -1
287: -1
288: -1
289: -1
290: -1
291: -1
292: 340 -1
293: -1
294: -1
295: -1
296: -1
297: 97 453 18 12 295 -1
298: -1
299: -1
300: -1
301: -1
302: 190 -1
303: 12 -1
304: 12 593 -1
305: -1
306: 850 18 -1
307: 12 -1
308: -1
309: -1
310: 365 309 -1
311: -1
312: -1
313: 432 -1
314: -1
315: 314 -1
316: -1
317: -1
318: -1
319: 15 -1
320: 15 -1
321: -1
322: -1
323: -1
324: -1
325: -1
326: -1
327: -1
328: -1
329: -1
330: -1
331: -1
332: -1
333: -1
334: -1
335: -1
336: -1
337: 338 -1
338: -1
339: -1
340: -1
341: -1
342: -1
343: -1
344: -1
345: -1
346: -1
347: -1
348: -1
349: -1
350: 351 -1
351: -1
352: -1
353: 354 -1
354: -1
355: -1
356: -1
357: 178 -1
358: -1
359: 461 -1
360: -1
361: 362 -1
362: -1
363: -1
364: -1
365: -1
366: 375 -1
367: -1
368: -1
369: -1
370: -1
371: -1
372: 375 -1
373: 375 -1
374: 375 -1
375: -1
376: 17 -1
377: 17 -1
378: 869 17 -1
379: 17 851 97 190 305 269 -1
380: 17 -1
381: 157 -1
382: 18 385 313 314 -1
383: 385 382 18 -1
384: 382 -1
385: -1
386: 18 -1
387: 289 18 588 445 -1
388: 533 -1
389: 400 401 402 449 392 346 173 -1
390: 400 401 402 449 392 346 173 -1
391: 362 -1
392: -1
393: -1
394: -1
395: 533 -1
396: 345 349 627 130 213 240 359 844 -1
397: -1
398: 533 -1
399: -1
400: -1
401: -1
402: -1
403: -1
404: -1
405: -1
406: 407 408 -1
407: -1
408: 407 -1
409: -1
410: -1
411: -1
412: -1
413: -1
414: -1
415: -1
416: -1
417: 533 -1
418: 21 -1
419: 21 -1
420: -1
421: -1
422: -1
423: -1
424: -1
425: -1
426: -1
427: -1
428: -1
429: -1
430: -1
431: -1
432: -1
433: 437 434 -1
434: 533 -1
435: 533 -1
436: 437 -1
437: -1
438: 336 -1
439: 375 -1
440: 29 -1
441: -1
442: -1
443: -1
444: -1
445: 444 443 -1
446: -1
447: -1
448: -1
449: -1
450: -1
451: -1
452: 0 -1
453: -1
454: -1
455: -1
456: 346 449 -1
457: -1
458: -1
459: -1
460: -1
461: -1
462: 173 461 43 -1
463: 173 43 0 -1
464: 44 -1
465: -1
466: -1
467: -1
468: -1
469: -1
470: 344 333 343 -1
471: -1
472: -1
473: 44 -1
474: 44 466 -1
475: -1
476: -1
477: -1
478: 175 -1
479: 533 -1
480: 44 327 -1
481: 44 -1
482: 44 -1
483: 44 -1
484: 44 -1
485: 44 174 -1
486: 44 173 -1
487: 44 472 174 173 533 -1
488: 44 466 -1
489: 44 -1
490: 44 -1
491: 44 475 -1
492: 44 -1
493: 866 455 44 533 314 -1
494: 44 -1
495: 44 465 -1
496: 472 44 -1
497: 537 44 -1
498: 44 -1
499: 472 44 -1
500: 44 -1
501: 491 44 174 533 -1
502: 472 44 499 475 175 -1
503: 314 44 -1
504: 491 44 -1
505: 472 44 174 173 -1
506: 44 471 -1
507: 44 -1
508: 44 491 173 533 -1
509: 44 174 476 -1
510: 173 537 535 472 44 -1
511: 44 -1
512: 44 -1
513: 314 432 44 -1
514: 491 44 174 533 -1
515: 45 353 354 309 331 178 -1
516: -1
517: 660 -1
518: 1 0 18 12 4 -1
519: 400 97 314 432 454 48 0 450 -1
520: 314 526 48 453 97 0 452 -1
521: 313 155 48 -1
522: 48 190 -1
523: 48 -1
524: 48 190 -1
525: 48 0 -1
526: 48 453 97 -1
527: 48 132 -1
528: 158 48 0 312 258 141 288 452 577 147 314 849 432 -1
529: 309 -1
530: -1
531: -1
532: -1
533: -1
534: -1
535: -1
536: 534 537 -1
537: 536 -1
538: -1
539: -1
540: -1
541: -1
542: -1
543: -1
544: -1
545: 543 -1
546: 5 729 -1
547: 49 -1
548: 49 -1
549: 536 -1
550: 49 -1
551: 49 572 672 -1
552: 472 49 534 173 -1
553: 49 537 534 0 173 718 726 716 245 -1
554: 536 49 729 373 -1
555: 173 49 539 537 407 408 -1
556: 49 -1
557: 49 -1
558: 49 -1
559: 572 49 -1
560: 49 537 535 540 97 190 539 -1
561: 49 -1
562: 173 49 432 869 -1
563: 49 -1
564: 537 49 -1
565: 49 -1
566: 537 49 472 173 533 -1
567: 537 -1
568: 49 -1
569: 541 542 543 -1
570: 49 -1
571: 472 174 543 175 49 -1
572: 49 -1
573: 49 -1
574: 598 -1
575: 574 -1
576: 598 -1
577: -1
578: -1
579: -1
580: -1
581: -1
582: -1
583: -1
584: -1
585: -1
586: -1
587: -1
588: -1
589: -1
590: 593 190 -1
591: -1
592: 598 -1
593: 590 594 598 583 -1
594: 593 -1
595: 594 593 -1
596: 597 314 -1
597: -1
598: 592 591 593 -1
599: -1
600: -1
601: -1
602: -1
603: 574 -1
604: -1
605: 583 -1
606: -1
607: 50 -1
608: 50 -1
609: 50 -1
610: 50 -1
611: 50 622 -1
612: 50 -1
613: 50 -1
614: 50 445 -1
615: 50 -1
616: 50 261 -1
617: 309 50 574 -1
618: 50 -1
619: 585 50 -1
620: 598 50 -1
621: 50 -1
622: 50 621 97 450 604 -1
623: 726 50 -1
624: 598 50 -1
625: 839 314 50 621 97 450 604 -1
626: 736 50 -1
627: -1
628: 734 641 51 726 716 -1
629: 718 51 -1
630: 51 765 314 444 -1
631: 639 373 724 726 51 718 173 -1
632: 51 716 415 -1
633: 790 807 154 370 721 770 637 808 450 718 734 769 722 51 635 147 850 215 639 716 -1
634: 627 51 -1
635: 391 51 716 415 427 -1
636: 51 716 415 -1
637: 718 639 51 -1
638: 391 51 849 147 182 349 716 415 427 0 -1
639: 373 724 726 51 718 -1
640: 635 51 -1
641: 635 725 51 -1
642: 718 51 373 639 147 852 736 97 0 672 432 314 -1
643: 373 718 51 639 741 852 736 147 315 97 0 672 432 314 -1
644: 391 51 716 415 427 -1
645: -1
646: 52 -1
647: 675 649 663 664 672 -1
648: -1
649: 647 664 672 -1
650: 647 648 672 -1
651: 647 648 672 -1
652: 647 660 661 662 672 -1
653: 647 672 -1
654: 663 664 672 -1
655: 663 664 672 -1
656: 647 674 672 -1
657: 647 672 -1
658: 663 664 672 -1
659: 663 664 672 -1
660: -1
661: 672 -1
662: -1
663: 672 -1
664: 672 -1
665: -1
666: 647 648 654 655 658 659 672 -1
667: 647 648 654 655 658 659 663 672 -1
668: 647 648 654 655 658 659 672 -1
669: 647 648 672 -1
670: 647 648 672 -1
671: 647 648 672 -1
672: 663 -1
673: -1
674: -1
675: 647 672 -1
676: 647 672 -1
677: 647 672 -1
678: 53 445 871 -1
679: 53 647 673 -1
680: 53 -1
681: 672 663 53 -1
682: -1
683: -1
684: -1
685: -1
686: -1
687: 684 685 689 -1
688: 689 692 -1
689: 684 686 55 654 -1
690: -1
691: 689 692 -1
692: -1
693: 55 -1
694: 687 -1
695: 687 -1
696: 687 55 -1
697: 687 -1
698: 687 -1
699: 687 -1
700: 687 658 -1
701: -1
702: 687 -1
703: 687 -1
704: 687 55 -1
705: 687 -1
706: -1
707: 55 -1
708: 55 689 -1
709: 870 -1
710: 870 -1
711: 55 -1
712: 142 314 -1
713: 672 55 -1
714: 55 -1
715: 373 716 849 -1
716: 375 -1
717: -1
718: 639 716 -1
719: 365 -1
720: 722 715 639 716 842 854 361 311 374 373 339 326 725 718 -1
721: -1
722: -1
723: 533 -1
724: -1
725: -1
726: -1
727: 765 -1
728: 804 -1
729: -1
730: -1
731: -1
732: -1
733: -1
734: 720 639 375 -1
735: 533 -1
736: -1
737: -1
738: -1
739: 736 -1
740: -1
741: -1
742: 533 -1
743: 533 -1
744: -1
745: 533 -1
746: 533 -1
747: -1
748: -1
749: -1
750: -1
751: -1
752: -1
753: -1
754: -1
755: -1
756: 375 -1
757: -1
758: -1
759: -1
760: 533 -1
761: 533 -1
762: 533 -1
763: 533 -1
764: -1
765: -1
766: 533 -1
767: 533 -1
768: -1
769: -1
770: -1
771: -1
772: -1
773: -1
774: -1
775: -1
776: -1
777: 375 -1
778: 533 -1
779: 780 375 -1
780: -1
781: -1
782: 533 -1
783: -1
784: -1
785: 533 -1
786: 533 -1
787: 365 -1
788: -1
789: -1
790: -1
791: -1
792: 533 -1
793: -1
794: -1
795: 794 -1
796: -1
797: -1
798: -1
799: 375 -1
800: 793 802 807 798 801 -1
801: -1
802: -1
803: -1
804: -1
805: -1
806: 533 -1
807: -1
808: 726 718 -1
809: -1
810: -1
811: -1
812: 533 -1
813: -1
814: -1
815: -1
816: 533 -1
817: 533 -1
818: -1
819: -1
820: 533 -1
821: -1
822: -1
823: 375 -1
824: -1
825: -1
826: -1
827: 533 -1
828: 533 -1
829: 533 -1
830: -1
831: 779 198 -1
832: 735 722 -1
833: 726 720 314 728 -1
834: 432 314 718 639 -1
835: 726 766 765 -1
836: 718 241 -1
837: 57 -1
838: 57 -1
839: -1
840: 839 58 -1
841: 58 443 -1
842: 726 -1
843: 847 -1
844: -1
845: -1
846: -1
847: -1
848: 190 -1
849: -1
850: -1
851: -1
852: -1
853: -1
854: -1
855: 334 231 171 273 391 240 59 235 420 364 -1
856: 59 -1
857: -1
858: -1
859: -1
860: -1
861: -1
862: -1
863: -1
864: -1
865: -1
866: -1
867: 857 -1
868: 857 -1
869: -1
870: -1
871: -1
872: 60 313 -1
873: 60 -1
874: 60 -1
875: 60 -1
876: 60 864 -1
877: 60 -1
878: 362 60 -1
879: 60 -1
880: 60 -1
881: 869 870 60 -1
882: 173 60 -1
883: 60 432 -1
