0: 64 65 66 67 68 69 70 71 72 73 74 75 76 79 80 81 82 83 84 85 86 87 88 89 90 91 92 93 94 95 96 97 98 99 100 101 102 103 104 105 106 107 108 109 -1
1: -1
2: -1
3: -1
4: -1
5: -1
6: -1
7: -1
8: -1
9: 229 230 231 232 233 234 235 236 237 238 239 240 241 242 243 244 245 246 247 248 249 250 251 252 253 254 255 256 257 258 259 260 261 262 263 264 265 266 267 268 269 270 271 324 -1
10: 272 273 274 -1
11: 275 -1
12: -1
13: 234 286 287 288 290 291 292 293 294 295 296 297 298 299 300 301 302 303 304 305 -1
14: -1
15: -1
16: -1
17: 275 486 706 -1
18: -1
19: 275 328 509 723 724 -1
20: 334 335 -1
21: -1
22: -1
23: -1
24: -1
25: -1
26: -1
27: -1
28: -1
29: -1
30: -1
31: -1
32: -1
33: -1
34: -1
35: 706 707 708 709 710 -1
36: -1
37: -1
38: 723 724 -1
39: -1
40: 730 -1
41: -1
42: -1
43: 740 -1
44: -1
45: -1
46: -1
47: -1
48: 889 -1
49: -1
50: -1
51: -1
52: -1
53: -1
54: 932 -1
55: 15 29 42 275 424 477 478 479 480 498 500 933 934 935 936 940 981 982 983 984 985 987 997 -1
56: 941 942 -1
57: 948 -1
58: 957 959 -1
59: -1
60: -1
61: 1006 1007 1008 1009 1024 1025 1026 1027 1028 1029 1038 1039 1040 1041 1042 -1
62: -1
63: -1
64: 1195 -1
65: -1
66: 889 -1
67: -1
68: -1
69: -1
70: -1
71: -1
72: -1
73: -1
74: -1
75: -1
76: -1
77: -1
78: -1
79: -1
80: -1
81: -1
82: -1
83: -1
84: -1
85: 74 -1
86: -1
87: -1
88: -1
89: -1
90: -1
91: -1
92: -1
93: -1
94: -1
95: -1
96: -1
97: -1
98: -1
99: -1
100: -1
101: -1
102: -1
103: -1
104: -1
105: -1
106: -1
107: -1
108: -1
109: -1
110: -1
111: -1
112: -1
113: -1
114: -1
115: -1
116: 1 2 110 111 112 113 114 115 117 118 119 120 121 122 123 124 125 126 127 128 129 -1
117: -1
118: -1
119: -1
120: -1
121: -1
122: -1
123: -1
124: -1
125: -1
126: -1
127: -1
128: -1
129: -1
130: 3 131 132 133 134 135 136 137 138 139 140 141 142 143 144 145 146 147 148 149 150 151 152 591 607 608 -1
131: -1
132: -1
133: -1
134: -1
135: -1
136: -1
137: -1
138: -1
139: 316 735 -1
140: -1
141: -1
142: -1
143: -1
144: -1
145: -1
146: -1
147: -1
148: -1
149: -1
150: -1
151: -1
152: -1
153: 4 -1
154: 5 -1
155: 6 -1
156: 6 29 275 299 -1
157: 6 26 60 417 420 425 448 449 450 451 452 453 454 455 456 457 458 459 460 461 462 463 464 465 466 468 469 471 472 473 474 475 486 487 488 489 490 491 492 493 509 576 937 938 939 979 980 991 992 993 994 996 -1
158: 6 -1
159: 6 -1
160: 6 29 275 293 -1
161: 6 275 -1
162: 6 -1
163: 6 275 -1
164: 6 -1
165: 6 146 -1
166: 6 275 734 -1
167: -1
168: 6 167 -1
169: 7 -1
170: 7 -1
171: 7 -1
172: 7 -1
173: 7 -1
174: 7 -1
175: 7 -1
176: 7 288 -1
177: 7 -1
178: 7 -1
179: 7 340 -1
180: 7 -1
181: 7 -1
182: 7 340 889 -1
183: 7 -1
184: 7 -1
185: 7 -1
186: 7 181 889 -1
187: 7 -1
188: 7 -1
189: 7 -1
190: 7 -1
191: 7 -1
192: 7 -1
193: 7 102 -1
194: 7 -1
195: 7 -1
196: 7 -1
197: 7 -1
198: 7 -1
199: 7 -1
200: 7 -1
201: 7 -1
202: 7 293 298 303 -1
203: 7 -1
204: 7 81 -1
205: 7 -1
206: -1
207: -1
208: -1
209: -1
210: -1
211: -1
212: -1
213: -1
214: -1
215: -1
216: -1
217: -1
218: -1
219: -1
220: -1
221: -1
222: -1
223: -1
224: -1
225: -1
226: -1
227: 8 206 207 208 209 210 211 212 213 214 215 216 217 218 219 220 221 222 223 224 225 226 228 -1
228: -1
229: -1
230: -1
231: -1
232: -1
233: -1
234: -1
235: -1
236: -1
237: -1
238: -1
239: -1
240: -1
241: -1
242: -1
243: -1
244: -1
245: -1
246: -1
247: -1
248: -1
249: -1
250: -1
251: -1
252: -1
253: -1
254: -1
255: -1
256: -1
257: -1
258: -1
259: -1
260: -1
261: -1
262: -1
263: -1
264: -1
265: -1
266: -1
267: -1
268: -1
269: -1
270: -1
271: -1
272: -1
273: -1
274: -1
275: -1
276: 12 14 -1
277: 12 14 -1
278: 12 14 -1
279: 12 14 -1
280: 12 -1
281: 12 -1
282: 12 -1
283: 12 -1
284: 12 -1
285: 12 -1
286: -1
287: -1
288: -1
289: -1
290: -1
291: -1
292: -1
293: -1
294: -1
295: -1
296: -1
297: -1
298: -1
299: -1
300: -1
301: -1
302: -1
303: -1
304: -1
305: -1
306: 14 -1
307: 14 -1
308: 14 -1
309: 14 -1
310: 14 -1
311: 14 -1
312: 14 -1
313: 14 -1
314: 18 327 -1
315: 15 42 -1
316: -1
317: 16 -1
318: 16 -1
319: 16 -1
320: 16 251 -1
321: 16 -1
322: 16 -1
323: 16 -1
324: 16 -1
325: 16 -1
326: 298 -1
327: -1
328: 19 -1
329: 20 -1
330: 20 332 333 -1
331: 20 332 333 -1
332: -1
333: -1
334: -1
335: -1
336: 21 -1
337: 22 338 -1
338: 22 -1
339: 22 340 -1
340: 22 -1
341: 22 -1
342: 22 -1
343: 22 -1
344: 22 -1
345: 22 288 302 -1
346: 22 102 -1
347: 22 948 959 -1
348: 22 -1
349: 22 -1
350: -1
351: -1
352: -1
353: -1
354: -1
355: -1
356: -1
357: -1
358: -1
359: -1
360: -1
361: -1
362: -1
363: -1
364: -1
365: -1
366: -1
367: -1
368: -1
369: -1
370: -1
371: -1
372: -1
373: -1
374: -1
375: -1
376: -1
377: 23 24 350 351 352 353 354 355 356 357 358 359 360 361 362 363 364 365 366 367 368 369 370 371 372 373 374 375 376 378 379 380 381 382 383 384 385 386 387 388 389 390 391 392 393 394 395 396 397 398 399 400 401 402 403 404 405 406 407 -1
378: -1
379: -1
380: -1
381: -1
382: -1
383: -1
384: -1
385: -1
386: -1
387: -1
388: -1
389: -1
390: -1
391: -1
392: -1
393: -1
394: -1
395: -1
396: -1
397: -1
398: -1
399: -1
400: -1
401: -1
402: -1
403: -1
404: -1
405: -1
406: -1
407: -1
408: 409 -1
409: 25 28 408 410 411 412 413 414 415 416 563 564 565 566 567 568 -1
410: -1
411: -1
412: -1
413: -1
414: -1
415: -1
416: -1
417: 424 476 477 478 479 480 498 499 500 981 982 983 984 985 987 997 -1
418: -1
419: -1
420: 424 476 477 478 480 498 499 500 981 982 983 984 985 997 -1
421: 424 476 477 478 480 498 499 500 981 982 983 984 985 997 -1
422: 424 476 477 478 480 498 499 500 981 982 983 984 985 997 -1
423: 424 476 477 478 480 498 499 500 981 982 983 984 985 997 -1
424: 26 60 417 418 419 420 421 422 423 425 427 428 429 430 431 432 433 434 435 438 439 440 441 442 443 444 445 446 447 448 449 450 451 452 453 454 455 456 457 458 459 460 461 462 463 464 465 466 468 469 470 471 472 473 474 475 486 487 488 489 490 491 492 493 502 503 504 505 506 507 508 509 576 734 937 938 939 961 962 963 964 965 966 967 968 969 970 971 972 973 974 975 976 977 978 979 980 991 992 993 994 996 -1
425: 424 476 477 478 480 498 499 500 981 982 983 984 985 997 -1
426: 424 476 477 478 479 480 498 499 500 940 981 982 983 984 985 997 -1
427: -1
428: -1
429: -1
430: -1
431: -1
432: -1
433: -1
434: -1
435: -1
436: 477 983 -1
437: 981 -1
438: -1
439: -1
440: -1
441: -1
442: -1
443: -1
444: -1
445: -1
446: -1
447: -1
448: 424 476 477 478 479 480 498 499 500 981 982 983 984 985 997 -1
449: 478 -1
450: -1
451: -1
452: 424 476 477 478 479 480 498 499 500 981 982 983 984 985 997 -1
453: 982 -1
454: 478 -1
455: -1
456: -1
457: -1
458: -1
459: -1
460: -1
461: -1
462: -1
463: -1
464: -1
465: -1
466: -1
467: 940 -1
468: -1
469: -1
470: -1
471: -1
472: -1
473: -1
474: -1
475: -1
476: 26 937 -1
477: 26 -1
478: 26 -1
479: 26 425 448 449 450 451 452 454 455 456 457 458 459 460 461 462 463 464 468 469 471 473 474 475 490 491 939 979 980 -1
480: 26 937 939 -1
481: 424 476 477 478 480 498 499 500 940 981 982 983 984 985 989 997 -1
482: 424 476 477 478 480 498 499 500 940 981 982 983 984 985 997 -1
483: 477 984 997 -1
484: 982 -1
485: 26 -1
486: -1
487: -1
488: 424 476 477 478 480 498 499 500 981 982 983 984 985 997 -1
489: 424 476 477 478 479 480 498 499 500 981 982 983 984 985 997 -1
490: 275 424 476 477 478 479 480 498 499 500 981 982 983 984 985 997 -1
491: 424 476 477 478 479 480 498 499 500 981 982 983 984 985 997 -1
492: 424 476 477 478 479 480 498 499 500 981 982 983 984 985 997 -1
493: -1
494: 424 476 477 478 480 498 499 500 940 981 982 983 984 985 997 -1
495: 424 476 477 478 480 498 499 500 940 981 982 983 984 985 997 -1
496: 424 476 477 478 480 498 499 500 940 981 982 983 984 985 997 -1
497: 424 476 477 478 480 498 499 500 940 981 982 983 984 985 997 -1
498: 26 60 420 488 493 509 576 937 939 996 -1
499: 26 60 420 488 493 509 576 937 939 996 -1
500: 26 60 420 425 448 449 450 451 452 454 474 488 490 491 493 509 576 937 939 979 996 -1
501: 424 476 477 478 480 498 499 500 940 981 982 983 984 985 997 -1
502: -1
503: -1
504: -1
505: -1
506: -1
507: -1
508: -1
509: -1
510: -1
511: 101 104 -1
512: 101 -1
513: -1
514: 27 513 517 518 519 520 521 522 523 524 525 526 527 528 529 530 531 532 533 534 535 536 537 538 539 540 541 542 543 544 545 546 547 548 549 550 551 552 553 554 555 556 557 558 559 560 561 -1
515: 27 513 517 518 519 520 521 522 523 524 525 526 527 528 529 530 531 532 533 534 535 536 537 538 539 540 542 543 544 545 546 547 548 549 550 551 552 553 554 555 556 557 558 559 560 561 -1
516: 27 513 517 518 519 520 521 522 523 524 525 526 527 528 529 530 531 532 533 534 535 536 537 538 539 540 541 542 543 544 545 546 547 548 549 550 551 552 553 554 555 556 557 558 559 560 561 -1
517: -1
518: -1
519: -1
520: -1
521: -1
522: -1
523: -1
524: -1
525: -1
526: -1
527: -1
528: -1
529: -1
530: -1
531: -1
532: -1
533: -1
534: -1
535: -1
536: -1
537: -1
538: -1
539: -1
540: -1
541: -1
542: -1
543: -1
544: -1
545: -1
546: -1
547: -1
548: -1
549: -1
550: -1
551: -1
552: -1
553: -1
554: -1
555: -1
556: -1
557: -1
558: -1
559: -1
560: -1
561: -1
562: 28 411 563 564 565 566 568 -1
563: -1
564: -1
565: -1
566: -1
567: -1
568: -1
569: 29 -1
570: 29 275 486 -1
571: 29 275 -1
572: 29 -1
573: 29 275 -1
574: 29 275 -1
575: 29 -1
576: 29 275 -1
577: 29 275 -1
578: 29 275 302 -1
579: 29 275 -1
580: 29 -1
581: 29 275 -1
582: 29 -1
583: 29 275 -1
584: 29 83 275 -1
585: 29 -1
586: 29 275 -1
587: 29 275 -1
588: 29 -1
589: 29 275 -1
590: 29 -1
591: 29 -1
592: 29 -1
593: 29 275 -1
594: 29 275 -1
595: 29 -1
596: 29 -1
597: 29 -1
598: 29 275 -1
599: 29 275 -1
600: 29 -1
601: 29 275 -1
602: 29 303 -1
603: 29 275 -1
604: 29 275 417 702 708 -1
605: 29 -1
606: 29 275 -1
607: 29 -1
608: 29 275 -1
609: 29 275 -1
610: 29 275 -1
611: 29 275 -1
612: 29 706 -1
613: 29 -1
614: 29 275 -1
615: 29 275 -1
616: 29 -1
617: 29 275 -1
618: 29 316 735 -1
619: 29 299 486 -1
620: 29 -1
621: 29 275 706 -1
622: 29 275 -1
623: 29 275 -1
624: 29 275 -1
625: 29 275 486 -1
626: 29 275 -1
627: 29 274 299 303 -1
628: 29 -1
629: 29 275 -1
630: 29 -1
631: 29 275 -1
632: 29 -1
633: 29 -1
634: 29 574 -1
635: 29 -1
636: -1
637: -1
638: -1
639: -1
640: -1
641: -1
642: -1
643: -1
644: -1
645: -1
646: -1
647: -1
648: -1
649: -1
650: 30 636 637 638 639 640 641 642 643 644 645 646 647 648 649 -1
651: 31 653 654 655 656 -1
652: 31 653 654 655 656 -1
653: -1
654: -1
655: -1
656: -1
657: 32 658 659 -1
658: 657 659 660 661 -1
659: 32 657 658 660 -1
660: 32 657 658 659 661 662 663 -1
661: 32 657 658 659 -1
662: 32 657 658 659 -1
663: 657 659 -1
664: 33 -1
665: 33 -1
666: -1
667: -1
668: -1
669: -1
670: -1
671: -1
672: -1
673: -1
674: -1
675: -1
676: -1
677: -1
678: -1
679: -1
680: -1
681: -1
682: -1
683: -1
684: -1
685: -1
686: -1
687: -1
688: -1
689: -1
690: -1
691: -1
692: -1
693: -1
694: -1
695: -1
696: -1
697: -1
698: 34 666 667 668 669 670 671 672 673 674 675 677 678 679 680 681 682 683 684 685 686 687 688 689 690 691 692 693 694 695 696 697 699 702 703 -1
699: 701 -1
700: 34 666 667 668 669 670 671 672 673 674 675 676 677 678 679 680 681 682 683 684 685 686 687 688 689 690 691 692 693 694 695 696 697 699 701 703 -1
701: 34 666 667 668 669 670 671 672 673 674 675 677 678 679 680 681 682 683 684 685 686 687 688 689 690 691 692 693 694 695 696 697 699 703 -1
702: 34 666 667 668 669 670 671 672 673 674 675 676 677 678 679 680 681 682 683 684 685 686 687 688 689 690 691 692 693 694 695 696 697 699 701 703 -1
703: -1
704: 35 59 298 705 711 712 713 714 715 716 -1
705: -1
706: -1
707: -1
708: -1
709: 710 -1
710: -1
711: -1
712: -1
713: -1
714: -1
715: -1
716: -1
717: 36 -1
718: 36 -1
719: 36 -1
720: 36 -1
721: 37 -1
722: 38 -1
723: 724 -1
724: -1
725: 39 -1
726: 40 727 728 729 -1
727: -1
728: 71 -1
729: -1
730: -1
731: 41 -1
732: 41 -1
733: 41 -1
734: -1
735: -1
736: 43 737 738 -1
737: -1
738: -1
739: 43 -1
740: -1
741: 44 57 232 237 248 249 324 742 743 744 745 746 747 748 749 750 751 752 753 754 755 756 757 758 759 760 761 762 763 764 765 766 767 768 769 770 771 772 773 774 775 776 944 945 947 1006 1007 1008 1009 1024 1025 1026 1027 1028 1029 1038 1039 1040 1041 1042 1063 1171 1186 -1
742: -1
743: -1
744: -1
745: -1
746: -1
747: -1
748: -1
749: -1
750: -1
751: -1
752: -1
753: -1
754: -1
755: -1
756: -1
757: -1
758: -1
759: -1
760: -1
761: -1
762: -1
763: -1
764: -1
765: -1
766: -1
767: -1
768: -1
769: -1
770: -1
771: -1
772: -1
773: -1
774: -1
775: -1
776: -1
777: 45 -1
778: 486 -1
779: 46 791 798 800 802 805 806 811 -1
780: 46 791 798 800 802 805 806 811 -1
781: 46 791 798 800 802 805 806 811 -1
782: 46 791 798 800 802 805 806 811 -1
783: 46 791 798 800 802 805 806 811 -1
784: 46 791 798 800 802 805 806 811 -1
785: 46 78 95 234 243 -1
786: 46 64 65 66 67 79 81 83 85 88 89 92 94 95 97 98 99 102 104 109 889 1157 1195 -1
787: 46 791 -1
788: 46 791 -1
789: 46 791 811 -1
790: 46 791 -1
791: -1
792: 46 798 -1
793: 46 798 805 -1
794: 46 798 -1
795: 46 798 -1
796: 46 798 811 -1
797: 46 798 -1
798: -1
799: 46 800 -1
800: -1
801: 46 -1
802: -1
803: 46 -1
804: 46 805 -1
805: -1
806: -1
807: 46 791 798 800 802 805 806 811 -1
808: 46 791 798 800 802 805 806 811 -1
809: 46 791 798 800 802 805 806 811 -1
810: 46 791 798 800 802 805 806 811 -1
811: -1
812: 830 -1
813: 830 847 -1
814: 830 831 847 -1
815: 830 -1
816: -1
817: -1
818: -1
819: -1
820: -1
821: -1
822: -1
823: -1
824: -1
825: -1
826: -1
827: -1
828: -1
829: -1
830: 47 813 816 817 818 819 820 821 822 823 824 825 826 827 828 829 832 833 834 835 -1
831: 830 -1
832: -1
833: -1
834: -1
835: -1
836: 830 -1
837: 830 -1
838: 47 812 813 815 816 817 818 819 820 821 822 823 824 825 826 827 828 829 830 831 832 833 834 835 836 846 -1
839: 47 812 813 815 816 817 818 819 820 821 822 823 824 825 826 827 828 829 832 833 834 835 846 -1
840: 47 812 813 815 816 817 818 819 820 821 822 823 824 825 826 827 828 829 830 831 832 833 834 835 836 846 -1
841: 47 812 813 815 816 817 818 819 820 821 822 823 824 825 826 827 828 829 830 831 832 833 834 835 836 846 -1
842: 47 812 813 815 816 817 818 819 820 821 822 823 824 825 826 827 828 829 831 832 833 834 835 836 846 -1
843: 830 -1
844: 830 -1
845: 47 812 813 814 815 816 817 818 819 820 821 822 823 824 825 826 827 828 829 831 832 833 834 835 836 846 -1
846: -1
847: 47 812 813 814 815 816 817 818 819 820 821 822 823 824 825 826 827 828 829 831 832 833 834 835 836 846 -1
848: 830 -1
849: 49 64 88 102 105 806 867 885 -1
850: -1
851: 885 -1
852: 885 -1
853: 885 -1
854: 885 -1
855: 885 -1
856: 885 -1
857: 885 -1
858: -1
859: -1
860: -1
861: 885 -1
862: 885 -1
863: -1
864: 885 -1
865: 885 -1
866: 48 858 887 -1
867: 48 -1
868: 48 -1
869: 885 -1
870: 885 -1
871: 885 -1
872: 885 -1
873: 885 -1
874: -1
875: 885 -1
876: 885 -1
877: -1
878: 885 -1
879: 885 -1
880: 885 -1
881: 885 -1
882: -1
883: 885 -1
884: -1
885: 48 849 850 851 852 853 854 855 856 857 858 859 860 861 862 863 865 869 870 871 872 873 874 875 877 878 879 880 881 882 883 884 886 887 888 -1
886: 885 -1
887: -1
888: 889 -1
889: -1
890: 49 -1
891: 50 102 293 298 340 889 893 948 -1
892: 50 893 -1
893: -1
894: 51 -1
895: 51 -1
896: 52 510 511 897 -1
897: -1
898: 921 923 924 925 926 -1
899: 921 923 924 925 926 -1
900: 921 923 924 925 926 -1
901: 921 923 924 925 926 -1
902: 921 923 924 925 926 -1
903: 921 923 924 925 926 -1
904: 921 923 924 925 926 -1
905: 921 923 924 925 926 -1
906: 921 923 924 925 926 -1
907: 921 923 924 925 926 -1
908: 921 923 924 925 926 -1
909: 921 923 924 925 926 -1
910: 921 923 924 925 926 -1
911: 921 923 924 925 926 -1
912: -1
913: 921 923 924 925 926 -1
914: 921 923 924 925 926 -1
915: 921 923 924 925 926 -1
916: 921 923 924 925 926 -1
917: 921 923 924 925 926 -1
918: 921 923 924 925 926 -1
919: 921 923 924 925 926 -1
920: 921 923 924 925 926 -1
921: 53 898 899 900 901 902 903 904 905 906 907 908 909 911 912 913 914 915 916 917 918 919 920 922 927 928 929 930 931 -1
922: 921 923 924 925 926 -1
923: 53 898 899 900 901 902 903 904 905 906 907 908 909 911 912 913 914 915 916 917 918 919 920 922 927 928 929 930 931 -1
924: 53 898 899 900 901 902 903 904 905 906 907 908 909 911 912 913 914 915 916 917 918 919 920 922 927 928 929 930 931 -1
925: 53 898 899 900 901 902 903 904 905 906 907 908 909 911 912 913 914 915 916 917 918 919 920 922 927 928 929 930 931 -1
926: 53 898 899 900 901 902 903 904 905 906 907 908 909 911 912 913 914 915 916 917 918 919 920 922 927 928 929 930 931 -1
927: 921 923 924 925 926 -1
928: 921 923 924 925 926 -1
929: 921 923 924 925 926 -1
930: -1
931: -1
932: -1
933: -1
934: -1
935: -1
936: 933 -1
937: -1
938: -1
939: -1
940: -1
941: -1
942: -1
943: 57 -1
944: -1
945: -1
946: -1
947: -1
948: -1
949: 58 957 -1
950: 58 79 -1
951: 58 -1
952: 58 625 -1
953: 58 958 959 960 -1
954: 58 958 960 -1
955: 58 -1
956: -1
957: -1
958: 956 -1
959: -1
960: -1
961: -1
962: -1
963: -1
964: -1
965: -1
966: -1
967: -1
968: -1
969: -1
970: -1
971: -1
972: -1
973: -1
974: -1
975: -1
976: -1
977: -1
978: -1
979: -1
980: -1
981: 60 -1
982: 60 417 421 422 427 428 429 430 431 432 433 434 435 438 439 440 441 442 443 444 445 446 447 453 456 470 506 507 508 939 961 962 963 964 965 966 967 968 969 970 971 972 973 974 975 976 977 978 -1
983: 60 425 448 449 450 451 452 454 468 474 490 491 939 979 994 -1
984: 60 -1
985: 60 939 -1
986: 940 981 982 -1
987: 60 -1
988: 60 -1
989: 60 -1
990: 60 937 -1
991: 983 -1
992: -1
993: 498 -1
994: 985 -1
995: 933 936 -1
996: -1
997: 26 60 420 421 422 425 427 428 429 430 431 432 433 434 435 438 439 440 441 442 443 444 445 446 447 448 449 450 451 452 453 454 455 456 457 458 459 460 461 462 463 464 465 466 468 469 470 471 472 473 474 475 486 487 488 489 490 491 492 493 509 576 937 939 961 962 963 964 965 966 967 968 969 970 971 972 973 974 975 976 977 978 979 980 991 992 993 994 996 -1
998: 61 946 947 999 1000 1001 1002 1003 1004 1005 1010 1011 1012 1013 1014 1015 1016 1017 1018 1019 1020 1021 1022 1023 1030 1031 1032 1033 1034 1035 1036 1037 1043 1044 1045 1046 1047 -1
999: 61 1000 1001 1002 1003 1004 1005 1010 1011 1012 1013 1014 1015 1016 1017 1018 1019 1020 1021 1022 1023 1030 1031 1032 1033 1034 1035 1036 1037 1043 1044 1045 1046 1047 -1
1000: -1
1001: -1
1002: -1
1003: -1
1004: -1
1005: -1
1006: -1
1007: -1
1008: -1
1009: -1
1010: -1
1011: -1
1012: -1
1013: -1
1014: -1
1015: -1
1016: -1
1017: -1
1018: -1
1019: -1
1020: -1
1021: -1
1022: -1
1023: -1
1024: -1
1025: -1
1026: -1
1027: -1
1028: -1
1029: -1
1030: -1
1031: -1
1032: -1
1033: -1
1034: -1
1035: -1
1036: -1
1037: -1
1038: -1
1039: -1
1040: -1
1041: -1
1042: -1
1043: -1
1044: -1
1045: -1
1046: -1
1047: -1
1048: 62 63 -1
1049: 62 63 235 253 259 262 1026 -1
1050: 62 63 -1
1051: 62 63 -1
1052: 62 63 -1
1053: 62 63 -1
1054: 62 63 233 248 249 1111 -1
1055: 62 63 -1
1056: 62 63 -1
1057: 62 63 -1
1058: 62 63 -1
1059: 62 63 -1
1060: 62 63 -1
1061: 62 63 239 932 -1
1062: 62 63 -1
1063: 62 63 -1
1064: 62 63 -1
1065: 62 63 -1
1066: 62 63 -1
1067: 62 63 948 -1
1068: 62 63 293 340 889 948 -1
1069: 62 63 -1
1070: 62 63 -1
1071: 62 63 -1
1072: 62 -1
1073: 62 63 -1
1074: 62 63 -1
1075: 62 63 102 290 340 889 -1
1076: 62 63 945 948 -1
1077: 62 63 -1
1078: 62 63 -1
1079: 62 63 -1
1080: 62 63 -1
1081: 62 63 -1
1082: 62 63 -1
1083: 62 63 -1
1084: 62 63 -1
1085: 62 63 -1
1086: 62 63 -1
1087: 62 63 -1
1088: 62 63 -1
1089: 62 63 -1
1090: 62 63 -1
1091: 62 63 -1
1092: 62 63 -1
1093: 62 63 -1
1094: 62 63 -1
1095: 62 63 -1
1096: 62 63 -1
1097: 62 63 -1
1098: 62 63 -1
1099: 62 63 -1
1100: 62 63 948 -1
1101: 62 -1
1102: 62 63 -1
1103: 62 63 -1
1104: 62 63 -1
1105: 62 63 -1
1106: 62 63 -1
1107: 62 63 -1
1108: 62 63 -1
1109: 62 63 -1
1110: 62 63 -1
1111: -1
1112: -1
1113: 63 -1
1114: 63 -1
1115: 63 -1
1116: 63 1112 -1
1117: 63 1112 -1
1118: 63 1112 -1
1119: 63 1112 -1
1120: 63 244 948 1112 -1
1121: 63 78 948 956 1112 1195 -1
1122: 63 945 1024 1112 -1
1123: 63 239 259 947 1112 -1
1124: 63 1112 -1
1125: 63 1112 -1
1126: 63 1112 -1
1127: 63 1112 -1
1128: 63 270 1112 -1
1129: 63 83 85 233 235 241 244 245 248 249 253 258 259 262 269 270 271 287 291 295 301 311 933 936 945 948 1006 1007 1008 1009 1024 1025 1026 1027 1028 1029 1038 1039 1040 1041 1042 1112 -1
1130: 63 1112 -1
1131: 63 948 1112 -1
1132: 63 948 1112 -1
1133: 63 1112 -1
1134: 63 239 1112 -1
1135: 63 97 102 893 948 1112 -1
1136: 63 1112 -1
1137: 64 87 236 238 243 251 254 260 261 287 288 290 948 -1
1138: 64 95 102 -1
1139: 64 102 288 289 948 -1
1140: 64 102 103 105 243 288 290 -1
1141: 64 -1
1142: 64 243 260 261 287 932 -1
1143: 64 543 -1
1144: 64 248 249 -1
1145: 64 102 243 287 291 295 -1
1146: 64 71 106 287 288 290 932 948 -1
1147: 64 78 233 248 249 288 -1
1148: 64 -1
1149: 64 287 -1
1150: 64 74 87 92 102 287 288 -1
1151: 64 81 102 243 270 932 -1
1152: 64 66 85 96 -1
1153: 64 83 92 93 98 106 107 109 1195 -1
1154: 64 78 79 83 84 85 88 92 95 98 -1
1155: 64 65 68 74 75 79 81 83 85 86 88 89 92 98 99 107 109 299 -1
1156: 64 66 74 81 85 94 97 98 99 106 932 1195 -1
1157: 64 66 83 88 96 99 -1
1158: 64 68 74 81 83 85 86 88 89 91 92 98 99 102 104 106 739 -1
1159: 64 -1
1160: 64 66 74 77 83 84 97 99 108 109 252 -1
1161: 64 -1
1162: 64 -1
1163: 64 -1
1164: 64 92 948 -1
1165: 64 81 520 -1
1166: 64 71 92 -1
1167: 64 948 956 -1
1168: 64 -1
1169: 64 932 -1
1170: 64 -1
1171: 64 -1
1172: 64 253 -1
1173: 64 69 -1
1174: 64 -1
1175: 64 -1
1176: 64 -1
1177: 64 -1
1178: 64 -1
1179: 64 -1
1180: 64 -1
1181: 64 83 92 -1
1182: 64 69 87 -1
1183: 64 71 92 287 -1
1184: 64 546 -1
1185: 64 68 85 88 92 96 102 -1
1186: 64 -1
1187: 64 -1
1188: 64 84 252 -1
1189: 64 68 72 74 79 81 83 85 88 89 90 91 95 98 99 102 108 889 -1
1190: 64 83 -1
1191: 64 -1
1192: 64 89 91 -1
1193: 64 -1
1194: 64 66 889 -1
1195: -1
