0: -1
1: 19 0 186 187 -1
2: 215 216 217 218 219 220 221 222 223 224 225 226 227 228 229 230 231 -1
3: 6 260 261 262 263 -1
4: 139 288 289 290 291 292 -1
5: 325 327 -1
6: -1
7: 11 113 379 380 381 382 25 991 29 60 383 2 384 385 386 0 3 129 387 388 18 389 390 391 13 15 132 74 1 392 393 264 394 395 -1
8: -1
9: 463 464 -1
10: 487 488 489 129 -1
11: 511 512 513 514 515 516 517 518 -1
12: 535 113 536 537 0 9 67 538 -1
13: 558 5 260 559 -1
14: -1
15: 579 580 581 582 -1
16: 603 -1
17: 623 624 -1
18: 388 637 -1
19: 649 -1
20: -1
21: 676 677 678 6 680 681 682 683 684 685 686 687 260 688 35 -1
22: -1
23: 41 -1
24: 23 727 50 728 -1
25: 735 -1
26: -1
27: 648 113 991 26 129 93 0 760 761 762 22 763 537 764 765 17 384 766 3 516 767 393 768 769 770 64 10 383 15 772 773 774 -1
28: -1
29: -1
30: 797 799 535 536 73 800 4 801 802 803 804 805 -1
31: 807 -1
32: -1
33: 811 812 813 814 815 139 -1
34: 816 -1
35: -1
36: 824 -1
37: -1
38: 682 836 837 5 15 9 680 838 -1
39: -1
40: 845 846 512 1 107 847 848 849 850 -1
41: -1
42: 877 878 879 880 881 882 20 683 883 884 885 886 887 888 -1
43: 891 892 893 894 895 896 899 -1
44: 916 -1
45: 931 -1
46: 933 142 4 934 935 -1
47: -1
48: 942 943 944 515 -1
49: -1
50: 954 58 19 129 955 956 -1
51: -1
52: 983 985 986 -1
53: 113 2 991 129 0 992 -1
54: 993 994 995 996 997 998 999 1000 1001 1002 1003 1004 1005 1006 1007 1008 1009 1010 1011 1012 1013 1014 1015 1016 1017 1018 1019 1020 1021 1022 1023 1024 1025 1026 1027 1028 1029 1030 1031 1032 1033 1034 1035 1036 1037 1038 1039 1040 1041 1042 1043 1044 1045 1046 1047 1048 1049 1050 1051 1052 1053 1054 1055 1056 1057 1058 1059 1060 1061 1062 1063 1064 1065 1066 1067 1068 1069 1070 1071 1072 1073 1074 -1
55: -1
56: 991 0 3 1092 379 1093 15 392 7 129 393 516 1094 111 1 113 25 394 4 60 1095 1096 1097 1098 1099 -1
57: -1
58: -1
59: 1115 1116 -1
60: -1
61: 516 136 1123 1124 1125 1126 4 1127 3 290 933 1128 139 2 288 105 109 1129 838 145 -1
62: -1
63: 1136 1137 -1
64: 1140 -1
65: 1143 1144 1145 -1
66: 1161 1162 1163 1164 1165 1166 1167 1168 -1
67: 1170 1171 -1
68: -1
69: 814 209 1181 1182 1183 1129 1184 1185 4 0 20 15 93 6 129 2 772 1186 1187 1188 1189 1190 1191 1192 1193 1194 891 1195 1196 1197 696 1198 1199 1200 1201 1202 1203 1204 1205 1135 1206 290 -1
70: -1
71: 1211 1212 -1
72: 1220 -1
73: 1224 1228 1229 -1
74: 1230 1234 -1
75: 1238 139 -1
76: 1240 1241 1242 1243 1244 -1
77: 1245 -1
78: 5 1220 264 51 1246 113 1247 3 1 516 1248 142 1249 1250 444 132 799 1251 1252 1253 1254 -1
79: 22 26 1258 132 1259 15 0 1260 1261 9 3 1262 6 47 1263 2 93 1264 1265 1266 1267 5 13 1268 1269 516 12 1270 49 1271 43 -1
80: 1275 393 7 9 6 379 1276 1278 -1
81: 1280 -1
82: -1
83: 1293 1297 -1
84: 1300 1301 1305 1309 1265 1310 1311 1312 1313 1314 1315 1316 1317 -1
85: 1323 -1
86: -1
87: 1330 0 129 2 1331 142 1332 -1
88: -1
89: 231 -1
90: 1137 -1
91: -1
92: 1337 1338 1339 -1
93: -1
94: 1353 667 1354 129 1355 516 1356 1206 1357 209 1358 1359 1360 1183 1361 393 11 1362 1363 1364 1365 1366 1367 1368 1369 1370 1371 -1
95: 1373 -1
96: 1382 1383 1384 849 848 516 1385 1386 1387 1270 187 1388 9 3 93 6 1389 393 1390 1391 1392 390 1393 1 1394 1395 112 1396 -1
97: -1
98: 1397 1398 -1
99: 1401 -1
100: 6 -1
101: -1
102: 22 1406 6 1 -1
103: -1
104: 1415 1417 1418 1419 1420 -1
105: -1
106: 1437 -1
107: -1
108: 1443 -1
109: 1460 991 -1
110: -1
111: -1
112: 368 1499 1500 780 1501 1502 1503 1504 -1
113: 1506 -1
114: -1
115: -1
116: 41 1518 -1
117: 1520 1521 1527 -1
118: -1
119: -1
120: 1539 -1
121: 1540 1541 1542 1543 1545 1546 -1
122: 1559 0 1560 -1
123: 1563 1564 1565 1566 1567 95 1568 1569 1570 1571 1572 1573 1574 1575 1576 1577 676 1578 1579 1580 512 323 683 1581 1582 -1
124: -1
125: 1588 1589 1590 1591 1592 1593 -1
126: -1
127: -1
128: 1600 1601 1602 1603 1604 -1
129: 1609 23 766 1 1128 1610 8 26 1506 142 3 765 1387 1611 1612 1613 1614 684 1615 1616 -1
130: -1
131: 1628 1629 1630 1631 1632 1633 1634 0 1391 1635 -1
132: 1637 1638 1639 1640 1641 1642 1643 1644 1645 1646 1647 1648 1649 1651 1653 1654 1655 1657 1658 1659 1661 1662 1666 1667 551 1671 1672 1602 1612 1676 1678 1679 1680 1681 1682 1684 1685 1686 1687 41 1688 1689 1691 1693 1694 1695 1696 1697 1631 -1
133: 1710 1711 -1
134: 1712 1713 1714 1715 1716 1717 1718 1719 1720 1721 1722 1723 1724 1725 1726 1727 1728 1729 1730 1731 1732 1733 1734 1735 1736 1737 1738 1739 1740 1741 1742 1743 -1
135: 1747 1748 1749 1750 1751 -1
136: 1752 1753 1754 1755 1756 1757 1758 209 780 1759 3 1590 783 1760 383 8 1761 1762 1763 1764 1765 139 1766 1767 1768 1769 1770 1771 1772 430 1773 1774 -1
137: 1792 1793 1795 1796 1797 1798 1799 1800 1801 1802 1803 1804 1805 1806 1807 1808 1809 1810 1811 1812 1813 1814 1815 1816 1817 1818 1819 -1
138: 1820 -1
139: 814 1821 1822 1823 1824 1825 1826 1827 1828 288 1829 1830 1831 1832 1833 289 290 -1
140: -1
141: 1837 1838 -1
142: -1
143: 1844 1845 1846 260 10 9 683 1847 1609 1685 -1
144: -1
145: -1
146: 515 895 142 1391 0 -1
147: 991 0 4 -1
148: 0 -1
149: 1581 682 1499 5 991 1 0 43 2 -1
150: 26 9 6 15 0 516 22 765 132 1 3 12 680 1275 13 142 43 895 34 8 27 -1
151: 394 380 136 296 1275 105 26 0 1 1137 -1
152: 0 848 683 2 676 991 512 89 388 760 23 1506 -1
153: 933 607 680 55 2 16 34 264 0 26 3 15 6 129 683 -1
154: 0 -1
155: 1761 1383 536 1375 1635 1245 0 10 -1
156: 991 0 992 5 -1
157: 538 380 0 129 512 1 -1
158: 6 5 10 0 762 -1
159: 0 991 537 -1
160: 538 0 20 7 1129 65 1456 -1
161: 11 0 380 1406 1134 -1
162: 0 1383 -1
163: 0 -1
164: 51 991 26 2 6 5 43 0 3 113 1 22 47 1391 142 765 883 1383 -1
165: 536 1622 992 883 991 0 -1
166: 0 -1
167: 1 0 21 648 12 6 129 -1
168: 891 1193 1278 1270 1192 8 43 74 9 17 384 1251 13 0 26 20 383 772 16 3 1 911 -1
169: 1609 1276 1128 766 26 113 142 3 765 1 1611 1612 684 1615 1610 985 -1
170: 1383 536 26 991 129 0 -1
171: 1635 896 0 4 883 992 -1
172: 129 0 -1
173: 393 113 145 -1
174: 1687 1348 587 516 136 -1
175: 5 0 20 894 -1
176: 113 379 380 25 991 60 2 385 0 3 129 387 15 1 392 393 264 394 -1
177: 512 5 15 6 853 2 26 0 1272 683 -1
178: 145 683 2 676 512 388 760 23 1506 -1
179: 0 3 1129 766 6 132 -1
180: 1382 0 6 1445 393 -1
181: -1
182: -1
183: -1
184: -1
185: -1
186: -1
187: 11 113 379 380 381 382 25 991 29 60 383 2 384 385 386 0 3 129 387 388 18 389 390 391 13 15 132 74 1 392 393 264 394 395 -1
188: 1099 1095 -1
189: 1278 516 1 3 1385 260 1374 -1
190: 1 129 516 7 -1
191: 1 -1
192: 791 1 26 -1
193: 1829 1711 1631 9 93 683 11 838 5 933 3 512 22 388 2 109 1251 17 384 13 55 8 7 129 516 1 113 -1
194: 538 182 1 -1
195: 1 -1
196: 182 1507 849 7 9 6 23 1 765 27 10 136 93 1390 56 -1
197: 1520 848 849 516 187 9 3 838 1 113 1375 182 1299 181 734 1383 1252 538 185 -1
198: 734 1 -1
199: 142 1278 14 512 47 1609 1391 28 1129 11 608 1615 1195 1 -1
200: 182 992 896 848 1 8 538 535 1095 106 -1
201: 1 -1
202: 734 688 512 93 129 1 848 849 3 683 846 1557 -1
203: 11 516 1 22 5 911 -1
204: 1 0 186 -1
205: 1 -1
206: 1386 516 9 1 129 1382 390 389 25 1395 142 393 838 -1
207: 991 0 380 277 1 44 393 2 770 387 43 -1
208: 1 991 0 992 379 129 113 5 4 6 -1
209: 139 1766 1765 1312 801 288 105 1129 136 97 800 1825 289 1198 512 11 6 1506 3 1391 667 830 132 642 129 301 636 164 264 676 10 444 388 79 7 1431 5 0 12 630 608 93 19 1 62 461 718 56 15 680 73 1131 1246 150 78 706 696 609 273 1363 208 96 84 487 80 224 588 1183 540 47 142 114 484 50 679 1256 798 720 226 1385 439 1353 1094 1311 14 1193 688 649 125 23 1382 40 849 850 25 654 685 29 88 1615 846 1258 383 55 16 1573 933 394 2 1197 607 30 34 1248 1396 390 336 954 955 1826 683 22 123 1384 1393 384 1387 1392 389 322 28 82 1429 70 112 1847 481 1640 1445 108 510 761 726 364 1461 796 1462 395 537 1456 1674 687 1460 1106 1548 580 393 111 1658 622 1190 1194 704 168 9 1278 24 236 60 107 106 98 101 146 17 74 89 1192 1357 13 691 35 570 8 427 438 450 43 1254 119 42 1609 186 1511 368 109 39 1155 1683 167 673 -1
210: 538 182 1 -1
211: 686 1 45 3 -1
212: 1 65 -1
213: 0 26 15 16 113 683 5 142 209 765 1631 1615 9 3 93 1610 1106 106 1 688 766 -1
214: 992 536 3 1391 22 765 132 1 383 6 164 47 680 113 13 1269 142 12 43 1611 883 1383 -1
215: 2 -1
216: 2 -1
217: 2 -1
218: 2 -1
219: 2 -1
220: 2 -1
221: 2 -1
222: 2 1252 -1
223: 2 -1
224: 2 -1
225: 2 -1
226: 2 -1
227: 2 -1
228: 2 -1
229: 2 113 991 129 1573 1106 16 43 894 -1
230: 2 -1
231: -1
232: 13 6 2 -1
233: 2 803 -1
234: 2 -1
235: 992 1761 2 -1
236: 992 991 2 113 -1
237: 0 26 5 3 2 516 9 -1
238: 26 649 992 1124 1206 512 6 911 2 5 846 -1
239: 2 -1
240: 894 992 2 1252 -1
241: 2 535 113 991 -1
242: 383 991 0 43 438 6 2 799 1613 -1
243: 2 -1
244: 183 11 105 380 264 848 2 8 1245 516 -1
245: 1099 1097 1518 1407 1334 2 -1
246: -1
247: 992 9 991 129 2 -1
248: 992 1761 536 2 1847 896 1077 853 8 -1
249: 2 -1
250: 142 88 3 683 24 9 106 74 384 13 8 43 20 682 0 383 2 5 113 129 536 -1
251: 992 1383 853 894 2 -1
252: 136 383 2 55 -1
253: 894 2 1363 16 -1
254: 15 132 379 9 2 16 11 992 915 -1
255: 512 379 838 1581 680 26 23 6 15 580 684 5 109 765 766 3 1 1506 1250 1251 895 587 2 -1
256: 991 2 -1
257: 2 894 -1
258: 2 -1
259: 18 2 109 17 384 13 55 462 -1
260: -1
261: -1
262: -1
263: -1
264: -1
265: 3 50 9 -1
266: 3 966 991 6 -1
267: 991 933 3 -1
268: 1099 1831 1634 1761 660 538 517 965 0 3 648 512 139 136 94 23 1632 1363 896 894 1134 -1
269: 3 181 -1
270: 3 -1
271: 3 -1
272: 538 649 1093 1206 3 6 393 -1
273: 1 3 538 385 -1
274: 3 -1
275: 3 1433 1374 648 26 129 608 -1
276: 3 182 1098 -1
277: 129 3 683 916 -1
278: 438 6 512 15 5 16 34 1847 1506 680 136 838 3 -1
279: 3 -1
280: 3 516 -1
281: 538 3 -1
282: 1466 181 182 535 379 517 129 65 5 3 109 6 489 896 1098 1099 884 1097 1792 976 915 -1
283: 1539 1357 3 -1
284: 0 1252 3 -1
285: 3 -1
286: 2 -1
287: 3 1247 535 -1
288: 1827 290 139 1437 -1
289: 1456 -1
290: 1827 139 1693 288 1127 1829 4 -1
291: -1
292: -1
293: 991 4 105 -1
294: 41 682 5 388 16 -1
295: 516 4 105 80 648 113 26 -1
296: 58 4 -1
297: -1
298: 4 5 -1
299: 129 4 -1
300: 991 26 4 136 -1
301: 4 380 770 1460 985 -1
302: 139 800 1195 1197 801 481 1129 288 1766 4 105 1181 1312 -1
303: 4 -1
304: 1140 -1
305: 9 5 142 4 -1
306: 4 -1
307: 0 516 4 -1
308: 393 3 129 4 -1
309: 538 1128 516 136 379 129 4 991 -1
310: 129 4 -1
311: 991 0 11 381 129 3 380 1391 1486 1092 264 379 933 1124 277 1093 15 1 392 7 44 1183 393 1094 2 770 1251 113 608 1456 25 387 384 4 394 382 60 385 -1
312: 1343 587 -1
313: 1634 992 20 3 512 139 -1
314: 1 7 991 2 4 0 142 20 1341 54 -1
315: -1
316: 1251 26 4 -1
317: 1838 4 1124 136 11 933 1096 1097 1099 -1
318: 4 297 1363 -1
319: 13 11 512 649 139 58 1109 105 838 -1
320: 1407 915 4 20 -1
321: 803 -1
322: -1
323: -1
324: -1
325: -1
326: 327 -1
327: -1
328: 884 -1
329: 5 -1
330: 992 5 -1
331: 0 1194 129 108 5 -1
332: 772 1674 -1
333: 444 10 -1
334: 1126 5 231 -1
335: 1846 260 323 -1
336: 5 182 1 0 65 -1
337: 512 -1
338: 5 -1
339: 5 683 -1
340: 1245 772 -1
341: 1589 760 5 511 702 536 557 -1
342: 772 -1
343: 992 264 515 1341 129 847 1275 11 -1
344: 1383 992 5 853 -1
345: 884 1099 1515 5 12 336 -1
346: 1375 5 -1
347: 1847 5 55 15 680 1631 6 -1
348: 1099 -1
349: 538 734 992 5 -1
350: 760 6 1847 5 1631 108 1363 86 39 -1
351: 5 760 -1
352: 894 992 10 1245 5 -1
353: 322 -1
354: 142 772 -1
355: 394 5 -1
356: 1761 -1
357: 1245 1383 5 992 -1
358: 992 6 535 -1
359: 6 -1
360: 35 6 -1
361: 106 -1
362: 260 -1
363: 6 -1
364: 260 803 -1
365: 1375 264 6 -1
366: 6 992 1383 -1
367: 1375 1407 6 1557 1383 1134 108 -1
368: 1383 992 26 261 262 23 6 1396 1395 57 383 112 264 -1
369: 291 991 -1
370: 260 -1
371: 884 6 1353 -1
372: 393 -1
373: 855 689 6 1761 -1
374: 6 1383 -1
375: 991 6 368 1383 231 1252 -1
376: 992 291 109 -1
377: 264 379 108 25 3 30 6 672 93 388 95 587 691 1364 -1
378: 8 1634 1602 6 1837 -1
379: -1
380: -1
381: -1
382: -1
383: -1
384: -1
385: -1
386: -1
387: -1
388: 637 -1
389: -1
390: -1
391: 65 3 -1
392: 985 803 231 -1
393: -1
394: -1
395: 770 -1
396: 1278 7 -1
397: 7 -1
398: 7 -1
399: 7 -1
400: 538 535 1631 512 3 6 766 7 393 1252 1829 -1
401: 380 7 538 181 1134 1792 992 1096 884 1097 1098 1099 -1
402: 419 734 848 7 -1
403: 7 734 -1
404: 7 182 -1
405: 7 -1
406: 7 538 -1
407: 1382 0 6 1445 393 -1
408: 734 184 185 538 183 0 186 187 535 8 -1
409: 129 0 7 209 -1
410: 7 182 -1
411: 182 7 -1
412: 388 209 849 1631 291 113 1527 1124 136 6 23 1183 1094 11 688 933 9 3 1357 22 18 2 109 72 683 1245 5 17 123 74 384 13 55 50 8 0 26 143 27 955 516 7 93 382 762 129 112 1395 260 12 28 514 67 10 765 86 680 760 797 1251 98 1847 35 438 43 798 672 1220 264 39 60 1330 767 119 1445 1391 383 95 16 34 1385 393 -1
413: 393 1765 1183 7 1093 -1
414: 1134 1099 7 1822 -1
415: 1278 296 7 0 129 12 608 -1
416: 3 7 6 991 0 26 -1
417: 7 -1
418: 991 933 770 111 3 7 -1
419: -1
420: 129 7 -1
421: 1363 734 -1
422: 8 1 991 7 129 1247 -1
423: 1278 1187 7 1189 1192 1193 688 891 209 512 6 1183 11 516 1 1486 838 -1
424: 7 734 -1
425: -1
426: -1
427: -1
428: -1
429: 1761 -1
430: -1
431: -1
432: 1383 8 -1
433: 8 992 -1
434: 8 1761 -1
435: 853 450 8 -1
436: 1693 -1
437: 8 -1
438: 8 431 -1
439: 1386 1270 14 1192 891 1357 1385 26 1511 24 9 132 15 512 1246 106 98 683 1847 5 17 74 384 13 8 43 38 -1
440: 15 8 -1
441: 1251 9 8 43 17 13 1357 106 2 383 680 55 129 760 1631 1327 687 1847 -1
442: 264 0 20 383 15 1 9 6 93 516 108 734 5 384 16 12 11 8 43 895 -1
443: 15 1761 9 106 121 1556 10 55 8 -1
444: 537 796 1613 1548 761 991 765 5 15 0 26 2 38 1391 10 142 383 379 18 895 146 43 8 12 516 1486 766 1330 684 23 -1
445: 15 1761 9 106 121 1556 10 55 8 -1
446: 762 425 1383 8 -1
447: 8 -1
448: 8 426 -1
449: 8 538 1252 1829 129 934 393 648 1433 1247 535 884 1097 1098 825 1711 1838 -1
450: -1
451: 450 8 1635 -1
452: 992 -1
453: 8 5 26 991 2 848 3 136 129 1341 911 847 763 6 -1
454: 24 9 38 17 384 13 1357 8 43 992 368 5 108 15 10 121 1631 851 -1
455: 1124 1093 1183 393 1094 11 1631 933 9 3 22 18 2 109 5 17 384 13 55 8 1129 4 105 1099 805 -1
456: 1454 1363 1245 8 -1
457: 8 -1
458: 8 894 -1
459: 992 1458 1252 15 9 8 538 106 41 1245 55 -1
460: 8 849 -1
461: 1182 1129 289 4 139 105 1456 1766 209 393 1270 1765 1312 801 37 288 136 97 800 1198 1829 1631 5 933 9 3 22 18 2 109 1251 17 384 13 55 8 7 129 516 1 113 1299 182 1252 1096 1099 1098 1097 -1
462: -1
463: -1
464: -1
465: 1170 9 -1
466: 734 9 680 -1
467: 1252 -1
468: 9 853 -1
469: 65 1518 1097 1098 1099 1252 1 535 9 393 1247 538 -1
470: 9 -1
471: 1247 9 -1
472: 535 1252 9 -1
473: 9 -1
474: 9 1761 734 -1
475: 380 683 9 -1
476: 368 9 1245 -1
477: 9 231 -1
478: 65 1792 992 9 -1
479: 9 -1
480: 1252 -1
481: 139 9 209 510 -1
482: 65 992 26 760 9 132 60 393 -1
483: 992 65 9 -1
484: 9 -1
485: 9 -1
486: 1 535 9 393 1247 538 1518 65 1252 1097 1098 1099 1454 -1
487: -1
488: -1
489: -1
490: 1383 10 1245 587 -1
491: 538 1247 512 10 5 516 93 1383 -1
492: 992 1245 617 1253 1837 -1
493: 139 10 -1
494: 10 -1
495: 5 10 1635 11 8 1129 113 896 1134 1363 512 -1
496: 579 580 1506 6 760 582 -1
497: 512 992 5 1 911 380 0 10 12 93 142 1129 105 -1
498: 10 -1
499: 1247 10 -1
500: 26 10 383 801 105 1129 1184 139 -1
501: 1247 10 -1
502: 765 3 1391 10 132 1 383 9 6 47 164 680 113 22 13 1269 142 74 12 43 637 -1
503: 992 10 1685 9 512 6 1106 32 164 515 -1
504: 10 1456 536 5 1631 1363 41 1611 1222 -1
505: 3 6 93 26 1383 0 5 15 10 -1
506: 290 3 10 368 384 6 1581 0 1396 444 1612 -1
507: 10 772 0 915 1602 992 1363 1383 1666 1631 -1
508: 1245 10 -1
509: 1245 10 -1
510: 132 991 0 20 430 24 10 15 992 129 6 14 109 1251 895 55 16 60 8 43 1610 734 535 1327 107 1252 -1
511: 1206 683 649 -1
512: -1
513: 15 55 -1
514: 35 5 139 42 1251 21 691 10 848 3 -1
515: 536 3 1391 22 765 10 132 1 383 6 164 9 47 680 113 13 1269 142 74 12 43 1611 883 1383 -1
516: 263 3 1396 535 1247 799 537 95 380 44 1312 277 954 -1
517: -1
518: -1
519: 11 182 1299 -1
520: 735 -1
521: 5 139 288 11 -1
522: 894 1252 849 8 734 539 535 11 -1
523: 11 388 -1
524: 538 3 512 1252 -1
525: 919 -1
526: 11 -1
527: 11 587 -1
528: 896 11 991 -1
529: 516 380 139 0 -1
530: 11 -1
531: 1480 512 772 1539 380 1652 765 1088 -1
532: 11 1395 -1
533: 11 516 1 22 5 911 -1
534: 991 11 1433 -1
535: -1
536: -1
537: 1245 -1
538: -1
539: -1
540: 20 136 383 15 19 0 3 512 93 6 112 380 5 12 1433 603 846 1396 -1
541: 22 26 1391 1259 1258 132 140 277 383 15 1 1315 0 9 3 6 1262 47 44 1261 1263 93 114 1264 1265 1266 1267 1506 895 5 13 1268 1269 516 142 1271 12 43 -1
542: 16 9 108 43 12 1 3 23 47 1391 142 6 22 765 1357 -1
543: 16 0 9 1251 43 12 1 3 22 23 47 1391 142 6 765 1357 -1
544: 264 810 51 0 26 992 20 3 15 512 93 12 1247 763 1506 1847 5 9 108 8 438 43 132 388 41 1589 801 1270 209 290 139 288 1129 69 1766 -1
545: 12 -1
546: 93 0 26 15 680 5 838 683 -1
547: 26 630 291 139 209 70 393 12 444 -1
548: 26 9 6 15 0 516 22 765 132 1 3 12 680 1275 13 142 43 895 34 8 27 -1
549: 1097 1099 1096 1098 1252 1766 512 3 12 129 780 368 182 535 1407 991 -1
550: 1539 49 383 26 1275 3 12 16 680 1568 1264 1268 853 992 -1
551: 1631 1696 1688 1692 797 1659 1660 1650 1652 1663 1664 1661 1665 1656 1668 1669 1670 1693 1694 1691 1847 570 760 35 15 0 26 9 384 146 43 8 1357 39 13 236 53 1277 106 2 383 49 1573 55 765 41 1327 761 142 1391 12 379 684 23 1611 1609 1396 685 691 1615 1094 322 93 438 47 1393 1480 22 124 1254 1675 1385 1353 126 1683 1673 1245 1674 444 726 1613 1461 770 687 395 1106 1459 264 25 182 40 428 14 -1
552: 26 0 3 6 388 109 17 384 12 43 -1
553: 16 9 108 43 12 1 3 23 47 1391 142 6 22 765 1357 -1
554: 884 1252 915 0 1486 1391 4 516 11 12 3 800 648 136 1829 -1
555: 992 896 184 535 65 1247 9 539 -1
556: 3 1391 22 765 10 1 383 6 164 9 47 680 113 13 1269 142 74 12 43 883 536 1383 -1
557: 536 3 1391 22 765 10 132 1 383 6 164 9 47 680 113 13 1269 142 74 12 43 1611 883 1383 -1
558: -1
559: -1
560: 101 1210 1230 74 1363 65 1357 13 -1
561: 383 13 1357 838 -1
562: 13 700 992 -1
563: 1327 -1
564: 1631 991 113 1 3 43 22 47 1391 142 765 13 164 -1
565: 683 -1
566: 13 41 -1
567: 388 -1
568: 41 1711 13 1357 5 1631 2 848 15 10 1220 762 -1
569: 380 -1
570: 1251 1845 1613 1611 1245 1188 1194 1639 687 1327 132 35 512 6 18 65 384 15 379 803 -1
571: 380 -1
572: 487 1568 1539 1264 1268 1263 383 16 933 1765 516 26 895 114 136 13 2 1391 1270 12 3 1275 -1
573: 264 11 26 10 383 15 1 512 1357 6 680 516 1251 146 734 5 107 13 384 16 56 8 43 -1
574: 11 -1
575: 1278 1270 106 1399 98 38 14 13 1193 688 514 8 438 891 1245 368 382 992 393 -1
576: 19 0 58 14 -1
577: 0 1391 1128 766 26 20 10 383 15 3 2 5 24 22 1270 17 14 384 13 1357 4 1184 139 379 1 1278 1191 136 -1
578: 132 991 0 20 430 24 10 15 992 129 6 14 109 1251 895 55 16 60 8 43 1610 734 535 1327 107 1252 -1
579: 6 496 15 582 596 599 590 597 586 588 580 -1
580: 15 582 596 599 590 597 586 579 -1
581: 15 -1
582: -1
583: 15 -1
584: 15 -1
585: 1251 570 515 15 -1
586: -1
587: 107 637 -1
588: 15 596 599 590 597 586 580 582 579 -1
589: 760 15 -1
590: 596 599 597 586 588 15 582 579 -1
591: 992 894 15 991 383 -1
592: 15 1245 -1
593: 15 -1
594: 15 -1
595: 992 1761 6 15 -1
596: -1
597: -1
598: 894 992 1252 15 1247 -1
599: -1
600: 849 5 1631 15 -1
601: 383 1374 5 -1
602: 231 -1
603: -1
604: 1635 16 -1
605: 603 -1
606: 16 -1
607: -1
608: 1391 380 846 1396 685 65 1395 848 11 1124 4 1245 3 393 686 991 770 2 985 -1
609: 129 27 388 5 15 2 383 132 1631 18 -1
610: 8 16 1245 -1
611: 264 131 143 3 20 26 379 1431 383 15 607 1206 512 93 464 1847 5 603 136 50 -1
612: 535 5 16 -1
613: 2 16 246 -1
614: 41 682 5 388 16 -1
615: 603 -1
616: 5 512 16 0 26 383 -1
617: 1357 0 26 20 379 132 383 15 512 6 129 86 2 109 1275 5 55 16 60 11 24 9 38 17 384 1251 21 438 8 43 537 1462 1461 1611 1590 -1
618: 16 -1
619: 603 -1
620: 894 853 16 10 2 772 992 -1
621: 883 536 896 1383 1106 720 0 512 5 15 2 16 991 516 3 11 1391 93 1390 1251 109 379 1520 535 1247 697 -1
622: -1
623: -1
624: -1
625: 9 98 17 74 681 438 -1
626: 17 -1
627: 17 -1
628: 17 -1
629: 17 -1
630: 648 113 991 26 129 93 0 760 761 762 22 763 537 764 765 17 384 766 3 516 767 393 768 769 770 64 10 383 15 772 773 774 -1
631: 1407 1792 65 1363 1454 -1
632: 1363 649 0 1631 933 9 3 512 1357 22 23 388 2 109 1602 72 683 5 17 123 74 384 13 55 50 1666 8 -1
633: 11 53 9 24 1186 579 22 1270 106 98 101 38 146 74 17 55 384 35 8 43 -1
634: 17 -1
635: 29 538 487 1270 4 1183 0 3 24 1631 848 648 9 1357 108 896 25 5 17 384 13 8 43 38 1353 15 167 -1
636: 26 1270 7 512 23 129 5 393 93 6 487 1 379 29 0 25 1381 849 607 2 34 108 383 55 136 16 1275 15 1357 132 384 24 9 74 17 13 8 43 18 20 41 507 3 765 95 394 687 796 1106 537 770 649 389 390 954 391 380 1276 142 685 955 112 4 1766 105 1129 289 290 139 1181 1195 801 1197 481 1312 1278 14 1192 1193 11 516 608 1431 1206 1359 667 -1
637: -1
638: 18 -1
639: 379 95 264 108 25 3 6 30 93 388 1506 1106 587 691 -1
640: 1363 18 1829 -1
641: 380 1650 1652 1460 1363 -1
642: 1252 535 8 1383 0 1390 848 3 393 991 132 933 770 1611 1391 1129 -1
643: 992 1751 15 1582 108 -1
644: 18 -1
645: 4 -1
646: 18 -1
647: 6 543 26 0 1390 3 393 112 934 535 -1
648: 15 384 388 760 23 512 113 0 848 683 2 368 991 6 43 -1
649: 838 1137 -1
650: 688 734 849 848 19 1 1376 1520 538 1091 1711 1097 1375 792 1137 -1
651: 3 129 80 536 19 -1
652: 538 19 -1
653: 838 1363 132 383 15 19 9 3 86 680 89 5 384 35 0 -1
654: 649 795 1 25 29 1114 6 -1
655: 19 734 86 -1
656: 734 19 538 -1
657: 851 19 -1
658: 538 780 1185 512 0 26 47 28 112 139 3 -1
659: 1383 20 389 992 1761 -1
660: 110 894 992 20 1383 5 -1
661: 992 1383 1206 20 -1
662: 20 -1
663: 20 -1
664: 648 20 -1
665: 20 -1
666: 8 438 6 15 450 683 20 3 -1
667: 489 538 688 1270 139 0 734 5 954 136 1 1183 516 -1
668: 992 1761 20 -1
669: 992 1761 20 -1
670: 20 -1
671: 20 383 -1
672: -1
673: -1
674: 992 1761 489 -1
675: 20 -1
676: 992 -1
677: -1
678: -1
679: -1
680: -1
681: 1760 -1
682: -1
683: -1
684: -1
685: -1
686: -1
687: -1
688: -1
689: 992 1761 682 683 -1
690: 21 -1
691: -1
692: 992 21 -1
693: 1543 1589 1186 260 21 684 -1
694: 21 -1
695: 21 -1
696: 209 129 4 139 649 288 21 393 3 145 -1
697: -1
698: 22 -1
699: 883 992 65 1363 22 1635 -1
700: 26 23 5 22 0 -1
701: 992 186 1761 991 113 1 3 43 22 47 1391 142 6 765 883 1383 -1
702: 772 992 1391 22 765 10 132 1 383 6 164 9 47 680 113 142 12 43 -1
703: 991 113 1 3 43 22 883 1383 -1
704: 11 9 24 1186 1602 1270 22 106 98 836 38 74 5 55 384 13 1357 688 8 43 -1
705: 1220 86 41 1383 760 108 512 121 35 132 1327 783 383 5 6 146 680 128 1601 720 1106 1548 1449 -1
706: 23 393 1183 688 -1
707: 764 27 -1
708: 1137 139 1195 1196 512 336 1609 1312 853 -1
709: 6 23 368 -1
710: 1568 394 1539 383 336 -1
711: 883 26 991 760 -1
712: 0 2 991 113 1106 23 767 1396 5 1251 535 -1
713: 375 -1
714: 992 23 884 -1
715: 23 -1
716: 23 6 1251 12 608 -1
717: 383 26 10 1396 -1
718: 911 1 516 514 145 6 3 23 2 209 1129 290 289 139 1766 -1
719: 1172 992 129 23 -1
720: 0 2 991 113 1106 23 767 1396 5 1251 535 -1
721: 23 -1
722: 58 5 288 1433 -1
723: 392 1602 510 587 108 -1
724: 538 23 139 3 136 846 11 -1
725: 992 -1
726: -1
727: 387 991 -1
728: -1
729: -1
730: 516 1396 6 1128 113 0 26 3 991 43 1251 15 5 142 24 2 67 -1
731: 41 6 108 5 24 1543 568 -1
732: 992 1252 24 9 65 539 535 -1
733: 735 -1
734: 735 -1
735: 734 -1
736: 737 1089 1561 25 -1
737: 736 1089 1561 25 -1
738: 379 380 25 991 516 -1
739: 379 25 384 0 -1
740: 848 0 25 3 1 991 129 -1
741: 1396 25 383 -1
742: 1609 -1
743: 26 -1
744: 954 139 1 26 956 1446 1183 536 -1
745: 536 883 992 129 26 1096 1098 -1
746: 26 -1
747: 26 1383 -1
748: 1609 0 512 129 388 -1
749: 992 26 1383 660 -1
750: 992 -1
751: 139 290 1609 -1
752: 139 1609 -1
753: 992 26 557 -1
754: 20 26 -1
755: 1099 535 26 113 991 915 1761 -1
756: 26 -1
757: 1610 26 93 393 933 487 -1
758: 1245 992 26 -1
759: 113 393 26 -1
760: -1
761: -1
762: -1
763: -1
764: -1
765: 225 -1
766: -1
767: -1
768: -1
769: -1
770: -1
771: -1
772: -1
773: -1
774: -1
775: 992 537 27 393 -1
776: 1383 27 -1
777: 80 27 -1
778: 1746 992 991 0 27 883 -1
779: 28 1106 -1
780: 26 649 383 0 1206 3 512 93 6 47 608 112 29 11 1480 683 -1
781: 0 26 28 -1
782: 1396 1248 142 28 3 -1
783: 15 0 9 512 680 28 1589 5 55 12 11 -1
784: 29 -1
785: 29 883 -1
786: 29 -1
787: 29 -1
788: 0 29 390 -1
789: 1693 29 -1
790: 29 883 -1
791: 1 62 29 -1
792: 849 182 1829 848 3 29 1247 734 538 535 1095 106 1527 1520 -1
793: 29 512 -1
794: 65 538 29 1095 -1
795: 29 19 -1
796: 803 -1
797: 1666 685 1458 35 1251 691 1245 1631 -1
798: -1
799: -1
800: -1
801: -1
802: -1
803: -1
804: -1
805: -1
806: 209 1353 667 1354 129 1355 1356 1357 516 1359 1360 1183 1361 11 1363 1358 393 1362 -1
807: -1
808: 31 -1
809: 1099 1098 1097 -1
810: -1
811: -1
812: -1
813: -1
814: 139 69 1823 290 288 231 1827 1828 -1
815: -1
816: -1
817: 34 -1
818: 1245 77 537 -1
819: 34 -1
820: 34 -1
821: 129 35 -1
822: 35 -1
823: 1383 8 129 838 9 1631 15 106 1696 145 682 93 1652 128 1363 35 -1
824: -1
825: -1
826: 824 36 -1
827: -1
828: 36 827 -1
829: 36 -1
830: 1711 289 1129 4 139 105 1456 1766 209 393 1270 1765 1312 801 37 288 136 97 800 1198 -1
831: 814 290 -1
832: 6 19 1480 136 512 380 390 139 37 -1
833: 37 139 209 -1
834: 1137 37 -1
835: 26 39 37 -1
836: -1
837: 637 -1
838: -1
839: 38 -1
840: 38 803 -1
841: 38 -1
842: 1838 39 -1
843: 39 992 883 -1
844: 39 -1
845: -1
846: -1
847: 142 107 1615 93 766 1610 765 3 1 113 106 -1
848: -1
849: -1
850: -1
851: -1
852: 315 -1
853: 41 -1
854: 883 41 -1
855: 41 -1
856: 41 -1
857: 863 41 -1
858: 41 -1
859: 41 -1
860: 41 86 388 109 -1
861: 992 41 -1
862: 41 -1
863: -1
864: 1589 41 -1
865: 41 1589 -1
866: 863 41 -1
867: 41 -1
868: 41 -1
869: 41 -1
870: 41 -1
871: 41 -1
872: 41 -1
873: 41 -1
874: 41 -1
875: 41 -1
876: 41 -1
877: -1
878: -1
879: 882 -1
880: 881 -1
881: -1
882: 878 879 888 886 887 -1
883: -1
884: -1
885: -1
886: -1
887: -1
888: -1
889: 1140 -1
890: 139 1270 1312 58 1109 42 -1
891: -1
892: -1
893: -1
894: -1
895: -1
896: -1
897: -1
898: -1
899: -1
900: 43 -1
901: 43 -1
902: 893 43 -1
903: 992 15 1251 515 895 933 -1
904: 992 1251 515 895 -1
905: 43 -1
906: 9 43 -1
907: 109 535 43 538 -1
908: 760 1748 991 729 43 -1
909: 992 883 43 -1
910: 897 43 -1
911: 1766 1124 512 290 895 43 1248 535 1396 1406 1792 0 9 15 992 514 368 382 -1
912: 941 898 915 43 -1
913: 991 43 537 992 -1
914: 43 1245 -1
915: -1
916: 915 -1
917: 1385 516 992 129 136 44 535 1312 -1
918: 44 93 -1
919: 380 44 985 512 516 105 1330 136 93 394 933 2 1765 -1
920: 44 3 -1
921: 44 -1
922: 9 -1
923: 1265 45 766 -1
924: 1312 394 -1
925: 853 1077 -1
926: 44 187 1 -1
927: 105 1312 290 1766 1847 846 1265 1609 11 -1
928: 1096 884 1822 394 516 3 4 1609 1312 -1
929: 22 26 1391 1259 1258 132 140 277 383 15 1 1315 0 1260 9 3 6 1262 47 44 1261 1263 93 114 1264 1265 1266 1267 1275 895 5 13 1268 1269 516 142 1271 12 43 -1
930: 139 800 1195 1197 801 481 1129 288 1181 1766 4 105 1312 -1
931: -1
932: 45 -1
933: 487 -1
934: -1
935: -1
936: 992 -1
937: 992 1761 142 47 3 883 -1
938: 992 883 47 -1
939: 992 883 47 -1
940: 47 -1
941: -1
942: -1
943: -1
944: -1
945: 48 -1
946: 516 1247 -1
947: 48 -1
948: 1262 49 -1
949: 1262 49 1271 -1
950: 680 383 -1
951: 954 58 19 129 955 956 -1
952: 954 58 19 129 955 956 -1
953: 954 956 58 19 129 955 -1
954: 5 50 -1
955: 512 -1
956: -1
957: 993 994 995 996 997 998 999 1000 1001 1002 1003 1004 1005 1006 1007 1008 1009 1010 1011 1012 1013 1014 1015 1016 1017 1018 1019 1020 1021 1022 1023 1024 1025 1026 1027 1028 1029 1030 1031 1032 1033 1034 1035 1036 1037 1038 1039 1040 1041 1042 1043 1044 1045 1046 1047 1048 1049 1050 1051 1052 1053 1054 1055 1056 1057 1058 1059 1060 1061 1062 1063 1064 1065 1066 1067 1068 1069 1070 1071 1072 1073 1074 -1
958: 649 0 1363 1631 933 9 3 512 1357 22 23 388 2 109 1602 72 683 5 17 123 74 384 13 55 50 1666 8 -1
959: 50 587 -1
960: 50 587 -1
961: 1540 1541 1542 954 19 1545 1546 -1
962: 50 -1
963: 50 1831 -1
964: 1831 -1
965: -1
966: -1
967: 0 26 848 1 51 105 3 129 1129 -1
968: 1098 -1
969: 0 26 848 1 51 105 3 129 1129 -1
970: 983 985 986 -1
971: 983 985 986 -1
972: 983 985 986 -1
973: 983 985 986 -1
974: -1
975: 983 -1
976: 983 -1
977: 983 -1
978: 983 -1
979: 983 -1
980: 983 -1
981: 983 -1
982: -1
983: -1
984: -1
985: -1
986: -1
987: 983 985 986 -1
988: 974 52 62 -1
989: 983 985 986 -1
990: 970 971 972 973 974 975 976 977 978 979 980 981 982 983 984 52 985 986 -1
991: -1
992: 676 -1
993: 997 999 1000 1003 1004 1005 1006 1007 1008 1009 1010 1011 1012 1013 1014 1015 1016 1017 1018 1019 1020 1021 1022 1023 1024 1025 1026 1027 1028 1029 1030 1031 1032 1033 1034 1035 1036 1037 1038 1039 1040 1041 1042 1043 1044 1045 1046 1047 1048 1049 1050 1051 1052 1053 1054 1055 1056 1057 1058 1059 1060 1061 1062 1063 1064 1065 1066 1067 1068 1069 1070 1071 1074 -1
994: -1
995: -1
996: -1
997: -1
998: -1
999: -1
1000: -1
1001: 1831 -1
1002: -1
1003: -1
1004: -1
1005: -1
1006: -1
1007: -1
1008: -1
1009: -1
1010: -1
1011: -1
1012: -1
1013: -1
1014: -1
1015: -1
1016: -1
1017: -1
1018: -1
1019: -1
1020: -1
1021: -1
1022: -1
1023: -1
1024: -1
1025: -1
1026: -1
1027: -1
1028: -1
1029: -1
1030: -1
1031: -1
1032: -1
1033: -1
1034: -1
1035: -1
1036: -1
1037: -1
1038: -1
1039: -1
1040: -1
1041: -1
1042: -1
1043: -1
1044: -1
1045: -1
1046: -1
1047: -1
1048: -1
1049: -1
1050: -1
1051: -1
1052: -1
1053: -1
1054: -1
1055: -1
1056: -1
1057: -1
1058: -1
1059: -1
1060: -1
1061: -1
1062: -1
1063: -1
1064: -1
1065: -1
1066: -1
1067: -1
1068: -1
1069: -1
1070: -1
1071: -1
1072: -1
1073: -1
1074: -1
1075: 142 -1
1076: 993 994 995 996 997 998 999 1000 1001 1002 1003 1004 1005 1006 1007 1008 1009 1010 1011 1012 1013 1014 1015 1016 1017 1018 1019 1020 1021 1022 1023 1024 1025 1026 1027 1028 1029 1030 1031 1032 1033 1034 1035 1036 1037 1038 1039 1040 1041 1042 1043 1044 1045 1046 1047 1048 1049 1050 1051 1052 1053 1054 1055 1056 1057 1058 1059 1060 1061 1062 1063 1064 1065 1066 1067 1068 1069 1070 1071 1072 1073 1074 -1
1077: 894 992 55 -1
1078: 55 -1
1079: 55 -1
1080: -1
1081: 55 -1
1082: 383 853 55 65 -1
1083: 55 -1
1084: 1269 -1
1085: 1087 55 -1
1086: 55 -1
1087: -1
1088: 5 799 12 1252 10 3 9 683 735 26 760 55 383 -1
1089: 992 0 849 516 2 760 683 41 5 55 8 535 735 -1
1090: 55 11 -1
1091: 1822 1097 1098 1099 -1
1092: -1
1093: 1752 1753 1754 1755 1756 1757 1758 209 780 1759 3 1590 783 1760 383 8 1761 1762 1763 1764 1765 139 1766 1767 1768 1769 1770 1771 1772 430 1773 1774 -1
1094: -1
1095: -1
1096: -1
1097: -1
1098: -1
1099: -1
1100: 1097 1098 1099 1520 56 -1
1101: 56 -1
1102: 56 1838 -1
1103: 538 1097 1098 1099 -1
1104: 391 0 56 -1
1105: 57 -1
1106: 895 933 15 1251 57 382 1115 -1
1107: 58 -1
1108: 58 139 -1
1109: 20 -1
1110: 58 992 1077 -1
1111: 58 139 1253 289 -1
1112: 992 896 -1
1113: 1222 512 58 11 3 536 896 -1
1114: 992 -1
1115: -1
1116: -1
1117: 992 26 991 -1
1118: 1080 5 683 15 26 -1
1119: 3 515 58 142 649 -1
1120: 19 60 395 -1
1121: 10 535 0 848 60 4 -1
1122: 1220 0 26 20 1631 379 383 15 19 512 6 93 536 680 2 108 1506 683 1847 25 65 5 603 60 816 587 -1
1123: -1
1124: -1
1125: -1
1126: -1
1127: -1
1128: -1
1129: 290 -1
1130: 992 61 1125 1431 5 -1
1131: 93 61 11 1124 911 3 1 380 1094 648 1248 1406 0 15 5 801 1433 1270 -1
1132: 1822 1792 129 11 61 1134 1635 -1
1133: 1 129 7 970 61 21 1348 20 8 570 17 11 0 38 13 4 1357 27 462 55 3 23 43 19 805 -1
1134: -1
1135: 62 139 26 0 -1
1136: 63 -1
1137: -1
1138: 63 -1
1139: 63 -1
1140: 1141 -1
1141: -1
1142: 1134 1140 -1
1143: -1
1144: -1
1145: -1
1146: 1454 -1
1147: 660 557 954 1395 685 444 1245 182 -1
1148: 65 -1
1149: 1693 1454 1395 65 132 444 1253 -1
1150: 1096 379 849 517 129 896 734 5 65 0 538 883 182 1829 1520 106 1375 1091 8 1792 1407 1822 1833 915 1097 1518 884 1143 1098 1831 1099 1838 1383 558 -1
1151: 260 1245 1247 537 65 992 26 760 9 132 -1
1152: 512 5 992 1761 93 0 1136 -1
1153: 1395 65 132 444 1253 182 734 1099 1097 884 1098 -1
1154: 65 -1
1155: 992 1383 3 1 129 65 -1
1156: 1396 538 734 933 65 129 7 4 516 537 535 1299 182 1520 1091 404 -1
1157: 65 1395 -1
1158: 65 1406 1247 -1
1159: 1383 65 -1
1160: 1276 1363 1631 86 13 43 95 3 6 762 680 1329 608 128 30 1847 1395 954 1396 536 760 798 121 1556 41 11 587 535 -1
1161: 1166 1168 -1
1162: 1168 -1
1163: 1168 -1
1164: -1
1165: 1168 -1
1166: -1
1167: -1
1168: -1
1169: 1166 1167 1168 -1
1170: -1
1171: -1
1172: 67 -1
1173: 68 -1
1174: 68 -1
1175: 68 -1
1176: 68 -1
1177: 1838 4 1124 136 11 933 1096 1097 1099 -1
1178: 68 -1
1179: 915 -1
1180: 68 -1
1181: -1
1182: 1829 1711 -1
1183: -1
1184: 1765 1270 1456 291 260 -1
1185: -1
1186: -1
1187: -1
1188: -1
1189: -1
1190: -1
1191: -1
1192: 512 -1
1193: -1
1194: -1
1195: -1
1196: -1
1197: -1
1198: -1
1199: 1097 1099 1098 -1
1200: 1097 1099 1098 -1
1201: 1097 1099 1098 -1
1202: 1097 1099 1098 -1
1203: 1097 1099 1098 -1
1204: 1097 1099 1098 -1
1205: 1097 1099 1098 -1
1206: -1
1207: 129 0 1766 5 209 23 139 56 1433 1198 70 -1
1208: 393 1765 70 288 -1
1209: 105 70 -1
1210: -1
1211: 1215 1212 1217 -1
1212: 1215 1211 -1
1213: 1211 1212 -1
1214: 1211 1212 -1
1215: 1211 1212 -1
1216: 1211 1212 -1
1217: 1211 1212 -1
1218: 1211 1212 -1
1219: 1211 1212 -1
1220: 1099 264 -1
1221: 72 1602 587 -1
1222: -1
1223: 1229 -1
1224: -1
1225: 1228 1229 -1
1226: 1228 1229 -1
1227: 1228 1229 -1
1228: -1
1229: -1
1230: -1
1231: 1847 -1
1232: 1847 -1
1233: 1230 -1
1234: -1
1235: 74 -1
1236: 74 -1
1237: 74 -1
1238: 1827 1828 -1
1239: 1242 1240 -1
1240: -1
1241: -1
1242: 1239 -1
1243: -1
1244: -1
1245: -1
1246: -1
1247: 1245 -1
1248: -1
1249: -1
1250: -1
1251: 108 -1
1252: -1
1253: -1
1254: -1
1255: 992 1761 -1
1256: 1275 992 1761 277 78 -1
1257: 22 26 1258 132 1259 15 0 1260 1261 9 3 1262 6 47 1263 2 93 1264 1265 1266 1267 5 13 1268 1269 516 12 1270 49 1271 43 -1
1258: -1
1259: -1
1260: -1
1261: -1
1262: 1558 -1
1263: -1
1264: -1
1265: -1
1266: -1
1267: -1
1268: -1
1269: -1
1270: -1
1271: -1
1272: -1
1273: 79 -1
1274: 22 26 44 1391 1258 132 1259 15 0 1260 1261 9 3 1262 6 47 1263 2 93 1264 1265 1266 1267 5 13 1268 1269 516 142 12 1270 49 1271 43 -1
1275: 1506 -1
1276: -1
1277: -1
1278: -1
1279: 9 80 0 2 129 387 894 992 -1
1280: -1
1281: 1297 -1
1282: 1293 1297 -1
1283: 1293 1297 -1
1284: 1297 -1
1285: 1297 -1
1286: 1297 -1
1287: 1297 -1
1288: 1297 -1
1289: 1297 -1
1290: 1297 -1
1291: 1293 1297 -1
1292: 1293 1297 -1
1293: -1
1294: 1293 -1
1295: 1293 1297 -1
1296: 1293 1297 -1
1297: -1
1298: 1293 -1
1299: 1300 1301 1305 -1
1300: 1299 1301 1302 1303 1304 1305 1306 1307 1308 1318 1321 1319 1320 1322 -1
1301: 1299 1300 1302 1303 1304 1305 1306 1307 1308 1318 1319 1320 1321 1322 -1
1302: 1300 1301 1305 -1
1303: -1
1304: -1
1305: 1300 1303 1304 1306 1307 1308 1299 1318 1319 1320 1321 1322 -1
1306: -1
1307: 1300 1301 1305 -1
1308: 1300 1301 1305 -1
1309: -1
1310: -1
1311: -1
1312: 916 -1
1313: -1
1314: -1
1315: -1
1316: -1
1317: -1
1318: 1300 1301 1305 -1
1319: 1300 1301 1305 -1
1320: 1300 1301 1305 -1
1321: 1300 1301 1305 -1
1322: 1300 1301 1305 -1
1323: 1325 -1
1324: 85 -1
1325: -1
1326: 992 86 1383 883 -1
1327: 1637 1638 1639 1651 1653 1667 1661 1666 551 1657 1684 86 1360 1696 1688 1631 -1
1328: 1363 388 368 760 -1
1329: -1
1330: -1
1331: 991 0 3 142 -1
1332: 1 0 992 991 2 220 -1
1333: 87 -1
1334: -1
1335: 90 -1
1336: 91 -1
1337: -1
1338: -1
1339: -1
1340: 92 -1
1341: 264 131 143 3 20 26 379 1431 383 15 607 1206 512 93 464 1847 5 603 136 50 -1
1342: 184 93 -1
1343: 93 -1
1344: 129 93 1385 -1
1345: 3 6 93 26 1383 0 5 15 10 -1
1346: 0 129 1391 383 516 93 6 3 112 -1
1347: 849 848 93 8 538 535 182 1 -1
1348: 10 5 26 93 -1
1349: 765 5 512 383 15 1847 129 991 142 107 93 1615 766 1610 3 1 113 106 -1
1350: 0 380 5 -1
1351: 0 93 1096 1099 -1
1352: 1263 -1
1353: -1
1354: -1
1355: -1
1356: -1
1357: -1
1358: 1140 -1
1359: -1
1360: -1
1361: -1
1362: 315 -1
1363: -1
1364: -1
1365: -1
1366: 516 3 129 139 11 2 1 5 512 0 -1
1367: -1
1368: -1
1369: -1
1370: 5 209 139 11 516 84 -1
1371: -1
1372: 992 94 8 535 -1
1373: -1
1374: 1539 95 -1
1375: -1
1376: -1
1377: 1096 884 1098 1097 1099 1831 -1
1378: 1829 1520 535 538 182 1091 -1
1379: 1096 884 1098 1097 1099 1831 -1
1380: 1520 -1
1381: -1
1382: -1
1383: -1
1384: -1
1385: -1
1386: -1
1387: -1
1388: -1
1389: 649 -1
1390: 388 637 -1
1391: -1
1392: -1
1393: -1
1394: 1506 -1
1395: 1143 1144 1145 -1
1396: -1
1397: -1
1398: 805 -1
1399: 98 -1
1400: 98 15 -1
1401: -1
1402: 99 -1
1403: 99 -1
1404: 99 637 -1
1405: 99 -1
1406: -1
1407: -1
1408: -1
1409: -1
1410: 1415 -1
1411: 1415 -1
1412: 1415 -1
1413: 1415 -1
1414: 1415 -1
1415: 1408 1409 -1
1416: 1415 -1
1417: -1
1418: -1
1419: -1
1420: -1
1421: 1415 1417 1418 1419 1420 -1
1422: 105 -1
1423: 105 -1
1424: 105 -1
1425: 105 -1
1426: -1
1427: 139 800 1195 1197 801 481 1129 288 1181 1766 4 105 1312 -1
1428: 105 -1
1429: 516 991 109 105 1092 -1
1430: 3 136 105 4 1092 933 538 -1
1431: 516 1391 991 0 1093 6 1129 105 4 -1
1432: 105 -1
1433: 139 1270 75 4 105 -1
1434: 105 1426 -1
1435: 139 129 -1
1436: 1426 105 -1
1437: -1
1438: 106 -1
1439: 106 1558 1847 -1
1440: 106 -1
1441: 106 -1
1442: 106 -1
1443: -1
1444: 108 -1
1445: 1327 444 108 799 379 1611 1613 1460 -1
1446: -1
1447: 1693 -1
1448: 992 6 760 35 1357 1847 -1
1449: 0 1194 129 108 5 -1
1450: 108 -1
1451: 41 5 108 23 992 -1
1452: 26 4 108 -1
1453: 108 512 5 26 6 1252 -1
1454: 1099 1097 -1
1455: 108 691 -1
1456: 1099 1097 -1
1457: 108 -1
1458: 687 1611 108 1631 1711 -1
1459: -1
1460: 637 -1
1461: -1
1462: -1
1463: 109 -1
1464: 536 109 -1
1465: 1099 11 3 537 1456 992 536 182 1134 -1
1466: 3 109 6 -1
1467: 109 -1
1468: 1251 132 109 -1
1469: 991 2 109 -1
1470: 109 -1
1471: 109 -1
1472: 1466 181 182 535 379 517 129 65 5 3 109 6 489 896 1098 1099 884 1097 1792 976 915 -1
1473: 110 -1
1474: 110 -1
1475: 110 536 -1
1476: 110 1693 -1
1477: 110 -1
1478: 992 1609 110 883 -1
1479: 1761 992 186 557 110 536 1383 883 -1
1480: 1609 883 992 676 382 110 103 118 -1
1481: 110 536 -1
1482: 110 -1
1483: 883 992 110 -1
1484: 110 -1
1485: 110 -1
1486: -1
1487: 825 111 -1
1488: 111 -1
1489: 992 111 771 -1
1490: 129 512 608 770 1247 111 -1
1491: 111 1096 1098 1099 1838 -1
1492: 770 111 -1
1493: 805 991 393 933 770 111 3 7 1 535 9 1247 538 1518 65 1252 1097 1098 1099 1454 -1
1494: 992 111 771 -1
1495: 535 991 393 933 770 111 3 7 -1
1496: 1096 1097 991 1822 1833 111 -1
1497: 111 -1
1498: 3 111 -1
1499: 1252 535 8 1383 0 1390 848 3 393 991 132 933 770 1611 1391 1129 -1
1500: -1
1501: -1
1502: -1
1503: -1
1504: -1
1505: 136 3 6 112 11 516 -1
1506: -1
1507: 145 113 535 1375 1527 1454 1829 1099 -1
1508: 113 -1
1509: 538 1252 8 113 1247 1096 1098 1099 -1
1510: 113 991 0 -1
1511: 637 -1
1512: 113 -1
1513: 1097 1099 637 -1
1514: 379 113 -1
1515: -1
1516: 114 -1
1517: 115 -1
1518: -1
1519: 1847 1406 -1
1520: -1
1521: -1
1522: 1520 1527 -1
1523: 1520 -1
1524: 1521 -1
1525: 1520 -1
1526: 1520 1527 -1
1527: 1520 -1
1528: 1520 1527 -1
1529: 1520 1527 -1
1530: 1520 1527 -1
1531: 1521 -1
1532: 1520 1527 -1
1533: 117 -1
1534: 1520 1521 1527 -1
1535: 117 -1
1536: 1520 1527 -1
1537: 1520 1521 1527 -1
1538: 118 -1
1539: -1
1540: -1
1541: -1
1542: -1
1543: 1631 128 6 992 1251 41 -1
1544: 1542 1545 1546 -1
1545: -1
1546: -1
1547: 121 1556 1631 -1
1548: -1
1549: 1540 1541 1542 1545 1546 -1
1550: 1631 1691 128 1612 1327 3 291 121 -1
1551: 1556 121 -1
1552: 1540 1541 1542 1545 1546 -1
1553: 15 1761 9 106 121 1556 10 55 8 -1
1554: 15 1761 9 106 121 1556 10 55 8 -1
1555: 15 1761 9 106 121 1556 10 55 -1
1556: 992 5 10 0 260 93 86 -1
1557: -1
1558: -1
1559: -1
1560: -1
1561: -1
1562: 535 -1
1563: -1
1564: -1
1565: -1
1566: -1
1567: -1
1568: -1
1569: -1
1570: -1
1571: 838 -1
1572: -1
1573: -1
1574: -1
1575: -1
1576: -1
1577: -1
1578: -1
1579: -1
1580: -1
1581: -1
1582: -1
1583: 649 0 1363 1631 933 9 3 512 1357 22 23 388 2 109 1602 72 683 5 17 123 74 384 13 55 50 1666 8 -1
1584: 123 -1
1585: 649 0 1363 10 1631 1124 136 933 1270 7 9 512 3 1357 129 22 6 23 1183 393 516 1094 388 575 11 2 109 1602 1129 1251 1 1506 72 683 691 5 17 123 74 384 13 55 139 105 50 688 8 1359 1766 -1
1586: 13 1631 1658 123 15 5 322 324 9 -1
1587: 1573 123 -1
1588: -1
1589: -1
1590: 325 -1
1591: -1
1592: -1
1593: -1
1594: 1592 125 -1
1595: 126 -1
1596: 127 1711 -1
1597: 127 -1
1598: 127 -1
1599: 127 -1
1600: -1
1601: -1
1602: 1674 1675 1677 1676 1678 1680 1679 -1
1603: -1
1604: -1
1605: 128 -1
1606: 1542 1631 1691 128 1612 1327 799 1545 1546 -1
1607: 1329 128 -1
1608: 587 128 1602 1601 -1
1609: -1
1610: -1
1611: 15 1612 1676 1679 1680 1681 1678 1631 1693 1697 -1
1612: -1
1613: 35 5 323 6 -1
1614: -1
1615: -1
1616: -1
1617: 86 129 139 393 -1
1618: 992 536 1383 129 1077 -1
1619: 182 1520 129 522 538 -1
1620: 1829 538 129 992 1247 -1
1621: 129 -1
1622: 883 992 1096 1098 -1
1623: 129 535 -1
1624: 129 3 5 853 992 637 -1
1625: 129 -1
1626: 130 -1
1627: 130 -1
1628: -1
1629: -1
1630: -1
1631: 1637 1638 1639 1640 1641 1642 1643 1644 1645 1646 1647 1648 1649 1650 1651 1652 1653 1654 1655 1656 1657 1658 1659 1660 1661 1662 1663 1664 1665 1666 1667 1668 1669 1670 551 1671 1672 1673 1602 1674 1612 1675 1676 1677 1678 1679 1680 1681 1682 1683 797 1684 1685 1686 1687 41 1688 1689 1690 1691 1692 1693 1694 1695 1696 1697 -1
1632: -1
1633: -1
1634: -1
1635: -1
1636: 131 1838 -1
1637: 1652 1661 1659 1696 1688 1670 1631 -1
1638: 1652 1661 1696 1688 1670 1631 -1
1639: 1652 1661 1683 1245 1696 1688 1670 1631 -1
1640: 1652 1661 1674 1602 1696 1688 1670 1631 -1
1641: 1652 1661 1696 1688 1670 1631 -1
1642: 1652 1661 1245 1696 1688 1670 1631 -1
1643: 1652 1661 1696 1688 1670 1631 -1
1644: 1652 1661 1696 1688 1670 1631 -1
1645: 1652 1661 1696 1688 1670 1631 -1
1646: 1652 1661 1696 1688 1670 1631 -1
1647: 1652 1661 1696 1688 1670 1631 -1
1648: 1652 1661 1696 1688 1670 1631 -1
1649: 1652 1661 1696 1688 1670 1631 -1
1650: 1640 1641 1642 1643 1644 1645 1646 1647 1648 1649 1651 1653 1631 1661 1696 1688 -1
1651: 1652 1661 1696 1688 1631 -1
1652: 1637 1638 1639 1651 1653 1667 1661 1666 551 1657 1684 86 1360 1696 1688 1631 -1
1653: 1652 1661 1696 1688 1631 -1
1654: 1656 1602 1673 1696 1652 1631 -1
1655: 1631 1674 -1
1656: -1
1657: 1656 1631 -1
1658: 1631 -1
1659: -1
1660: -1
1661: 1631 1674 1683 797 1245 1611 1327 1670 -1
1662: 1674 1245 797 1631 -1
1663: 1631 1661 1696 1688 -1
1664: -1
1665: -1
1666: 1683 1106 687 797 507 1631 -1
1667: 1650 1652 1631 -1
1668: 1612 -1
1669: 1631 -1
1670: 1696 1688 1640 1641 1642 1643 1644 1645 1646 1647 1648 1649 1651 1653 1637 1638 1639 1661 1631 -1
1671: 1631 1659 1660 1661 1670 1696 1688 -1
1672: 1631 1656 1650 1652 1663 1673 1360 1674 1683 797 1686 1692 1690 1691 1693 1694 1688 1696 1659 1660 1661 1664 1665 1668 1669 1670 -1
1673: -1
1674: 15 1612 1676 1679 1680 1681 1678 1631 1693 1697 -1
1675: -1
1676: 1611 1612 1675 1677 -1
1677: 1631 -1
1678: 1631 1612 -1
1679: -1
1680: -1
1681: -1
1682: 1631 -1
1683: 1631 -1
1684: 1652 1631 -1
1685: -1
1686: -1
1687: -1
1688: -1
1689: -1
1690: 1631 1691 1612 1676 1661 895 1693 1694 -1
1691: -1
1692: 1631 -1
1693: -1
1694: 1631 -1
1695: 1631 797 -1
1696: -1
1697: -1
1698: 1383 132 883 -1
1699: 915 1363 1247 1222 1709 536 587 1631 132 -1
1700: 578 1247 -1
1701: 512 516 919 -1
1702: 1847 1375 1706 -1
1703: 1602 132 444 -1
1704: 132 -1
1705: 992 883 132 1363 -1
1706: -1
1707: 132 1363 -1
1708: 1650 1652 1683 1674 1673 1670 1663 797 1631 -1
1709: 992 132 -1
1710: -1
1711: -1
1712: -1
1713: -1
1714: -1
1715: -1
1716: -1
1717: -1
1718: -1
1719: -1
1720: 1729 -1
1721: 1712 1713 1714 1715 1716 1717 1718 1720 1730 1731 1732 1733 1734 1735 1736 1737 1738 1739 1740 1741 1742 1743 -1
1722: -1
1723: -1
1724: -1
1725: -1
1726: 1729 -1
1727: 1712 1713 1714 1715 1716 1717 1718 1720 1730 1731 1732 1733 1734 1735 1736 1737 1738 1739 1740 1741 1742 1743 -1
1728: 1712 1713 1714 1715 1716 1717 1718 1720 1730 1731 1732 1733 1734 1735 1736 1737 1738 1739 1740 1741 1742 1743 -1
1729: 1712 1713 1714 1715 1716 1717 1718 1720 1730 1731 1732 1733 1734 1735 1736 1737 1738 1739 1740 1741 1742 1743 -1
1730: -1
1731: -1
1732: -1
1733: -1
1734: -1
1735: -1
1736: -1
1737: -1
1738: -1
1739: -1
1740: -1
1741: -1
1742: -1
1743: -1
1744: 134 -1
1745: 134 -1
1746: -1
1747: -1
1748: -1
1749: -1
1750: -1
1751: -1
1752: -1
1753: -1
1754: -1
1755: -1
1756: -1
1757: -1
1758: -1
1759: -1
1760: -1
1761: -1
1762: -1
1763: -1
1764: -1
1765: -1
1766: 1765 1270 1456 291 260 -1
1767: -1
1768: -1
1769: -1
1770: -1
1771: -1
1772: -1
1773: -1
1774: 1796 -1
1775: 884 1099 538 136 129 512 883 1635 1134 -1
1776: 992 -1
1777: 136 -1
1778: 1099 544 -1
1779: 136 -1
1780: 136 -1
1781: 1134 142 136 933 -1
1782: 896 538 26 136 -1
1783: 136 -1
1784: 26 136 -1
1785: 136 -1
1786: 136 -1
1787: 136 -1
1788: 5 136 11 -1
1789: 933 136 -1
1790: 136 -1
1791: 136 -1
1792: -1
1793: -1
1794: 1792 1796 1802 1801 1818 1819 1815 -1
1795: -1
1796: -1
1797: -1
1798: -1
1799: -1
1800: -1
1801: -1
1802: -1
1803: -1
1804: -1
1805: -1
1806: -1
1807: 985 -1
1808: -1
1809: -1
1810: -1
1811: -1
1812: -1
1813: -1
1814: -1
1815: -1
1816: -1
1817: -1
1818: -1
1819: -1
1820: -1
1821: -1
1822: -1
1823: 290 1827 1828 -1
1824: -1
1825: -1
1826: -1
1827: -1
1828: -1
1829: -1
1830: -1
1831: -1
1832: -1
1833: -1
1834: 140 -1
1835: 140 277 383 -1
1836: 688 838 649 516 4 3 991 140 2 -1
1837: -1
1838: -1
1839: 142 -1
1840: 142 -1
1841: 142 -1
1842: 142 -1
1843: 3 142 60 544 516 -1
1844: -1
1845: -1
1846: -1
1847: -1
1848: 144 516 -1
1849: 144 -1
