0: 110 111 112 113 114 115 3 116 117 1 -1
1: 155 -1
2: -1
3: 219 220 221 222 223 224 225 226 227 228 229 230 231 232 233 28 234 235 236 237 238 239 240 20 15 241 242 243 1 0 244 245 246 117 -1
4: 282 289 291 0 243 1 292 293 295 -1
5: 304 305 223 306 307 308 312 313 314 317 318 246 7 -1
6: 330 0 331 332 333 16 334 335 336 337 338 339 340 243 341 342 343 344 345 346 347 348 349 350 351 352 353 354 355 356 357 358 359 360 361 362 363 364 365 366 367 368 369 370 371 372 373 374 375 376 377 378 379 380 381 382 383 384 385 386 387 388 389 390 391 392 393 394 395 396 397 398 399 400 401 402 403 404 405 406 407 408 409 410 411 412 413 414 415 416 417 418 419 420 421 422 423 424 425 426 427 428 429 430 431 432 433 434 435 112 436 437 438 439 440 441 442 443 313 444 445 446 447 448 449 450 451 452 453 454 455 456 457 458 459 460 461 462 463 464 465 466 467 468 469 470 471 472 473 474 475 476 477 478 479 480 481 482 483 484 485 486 487 488 244 489 490 491 492 493 494 495 496 497 498 499 500 501 502 503 504 -1
7: 519 520 521 522 523 -1
8: -1
9: 560 561 562 -1
10: 576 577 -1
11: 576 577 -1
12: -1
13: 610 611 -1
14: 619 622 -1
15: -1
16: 644 645 646 -1
17: 663 117 0 665 666 667 -1
18: -1
19: -1
20: 695 696 -1
21: 697 -1
22: 706 707 708 709 -1
23: 717 718 551 719 3 0 720 116 117 721 722 -1
24: -1
25: -1
26: -1
27: -1
28: 739 -1
29: 744 0 745 -1
30: 747 748 -1
31: 750 0 224 751 752 753 754 357 755 756 757 454 219 117 758 390 40 759 760 761 -1
32: 772 -1
33: 781 -1
34: 116 782 1187 0 -1
35: 785 -1
36: 787 -1
37: 788 790 791 793 794 795 796 797 798 799 800 801 -1
38: 805 807 808 809 810 811 812 813 814 815 816 -1
39: 819 820 559 821 224 823 824 116 0 825 826 827 828 829 830 831 832 833 834 718 835 836 838 839 840 841 842 843 424 844 845 488 846 520 847 293 848 849 850 438 851 294 852 853 854 855 856 857 858 -1
40: -1
41: -1
42: -1
43: 923 924 925 926 927 -1
44: -1
45: -1
46: -1
47: 954 955 956 957 -1
48: 805 958 -1
49: -1
50: 1 965 -1
51: -1
52: 971 972 973 974 975 976 977 978 979 1 439 477 478 243 980 244 981 -1
53: 698 -1
54: 988 989 990 991 992 993 994 995 996 997 998 999 1000 1001 1002 1003 1004 1005 1006 1007 1008 1009 1010 1011 1012 1013 1014 -1
55: 187 -1
56: 1018 988 1019 1020 1021 1022 1023 1024 1025 1026 1027 1028 1029 1030 1031 1032 1033 1034 1035 1036 1015 -1
57: -1
58: 187 -1
59: 1043 1044 1045 1046 1047 -1
60: 1053 1054 363 -1
61: 155 1055 444 0 -1
62: -1
63: 1057 -1
64: 117 1059 116 0 1 334 454 1060 1061 1062 291 718 1063 -1
65: 1068 1069 1070 1071 110 1072 1073 1074 -1
66: 224 1075 1076 1078 -1
67: 1080 1081 1082 -1
68: 1084 -1
69: 1089 1090 -1
70: 805 242 1094 1095 1096 -1
71: 1100 1101 1102 1103 1104 1105 1106 1107 1108 1109 -1
72: -1
73: 2 -1
74: 1111 -1
75: 1112 -1
76: -1
77: 1113 -1
78: 1114 -1
79: 1116 -1
80: 1117 -1
81: 1118 -1
82: 116 -1
83: 1119 1120 1121 1122 1123 1124 1125 1126 1127 1128 -1
84: 243 1 -1
85: 243 -1
86: 1129 1130 1131 1132 1133 1134 -1
87: 1143 562 -1
88: 236 1144 44 1145 -1
89: 1143 562 -1
90: 1146 1147 1148 1149 1150 -1
91: 1151 551 39 1152 116 -1
92: 224 3 1161 1162 1163 116 1164 1165 -1
93: 1167 1169 -1
94: 330 0 116 219 520 1170 1171 1060 246 1173 -1
95: 1177 -1
96: 1178 -1
97: 1179 1180 1181 -1
98: 1182 1183 -1
99: 1184 -1
100: 1185 1186 1187 1188 1189 1190 1191 1192 973 974 1193 1194 1195 1196 1197 1198 1199 1200 -1
101: 224 981 3 116 1201 1060 -1
102: 520 1170 8 313 359 1062 330 1202 1203 1204 841 1205 1060 1206 1 1207 1208 715 219 116 833 1209 19 1210 1211 1212 1213 819 1214 1215 1216 1217 -1
103: 1218 45 -1
104: 236 1144 44 1145 -1
105: 1078 -1
106: 589 -1
107: 1218 45 1145 -1
108: -1
109: 833 -1
110: 0 833 1072 758 313 1 481 406 1094 814 420 414 444 331 16 332 334 363 -1
111: -1
112: 754 -1
113: 519 1 751 -1
114: -1
115: -1
116: 696 -1
117: 696 -1
118: 116 1111 1 39 805 -1
119: 187 224 981 485 0 112 495 1112 243 789 760 733 481 373 751 -1
120: 116 219 117 758 330 244 -1
121: 357 -1
122: 363 578 0 359 698 -1
123: 1081 1111 1095 116 219 117 380 -1
124: 1184 726 1111 719 116 16 638 155 6 833 3 721 1187 0 756 720 351 420 112 117 332 465 195 -1
125: 0 718 43 231 3 585 -1
126: 1153 110 224 744 0 -1
127: 805 0 15 -1
128: 114 398 391 381 354 1189 332 349 -1
129: 112 0 357 437 226 -1
130: 437 225 224 0 -1
131: 0 1153 224 -1
132: 454 442 -1
133: 0 733 -1
134: 187 1129 465 559 -1
135: 1164 833 219 315 836 719 117 116 3 319 244 -1
136: 709 6 0 415 416 417 418 419 1153 718 441 814 19 224 833 244 116 487 1152 2 40 481 43 187 114 -1
137: 1153 0 -1
138: 559 1111 116 0 117 718 -1
139: 698 244 0 -1
140: 1119 751 487 6 0 244 357 -1
141: 312 117 3 441 116 756 452 -1
142: 0 -1
143: 751 220 719 0 112 754 -1
144: 1082 0 224 1153 708 112 -1
145: 1153 0 -1
146: 559 820 416 0 709 1153 -1
147: 718 1 0 1059 224 116 117 111 -1
148: 111 344 -1
149: 0 -1
150: 971 973 0 721 3 551 -1
151: 905 0 -1
152: 946 323 719 116 -1
153: 0 116 981 3 559 819 820 1082 619 1206 1153 -1
154: 754 112 0 -1
155: -1
156: -1
157: 1 1162 224 116 244 751 -1
158: 519 1 751 -1
159: 220 751 1 465 195 1119 -1
160: 220 1119 187 559 1 -1
161: 1068 374 1 465 244 -1
162: 219 980 1 244 -1
163: 1 224 -1
164: 1 -1
165: 708 709 1 1069 243 1153 820 1082 845 -1
166: 1 -1
167: 1 1082 -1
168: 243 1 719 116 0 -1
169: 805 243 1 1111 116 0 117 718 -1
170: 1 -1
171: 1 -1
172: 1 465 357 -1
173: 1 0 117 -1
174: 1 751 652 156 1072 444 833 719 240 498 332 243 334 112 457 459 349 414 416 420 814 -1
175: 1 -1
176: 1 -1
177: 155 -1
178: 819 465 1 224 751 495 116 0 719 -1
179: 1 -1
180: -1
181: 155 1172 1 -1
182: 1120 1 1082 -1
183: 155 -1
184: 1 454 -1
185: 1 444 411 -1
186: 110 1 -1
187: -1
188: 2 -1
189: 2 1119 -1
190: 2 -1
191: 2 450 -1
192: 820 2 719 116 3 -1
193: 2 40 -1
194: 2 -1
195: 2 1182 -1
196: 2 -1
197: 2 -1
198: 2 -1
199: 2 -1
200: 2 1119 -1
201: 1112 988 2 -1
202: 390 2 1182 819 -1
203: 1092 -1
204: 2 -1
205: 2 -1
206: 2 -1
207: 1120 1119 787 2 -1
208: 2 -1
209: 1119 819 2 1182 -1
210: 988 2 -1
211: 2 -1
212: 2 -1
213: 2 -1
214: 2 -1
215: 2 -1
216: 559 9 2 1082 1119 -1
217: 2 -1
218: 2 -1
219: 696 -1
220: -1
221: -1
222: -1
223: 302 307 308 5 7 -1
224: 823 -1
225: -1
226: -1
227: 745 -1
228: -1
229: -1
230: -1
231: -1
232: -1
233: -1
234: -1
235: -1
236: -1
237: 1173 -1
238: -1
239: -1
240: -1
241: -1
242: -1
243: -1
244: -1
245: -1
246: 1153 -1
247: -1
248: 450 3 -1
249: 1184 1111 3 -1
250: 3 1153 -1
251: 357 695 1 805 1094 833 758 6 551 243 754 3 721 334 224 450 -1
252: 224 1059 3 225 116 -1
253: 698 744 243 3 116 695 -1
254: 709 708 1153 3 -1
255: 222 3 1059 -1
256: 753 3 -1
257: 981 698 744 243 3 116 695 -1
258: 8 117 3 -1
259: 3 224 1163 -1
260: 116 551 3 718 0 -1
261: 116 3 -1
262: 1153 1071 709 751 1059 3 116 224 -1
263: 29 1056 0 3 15 62 -1
264: 3 1059 224 116 117 1165 -1
265: 224 374 357 465 1 444 454 432 3 219 116 117 -1
266: 110 117 116 114 820 3 -1
267: 551 3 116 114 -1
268: 1154 114 3 -1
269: 1059 3 224 116 -1
270: 225 833 3 698 195 112 756 405 224 117 751 1097 222 -1
271: 1184 3 -1
272: 3 116 -1
273: 1059 3 111 224 116 -1
274: 1118 116 551 3 718 0 -1
275: 857 117 3 441 116 756 452 313 843 851 -1
276: 116 3 0 1059 243 1 244 733 334 454 444 401 461 1072 112 455 -1
277: 114 719 3 116 244 -1
278: 117 116 0 3 -1
279: 520 1201 1198 -1
280: 3 334 437 424 -1
281: 751 112 1 3 652 -1
282: 304 283 -1
283: 282 -1
284: -1
285: 282 -1
286: 282 749 500 315 39 58 -1
287: 282 -1
288: 282 -1
289: 758 290 291 0 243 1 292 -1
290: -1
291: 316 324 891 72 843 1164 861 424 350 914 606 1092 696 -1
292: -1
293: -1
294: -1
295: -1
296: 283 284 285 4 286 287 288 -1
297: 244 463 807 360 687 458 422 496 337 414 491 366 470 473 23 375 39 481 387 444 9 498 1094 12 338 1 805 118 64 403 404 5 74 13 24 358 447 427 388 2 768 765 263 455 1072 433 364 351 101 269 0 585 301 479 31 1214 743 19 764 235 4 94 460 307 7 718 1211 43 978 1062 1061 1060 1206 113 334 16 115 971 62 392 272 8 313 820 457 20 437 485 240 15 450 638 495 477 45 397 66 488 976 524 278 945 698 42 29 619 695 1201 958 3 116 117 -1
298: 283 284 285 4 286 287 288 -1
299: 1 374 373 1187 481 4 524 3 1055 -1
300: 1 374 373 1187 481 4 524 3 1055 -1
301: 695 6 348 244 718 64 690 4 66 31 356 551 272 269 3 696 -1
302: 306 307 318 246 294 7 719 1060 -1
303: -1
304: -1
305: -1
306: 308 302 307 -1
307: 308 302 -1
308: -1
309: 304 -1
310: 304 223 306 307 308 312 313 314 317 318 246 -1
311: 304 -1
312: -1
313: 709 -1
314: -1
315: 304 -1
316: 304 -1
317: 519 -1
318: -1
319: 304 239 736 559 857 -1
320: 5 -1
321: 43 743 5 -1
322: 743 589 43 7 5 698 -1
323: 521 589 39 5 743 824 43 7 619 1206 -1
324: 59 42 219 117 855 224 1111 718 116 345 243 1 50 1201 -1
325: -1
326: 855 838 27 5 696 -1
327: 5 -1
328: 5 -1
329: 59 589 39 743 5 1060 -1
330: -1
331: 16 -1
332: -1
333: -1
334: 644 645 112 0 -1
335: -1
336: -1
337: -1
338: -1
339: -1
340: -1
341: -1
342: -1
343: -1
344: 111 351 -1
345: -1
346: -1
347: -1
348: -1
349: -1
350: -1
351: 330 224 0 -1
352: 847 332 -1
353: 833 -1
354: -1
355: -1
356: -1
357: 1187 332 334 758 6 754 112 721 -1
358: 243 447 755 444 -1
359: 578 -1
360: -1
361: -1
362: -1
363: -1
364: -1
365: -1
366: -1
367: 370 375 -1
368: 1092 359 370 698 116 -1
369: -1
370: -1
371: -1
372: -1
373: -1
374: -1
375: 360 373 1092 357 116 224 367 -1
376: -1
377: -1
378: -1
379: 57 1191 807 1192 52 498 243 1 394 477 -1
380: -1
381: 397 -1
382: 465 -1
383: -1
384: -1
385: -1
386: -1
387: -1
388: -1
389: -1
390: -1
391: -1
392: -1
393: -1
394: -1
395: -1
396: -1
397: -1
398: -1
399: -1
400: -1
401: 421 416 463 -1
402: 112 334 -1
403: -1
404: -1
405: -1
406: 110 -1
407: -1
408: 1203 -1
409: -1
410: -1
411: -1
412: -1
413: -1
414: 110 719 -1
415: 418 417 413 414 -1
416: 418 417 413 414 -1
417: -1
418: 719 -1
419: -1
420: -1
421: -1
422: -1
423: -1
424: -1
425: 559 239 -1
426: -1
427: -1
428: -1
429: -1
430: 622 -1
431: 112 437 972 -1
432: 460 488 -1
433: 421 -1
434: -1
435: 754 -1
436: -1
437: 112 0 754 -1
438: -1
439: -1
440: 839 -1
441: -1
442: 522 756 -1
443: -1
444: 450 357 454 447 -1
445: -1
446: 559 1146 -1
447: 453 448 357 -1
448: -1
449: -1
450: -1
451: -1
452: -1
453: -1
454: -1
455: -1
456: -1
457: -1
458: -1
459: -1
460: 315 820 -1
461: -1
462: -1
463: -1
464: -1
465: -1
466: -1
467: 495 -1
468: 485 461 -1
469: 822 823 559 820 -1
470: 1208 -1
471: -1
472: -1
473: 474 -1
474: -1
475: 474 -1
476: -1
477: -1
478: -1
479: -1
480: -1
481: -1
482: -1
483: -1
484: -1
485: -1
486: -1
487: 486 -1
488: 305 341 -1
489: -1
490: -1
491: -1
492: -1
493: -1
494: -1
495: -1
496: -1
497: -1
498: 465 -1
499: 302 304 -1
500: -1
501: -1
502: -1
503: -1
504: -1
505: 406 6 -1
506: 831 1072 450 6 244 652 220 114 -1
507: 6 1119 857 1153 -1
508: 1161 6 110 117 116 -1
509: 6 1070 709 -1
510: 1187 332 334 758 6 754 112 721 -1
511: 114 1 6 116 113 751 559 -1
512: 244 6 -1
513: 224 1164 6 116 243 168 -1
514: 6 1068 1071 751 3 224 110 652 -1
515: 454 -1
516: 1189 0 6 -1
517: 1153 1082 988 -1
518: 519 -1
519: -1
520: 1078 -1
521: -1
522: -1
523: -1
524: 14 619 39 1206 937 59 46 720 7 5 42 41 696 -1
525: 743 223 7 309 43 9 41 14 619 768 766 767 39 315 833 0 330 53 1206 1060 19 698 246 -1
526: 115 40 465 155 116 771 824 39 7 3 663 -1
527: 302 307 308 5 7 -1
528: 619 1206 7 -1
529: 7 -1
530: 559 7 307 -1
531: 243 0 245 15 219 3 698 330 313 7 291 1059 981 42 1190 619 743 769 824 1119 845 187 857 559 -1
532: 8 -1
533: 751 187 1164 8 224 1161 759 754 559 -1
534: 8 -1
535: 697 8 915 719 116 117 1171 -1
536: 551 8 1111 3 116 117 1171 718 2 744 315 303 1172 855 305 846 499 838 220 834 520 1077 847 1208 219 221 222 223 224 225 226 227 228 229 230 231 232 233 28 234 235 236 237 238 239 240 20 15 241 242 243 1 0 244 245 246 247 1078 709 1153 1128 -1
537: 820 308 117 219 8 981 351 313 113 110 562 1068 469 1203 1069 988 115 470 244 224 474 821 1153 827 -1
538: 474 719 302 418 8 -1
539: 8 -1
540: 8 1170 359 -1
541: 719 219 116 117 833 330 0 224 345 1061 520 8 243 1 1148 805 721 246 317 64 301 23 4 31 263 118 551 726 3 -1
542: 8 -1
543: 8 648 345 332 0 -1
544: 744 1111 116 718 231 8 715 848 430 780 -1
545: 231 483 380 978 1189 116 219 117 718 834 695 330 243 1 8 -1
546: 751 1069 8 1153 -1
547: 3 116 551 117 585 945 39 743 718 19 223 330 520 345 1208 219 837 715 522 836 1095 318 430 492 780 246 466 319 1198 -1
548: 313 8 112 334 -1
549: 1068 421 805 820 8 -1
550: 46 8 -1
551: 8 1111 3 116 117 1171 718 2 744 315 303 1172 855 305 846 499 838 220 834 520 1077 847 1208 219 840 739 518 294 1203 392 843 395 853 295 715 705 661 424 293 836 833 848 318 239 741 227 648 488 430 1091 780 246 313 466 233 817 1198 1092 1097 1 0 243 721 -1
552: 1111 116 0 551 13 8 25 223 224 357 1162 301 1059 420 814 978 427 1187 463 379 398 332 807 351 1055 1189 -1
553: 110 116 117 0 1 551 8 -1
554: 988 8 915 719 1171 -1
555: 1094 805 116 758 8 19 112 754 -1
556: 244 1054 1077 1 8 219 1115 -1
557: 621 845 450 1082 751 857 8 116 1153 -1
558: 971 8 -1
559: -1
560: -1
561: -1
562: -1
563: 9 -1
564: 9 -1
565: 559 9 -1
566: 9 -1
567: 559 1082 819 9 -1
568: 9 -1
569: 2 9 -1
570: 9 244 758 116 243 1068 1153 -1
571: 9 -1
572: 559 9 -1
573: 9 1015 -1
574: 9 40 -1
575: 9 -1
576: -1
577: 220 -1
578: -1
579: 306 -1
580: 751 187 -1
581: 831 -1
582: 319 -1
583: 718 42 698 -1
584: 246 606 -1
585: 490 855 846 838 72 294 286 1203 843 605 837 242 661 740 350 914 318 741 606 488 731 492 13 466 233 1092 -1
586: 1092 -1
587: 946 470 115 -1
588: 745 -1
589: 743 -1
590: 319 -1
591: 39 -1
592: 244 465 155 751 -1
593: 117 -1
594: 838 576 219 605 577 833 848 488 1197 343 559 1082 2 46 733 -1
595: 820 -1
596: 709 708 1153 -1
597: 59 589 39 43 -1
598: 39 -1
599: 1153 -1
600: 12 222 1182 187 697 1148 -1
601: 243 805 12 1094 231 -1
602: 1094 805 318 12 -1
603: 12 -1
604: 315 520 914 697 303 12 -1
605: 758 594 740 848 741 488 1197 343 -1
606: 758 -1
607: 43 -1
608: 1 220 -1
609: -1
610: -1
611: -1
612: 13 1111 -1
613: 609 13 -1
614: 13 -1
615: 846 72 286 1203 843 605 837 242 661 740 350 914 318 741 606 488 731 492 13 233 1092 -1
616: 13 605 585 323 719 116 -1
617: 229 302 231 28 225 13 29 1201 696 -1
618: 13 220 29 224 223 -1
619: 819 820 1206 519 -1
620: -1
621: -1
622: -1
623: 594 740 848 2 605 315 316 499 492 219 39 319 520 914 697 14 408 833 -1
624: 323 664 698 42 14 589 -1
625: 744 910 1119 14 219 -1
626: 1119 14 219 -1
627: 630 14 430 -1
628: 224 14 -1
629: 14 -1
630: -1
631: 14 -1
632: 14 -1
633: 41 14 619 -1
634: 1082 744 224 695 981 14 -1
635: 576 749 282 39 219 2 40 324 619 294 1197 14 1198 -1
636: 3 219 220 221 222 223 224 225 226 227 228 229 230 231 232 233 28 234 235 236 237 238 239 240 20 15 241 242 243 1 0 244 245 246 117 247 -1
637: 350 15 116 663 -1
638: 350 488 15 116 663 -1
639: 350 15 116 663 -1
640: 350 488 15 819 698 116 663 -1
641: 117 638 240 24 20 15 108 -1
642: 638 15 -1
643: 359 605 330 313 219 246 244 243 0 245 15 3 481 1187 39 988 7 291 1059 981 42 1190 619 698 743 769 824 1119 845 187 857 559 -1
644: 334 16 -1
645: -1
646: -1
647: 16 -1
648: -1
649: 559 708 16 -1
650: 331 16 110 -1
651: 16 -1
652: 16 -1
653: 176 652 224 450 660 114 244 243 1 751 180 758 323 219 116 117 291 330 0 40 292 380 776 112 754 16 -1
654: 751 16 112 351 -1
655: 709 708 1 16 405 421 439 492 334 224 380 114 460 450 390 112 331 244 733 1068 1153 -1
656: 1184 16 225 155 481 -1
657: 1153 116 981 1 454 43 16 751 1080 450 -1
658: 718 972 979 847 332 1208 362 219 116 291 617 117 455 522 754 648 334 16 896 112 488 244 313 348 246 19 -1
659: 414 444 833 331 16 -1
660: 414 110 332 406 16 408 820 450 -1
661: 666 667 -1
662: 117 3 719 0 663 -1
663: -1
664: -1
665: -1
666: -1
667: -1
668: -1
669: 18 621 224 1075 820 709 374 -1
670: 708 -1
671: 18 -1
672: 668 -1
673: 18 621 224 820 709 374 -1
674: 522 521 455 456 709 672 18 -1
675: 18 559 820 450 1082 -1
676: 1203 843 313 500 18 839 450 824 389 1164 -1
677: 820 621 18 -1
678: 18 621 224 1075 820 709 -1
679: 18 -1
680: 450 559 1082 708 18 1153 -1
681: 857 18 1146 -1
682: 820 621 18 -1
683: 617 308 223 306 307 1 1172 220 231 28 74 1201 243 62 857 29 841 229 18 13 -1
684: 1201 18 -1
685: 19 743 -1
686: 1068 551 19 718 -1
687: 981 224 695 1060 19 -1
688: 19 -1
689: 1082 116 719 692 19 718 231 820 819 390 291 585 112 -1
690: 117 116 0 3 19 1060 1 -1
691: 291 834 718 42 758 116 117 301 753 380 1061 19 1 0 820 444 1183 450 187 733 988 819 698 787 -1
692: 1153 831 291 834 718 42 758 116 117 301 753 380 1061 19 1 0 820 444 652 2 1183 450 187 733 988 819 698 -1
693: 116 219 719 749 520 19 1060 1201 294 0 1 244 488 855 452 372 444 -1
694: 224 833 244 19 116 487 43 187 1153 718 114 481 -1
695: 110 111 112 113 114 115 3 116 117 1 -1
696: -1
697: -1
698: -1
699: 857 -1
700: -1
701: 48 805 848 834 958 1094 833 782 318 520 914 12 21 246 1148 293 315 488 244 1092 1119 -1
702: 698 699 700 187 857 1077 1153 -1
703: 838 21 1208 324 972 855 27 5 594 1197 696 -1
704: 698 699 700 187 857 1077 -1
705: 706 707 -1
706: -1
707: -1
708: -1
709: -1
710: 707 -1
711: 652 -1
712: 705 -1
713: 495 22 1208 1186 715 910 -1
714: 22 -1
715: 707 -1
716: 244 330 0 1054 819 698 -1
717: -1
718: 562 1061 116 117 291 -1
719: 330 695 834 718 219 116 833 819 -1
720: 488 -1
721: -1
722: -1
723: 23 224 225 222 1163 776 -1
724: 23 -1
725: 23 -1
726: 701 76 243 116 719 23 -1
727: 357 971 23 -1
728: 23 696 117 1165 823 245 224 1162 -1
729: 24 -1
730: 470 246 115 698 24 731 805 374 357 224 465 -1
731: 698 -1
732: 24 -1
733: -1
734: 116 219 719 749 520 19 1060 1201 294 0 1 244 488 855 452 372 444 -1
735: 26 -1
736: -1
737: 187 -1
738: 559 -1
739: 1153 -1
740: -1
741: -1
742: 745 -1
743: -1
744: -1
745: -1
746: 13 220 29 224 223 -1
747: 187 -1
748: -1
749: -1
750: -1
751: -1
752: -1
753: 754 -1
754: -1
755: -1
756: -1
757: -1
758: 330 695 834 718 219 116 833 819 -1
759: 1059 224 -1
760: -1
761: 707 -1
762: 31 -1
763: 652 915 689 420 414 0 357 117 243 416 31 411 -1
764: -1
765: -1
766: -1
767: -1
768: 1 307 -1
769: -1
770: 559 -1
771: 41 14 619 -1
772: -1
773: 390 116 1 -1
774: 117 -1
775: 820 1153 -1
776: 1153 225 306 302 307 622 1059 -1
777: 344 247 1153 -1
778: 719 116 117 3 1 349 0 224 -1
779: 559 751 0 3 -1
780: -1
781: -1
782: -1
783: -1
784: 34 -1
785: -1
786: 35 -1
787: -1
788: -1
789: -1
790: -1
791: -1
792: 799 -1
793: -1
794: -1
795: -1
796: -1
797: -1
798: -1
799: -1
800: -1
801: -1
802: 788 -1
803: 37 -1
804: 37 -1
805: 243 0 187 -1
806: 465 -1
807: 243 -1
808: -1
809: -1
810: -1
811: -1
812: -1
813: -1
814: -1
815: -1
816: -1
817: -1
818: 38 -1
819: -1
820: 559 988 -1
821: 827 -1
822: -1
823: -1
824: -1
825: -1
826: -1
827: -1
828: -1
829: -1
830: -1
831: -1
832: -1
833: 1148 -1
834: 562 -1
835: 833 780 499 836 -1
836: -1
837: -1
838: 758 116 117 0 -1
839: -1
840: -1
841: -1
842: -1
843: -1
844: -1
845: -1
846: -1
847: -1
848: 187 -1
849: -1
850: -1
851: -1
852: -1
853: 1043 -1
854: -1
855: 330 224 -1
856: -1
857: -1
858: -1
859: 116 1062 43 743 39 -1
860: 39 -1
861: 39 1206 1 1172 -1
862: 39 -1
863: 39 -1
864: 559 39 -1
865: 835 -1
866: 820 39 -1
867: 589 39 743 405 291 398 988 40 585 1161 914 643 645 -1
868: 39 -1
869: 39 589 -1
870: 39 -1
871: 243 1 39 -1
872: 39 -1
873: 578 317 740 246 1153 583 589 43 39 40 481 1171 835 1060 115 243 980 444 1 1068 497 187 244 -1
874: 39 -1
875: 39 -1
876: 39 -1
877: 559 1082 39 246 219 -1
878: 219 2 39 -1
879: 39 283 882 -1
880: 749 500 294 39 58 -1
881: 39 743 1206 937 -1
882: 282 39 -1
883: 1153 1154 114 39 -1
884: 1153 1 415 116 981 294 854 489 -1
885: 39 -1
886: 524 59 589 39 309 743 450 820 1082 -1
887: 219 1 39 -1
888: 39 -1
889: 39 -1
890: 40 450 -1
891: 40 -1
892: 40 -1
893: 40 -1
894: 988 2 40 -1
895: 837 40 1206 430 846 -1
896: 1142 754 40 -1
897: 40 -1
898: 559 820 1082 663 116 719 244 2 40 -1
899: 176 652 224 450 660 114 244 243 1 751 180 758 323 219 116 117 291 330 0 40 292 380 776 112 754 16 -1
900: 390 2 40 1209 -1
901: 1112 40 1183 -1
902: 40 -1
903: 621 709 0 116 332 474 40 450 857 308 519 518 -1
904: 2 40 -1
905: 40 -1
906: 40 -1
907: 2 40 450 -1
908: 40 1182 -1
909: 2 40 -1
910: 41 -1
911: 495 910 41 1112 -1
912: 41 -1
913: 780 764 766 41 -1
914: -1
915: 562 1206 1061 1062 1 1172 223 302 307 224 116 117 392 3 1059 291 42 819 444 0 244 400 460 348 448 -1
916: 1172 42 305 576 -1
917: 42 -1
918: 224 117 42 1153 -1
919: 42 -1
920: 1198 495 42 -1
921: 559 698 630 695 42 -1
922: 42 -1
923: -1
924: -1
925: -1
926: -1
927: -1
928: 923 -1
929: 43 -1
930: 43 -1
931: 43 783 562 -1
932: 239 698 822 345 1061 224 43 743 116 45 1 663 -1
933: 43 -1
934: 43 696 -1
935: 718 43 -1
936: 43 -1
937: -1
938: 1171 -1
939: 2 1119 187 43 352 1092 663 698 243 357 -1
940: 43 783 -1
941: 43 -1
942: 43 -1
943: 43 -1
944: 1080 1081 745 43 783 -1
945: 116 1062 43 743 39 -1
946: 292 772 1054 1218 45 219 1203 235 236 44 48 246 237 988 833 744 -1
947: 236 1144 44 -1
948: 1145 219 947 236 1144 44 -1
949: 820 -1
950: 116 45 1 -1
951: 696 -1
952: 520 293 1094 662 60 754 444 1111 379 503 46 502 40 373 376 391 411 420 461 358 408 1 53 325 276 349 383 398 406 808 726 323 484 372 448 -1
953: 46 -1
954: -1
955: -1
956: -1
957: -1
958: -1
959: 49 -1
960: 965 -1
961: 965 -1
962: 965 -1
963: 965 -1
964: 965 -1
965: -1
966: 1 -1
967: 1 -1
968: 965 -1
969: 1173 1 181 50 -1
970: 51 -1
971: -1
972: -1
973: -1
974: -1
975: -1
976: -1
977: -1
978: -1
979: -1
980: 243 -1
981: 303 304 -1
982: 224 307 302 306 352 752 441 332 452 444 449 0 52 116 719 371 108 805 782 117 -1
983: 357 1 52 -1
984: 243 980 348 52 64 401 -1
985: 224 307 302 306 352 752 441 332 452 444 449 0 52 116 719 371 108 805 782 117 -1
986: 0 719 116 -1
987: 851 519 -1
988: 1112 560 561 562 -1
989: 560 561 562 -1
990: 560 561 562 -1
991: 560 561 562 -1
992: 560 561 562 -1
993: 560 561 562 -1
994: 560 561 562 -1
995: 560 561 562 -1
996: 560 561 562 -1
997: 560 561 562 -1
998: 560 561 562 -1
999: 560 561 562 -1
1000: 560 561 562 -1
1001: 560 561 562 -1
1002: 560 561 562 -1
1003: 560 561 562 -1
1004: 560 561 562 -1
1005: 560 561 562 -1
1006: 560 561 562 -1
1007: 560 561 562 -1
1008: 560 561 562 -1
1009: 560 561 562 -1
1010: 560 561 562 -1
1011: 560 561 562 -1
1012: 560 561 562 -1
1013: 560 561 562 -1
1014: 560 561 562 -1
1015: 1082 -1
1016: 55 -1
1017: 55 -1
1018: 560 561 562 -1
1019: 560 561 562 -1
1020: 560 561 562 -1
1021: 560 561 562 -1
1022: 560 561 562 -1
1023: 560 561 562 -1
1024: 560 561 562 -1
1025: 560 561 562 -1
1026: 560 561 562 -1
1027: 560 561 562 -1
1028: 560 561 562 -1
1029: 560 561 562 -1
1030: 560 561 562 -1
1031: 560 561 562 -1
1032: 560 561 562 -1
1033: 560 561 562 -1
1034: 560 561 562 -1
1035: 560 561 562 -1
1036: 560 561 562 -1
1037: 1045 1046 1047 -1
1038: 1044 -1
1039: 1044 1045 1046 1047 -1
1040: 1044 1045 1046 1047 -1
1041: 1043 1044 -1
1042: 1044 1045 1046 1047 -1
1043: -1
1044: -1
1045: -1
1046: -1
1047: -1
1048: 59 39 116 0 -1
1049: 605 848 838 219 1197 2 576 833 1209 488 59 577 589 343 46 -1
1050: 59 -1
1051: 155 -1
1052: 59 -1
1053: -1
1054: -1
1055: 1 -1
1056: 62 696 -1
1057: -1
1058: 63 -1
1059: -1
1060: 315 1208 1207 840 1095 780 319 1198 520 116 219 -1
1061: -1
1062: 457 1203 981 841 -1
1063: -1
1064: 64 0 -1
1065: 719 219 116 117 833 330 0 224 345 1061 520 8 1148 805 721 246 317 243 1 64 301 23 4 31 263 118 551 726 3 -1
1066: 224 64 -1
1067: 224 64 -1
1068: -1
1069: 652 1070 -1
1070: -1
1071: -1
1072: -1
1073: -1
1074: 408 -1
1075: -1
1076: -1
1077: -1
1078: -1
1079: 66 -1
1080: -1
1081: -1
1082: -1
1083: 1080 1081 -1
1084: -1
1085: 1084 -1
1086: 1084 -1
1087: 1089 1090 -1
1088: 1089 1090 -1
1089: -1
1090: -1
1091: -1
1092: 1096 -1
1093: 1096 -1
1094: -1
1095: 1148 -1
1096: -1
1097: 1096 -1
1098: 1096 -1
1099: 70 -1
1100: -1
1101: -1
1102: -1
1103: -1
1104: -1
1105: -1
1106: -1
1107: -1
1108: -1
1109: -1
1110: 846 576 1196 1208 1212 72 286 1203 843 837 661 740 350 914 318 741 488 850 731 492 1092 -1
1111: 330 695 834 718 219 116 833 819 -1
1112: -1
1113: -1
1114: -1
1115: -1
1116: -1
1117: -1
1118: -1
1119: -1
1120: -1
1121: -1
1122: -1
1123: -1
1124: -1
1125: -1
1126: -1
1127: -1
1128: -1
1129: 1134 -1
1130: -1
1131: -1
1132: -1
1133: -1
1134: -1
1135: 1143 562 -1
1136: 1143 562 -1
1137: 1143 562 -1
1138: 1143 562 -1
1139: 1143 562 -1
1140: 1143 562 -1
1141: 1143 562 -1
1142: -1
1143: 1142 -1
1144: -1
1145: -1
1146: -1
1147: -1
1148: 1147 1146 -1
1149: -1
1150: -1
1151: -1
1152: 2 914 40 1183 715 718 834 1209 450 408 116 1054 -1
1153: -1
1154: -1
1155: 562 1061 116 117 291 -1
1156: 155 -1
1157: 110 111 112 113 114 115 3 116 117 1 -1
1158: 219 696 -1
1159: 820 946 1 848 430 -1
1160: 559 0 2 1183 -1
1161: -1
1162: -1
1163: 1184 -1
1164: 855 -1
1165: -1
1166: 1146 559 -1
1167: -1
1168: 1169 -1
1169: -1
1170: -1
1171: -1
1172: 1173 -1
1173: -1
1174: 719 94 1061 718 -1
1175: 116 520 1198 315 246 833 295 1208 319 219 303 1077 518 -1
1176: 330 0 224 718 520 1170 8 345 1061 219 116 117 833 291 658 585 64 945 301 23 4 31 263 118 551 726 3 278 687 662 66 101 60 94 272 269 756 111 -1
1177: -1
1178: -1
1179: 560 561 562 -1
1180: -1
1181: -1
1182: -1
1183: -1
1184: -1
1185: 1078 -1
1186: 1078 -1
1187: -1
1188: 981 -1
1189: -1
1190: -1
1191: -1
1192: -1
1193: -1
1194: -1
1195: -1
1196: -1
1197: 620 621 622 -1
1198: -1
1199: -1
1200: -1
1201: -1
1202: -1
1203: -1
1204: -1
1205: -1
1206: -1
1207: -1
1208: -1
1209: -1
1210: -1
1211: -1
1212: 1178 -1
1213: -1
1214: 1212 -1
1215: -1
1216: -1
1217: -1
1218: -1
1219: 1145 103 640 988 1 551 939 195 -1
1220: 108 243 -1
1221: 559 380 -1
1222: 1153 -1
1223: 1153 559 219 488 319 243 341 244 3 239 246 306 -1
1224: 114 820 1153 831 709 -1
1225: 108 -1
