0: 11 25 28 37 81 83 130 177 178 179 180 181 182 183 184 185 186 187 188 189 190 191 192 193 195 196 197 198 199 200 201 202 203 230 234 272 288 341 342 379 422 425 443 445 454 462 463 470 471 472 543 547 575 582 583 656 684 690 693 802 824 828 912 934 935 1075 1086 1087 1101 1136 1245 1320 1321 1686 1821 2284 2448 -1
1: 13 16 25 28 81 94 130 183 184 187 190 192 195 205 206 207 210 211 212 213 214 216 217 219 220 221 224 225 226 227 228 231 232 233 234 235 369 385 412 420 445 446 470 583 654 655 692 711 833 907 912 913 1014 1245 1315 1669 1988 2281 2284 2318 -1
2: 28 183 236 237 238 239 240 241 242 243 244 245 246 247 248 249 250 251 252 253 254 255 256 257 258 259 260 261 262 263 264 265 266 267 268 269 270 271 272 273 274 275 276 1015 1018 1646 1897 -1
3: 25 282 286 288 290 291 294 295 -1
4: 25 83 162 323 327 329 330 331 334 335 336 342 344 470 935 1245 1643 -1
5: 37 168 288 345 346 348 350 351 353 354 446 450 656 657 2284 -1
6: 28 357 358 359 360 361 362 363 364 365 366 367 369 370 371 372 373 374 375 376 377 378 379 380 381 382 383 384 385 387 390 391 392 393 394 395 396 470 806 815 818 2341 2342 -1
7: 28 137 168 195 322 368 369 399 400 401 403 404 467 469 470 628 935 1919 2350 2358 2483 2485 -1
8: 25 127 290 327 344 406 407 408 409 410 411 412 413 414 415 416 417 418 419 420 421 422 423 424 425 426 -1
9: 25 416 428 435 441 442 443 445 446 450 457 -1
10: 25 272 294 379 408 461 462 463 464 466 467 469 470 471 472 473 -1
11: 25 81 444 528 533 534 535 536 537 538 543 544 545 546 -1
12: 168 289 470 551 -1
13: 230 570 571 572 573 574 575 576 577 578 579 580 581 582 583 584 585 -1
14: 83 416 590 591 601 602 603 604 605 607 -1
15: -1
16: 1928 -1
17: 37 81 195 470 654 655 656 657 -1
18: 351 658 660 661 662 663 664 665 666 667 668 669 670 671 672 673 -1
19: 183 192 656 678 680 681 682 683 684 685 686 687 688 689 690 691 692 693 -1
20: 37 90 142 168 470 684 702 704 705 706 707 709 -1
21: 25 56 841 -1
22: 25 710 -1
23: 718 720 2153 2279 -1
24: 89 741 742 743 744 745 746 747 748 749 750 751 752 753 754 755 756 757 -1
25: 20 656 684 802 803 935 -1
26: 367 373 804 805 806 807 808 809 810 811 812 813 814 815 816 817 818 -1
27: 823 825 827 831 -1
28: 56 168 294 473 841 -1
29: 56 841 850 851 856 -1
30: 37 294 702 860 861 862 -1
31: 196 443 463 592 867 -1
32: 408 418 425 868 869 -1
33: 467 469 871 872 873 874 875 877 878 880 881 882 883 884 -1
34: 887 888 889 890 891 892 894 895 896 898 899 900 1425 2269 -1
35: 28 906 907 908 909 910 911 913 915 -1
36: 37 416 934 935 -1
37: 702 -1
38: 185 583 967 969 970 971 973 974 975 976 981 984 985 986 988 992 993 994 995 996 997 1003 1004 1005 1006 -1
39: 1016 1643 -1
40: 1021 1023 1024 1025 1026 1027 1028 1029 1030 1031 1032 1033 1034 1035 1036 1037 1038 1040 1041 1042 1043 1044 1045 1046 1047 1048 1049 1050 1051 1052 1053 1054 1055 1056 1057 1058 1059 1060 1061 1062 1063 -1
41: 341 722 1075 1076 1077 1082 -1
42: 83 294 369 443 1084 1085 1086 1087 -1
43: 37 177 316 1090 1091 -1
44: 37 -1
45: 56 841 -1
46: 25 457 1135 1136 -1
47: -1
48: 230 -1
49: -1
50: 25 294 467 469 -1
51: -1
52: 13 168 -1
53: 1209 -1
54: 1211 1212 1213 1214 1215 1216 1217 1219 1220 1221 1222 1223 1224 1225 1226 1228 1230 1231 1233 1234 -1
55: 416 1244 1245 -1
56: 841 -1
57: 1252 1253 -1
58: 1255 1643 -1
59: 37 90 704 861 1090 1136 1259 1260 1261 1262 -1
60: 1276 1279 1280 1283 1288 1289 1292 1293 1294 -1
61: 1297 1298 1299 1301 1302 1303 1304 1305 1306 1307 1310 1311 1312 1313 -1
62: 25 467 469 1315 1316 -1
63: 746 -1
64: 201 470 1320 1321 -1
65: 1324 -1
66: 1326 1327 1328 -1
67: 1690 -1
68: 1332 1333 1334 -1
69: 81 543 704 927 951 1336 1337 1338 1339 1340 1342 1343 1344 1345 1346 -1
70: 1354 1355 -1
71: 185 1356 1357 1358 1359 1360 1361 1362 1363 1364 1365 1366 1367 1368 1369 1370 1371 1372 1374 1375 1376 1377 1378 1379 1380 1381 1382 1383 1385 1386 1387 1388 1389 1390 1391 1392 1393 1394 1395 1396 1397 1398 1399 1400 1401 1402 -1
72: 1403 1407 1408 1409 1410 1411 1412 -1
73: 927 -1
74: 1422 1423 1424 1425 2269 -1
75: 1428 1429 1430 1431 1432 1433 1434 1435 -1
76: 1443 1447 1450 -1
77: 1455 -1
78: 1464 1465 1466 1467 1471 1475 1476 1477 1478 -1
79: 1504 1507 -1
80: 485 1510 -1
81: 1587 1588 -1
82: 1597 1598 1599 -1
83: 1602 -1
84: 1612 1615 -1
85: 1639 1640 -1
86: 1643 -1
87: 25 316 457 -1
88: 1673 -1
89: 1683 -1
90: 930 1695 1696 -1
91: 168 -1
92: 656 1136 1704 1707 -1
93: 1710 1711 1712 1713 1714 1715 1716 1717 1718 1719 1720 1722 1723 1724 1725 1726 1727 1728 1729 1730 1732 1733 1734 1735 1736 -1
94: -1
95: -1
96: 871 872 873 874 875 1781 -1
97: 1784 1785 1786 1787 1792 1793 1794 -1
98: 1798 1799 1800 1801 1802 1803 1804 1805 1806 1807 1808 1809 1810 1811 1812 1813 1814 1815 1816 1817 1818 1820 1821 -1
99: 1822 1824 -1
100: 1844 -1
101: 1845 1856 1858 1859 1860 1861 1862 1863 1864 1865 1866 1868 1869 1870 1871 1875 1876 1877 1878 1879 1880 1881 1882 1883 1884 -1
102: 1885 1886 1887 -1
103: 1899 -1
104: 1900 1901 1902 1903 1904 1905 1907 1909 1910 1911 1912 1913 1914 1915 -1
105: 1918 1919 -1
106: 81 1921 -1
107: 680 -1
108: 1927 1928 -1
109: 1937 1938 1939 1940 1941 1942 1943 1944 1945 1946 1960 1961 1962 1969 1970 1971 1979 1980 -1
110: 25 467 469 -1
111: 1821 1985 1986 1987 1988 1990 1991 -1
112: 2010 2016 -1
113: -1
114: -1
115: 1821 -1
116: -1
117: -1
118: 2134 2143 2144 2145 -1
119: 2150 2152 -1
120: 459 2155 2157 2159 -1
121: -1
122: 37 -1
123: 2171 -1
124: -1
125: -1
126: 2238 2239 2240 2241 2242 2243 2244 2245 2246 2247 2248 2249 2250 2251 2252 2253 2254 2255 2256 2257 2258 2259 2260 -1
127: -1
128: 927 -1
129: 2267 -1
130: -1
131: 2284 -1
132: 168 2288 -1
133: -1
134: -1
135: -1
136: 829 2323 2324 2325 2328 2329 2331 2332 2333 2335 2336 2337 -1
137: 2351 2391 2408 2409 -1
138: 684 -1
139: 656 2420 -1
140: -1
141: 11 954 2446 2447 2448 2449 -1
142: -1
143: 2452 2453 2454 2468 -1
144: 619 -1
145: 1286 1821 2472 -1
146: 37 -1
147: -1
148: 142 1921 2483 2485 -1
149: -1
150: -1
151: -1
152: 485 1510 -1
153: -1
154: 592 -1
155: 592 -1
156: 360 592 -1
157: 592 1245 -1
158: 592 -1
159: 592 -1
160: 592 -1
161: 592 -1
162: 592 -1
163: 592 -1
164: 592 -1
165: 592 -1
166: 592 -1
167: 592 -1
168: 473 592 -1
169: 199 592 -1
170: 592 -1
171: 592 -1
172: 592 -1
173: 0 555 592 -1
174: 0 555 592 -1
175: 0 555 592 1403 -1
176: 0 555 592 -1
177: 470 -1
178: -1
179: -1
180: -1
181: -1
182: -1
183: -1
184: -1
185: -1
186: -1
187: -1
188: -1
189: -1
190: -1
191: -1
192: -1
193: -1
194: -1
195: -1
196: -1
197: -1
198: -1
199: -1
200: -1
201: -1
202: -1
203: -1
204: 1 208 209 215 222 223 229 230 594 -1
205: -1
206: -1
207: -1
208: -1
209: -1
210: -1
211: -1
212: -1
213: -1
214: -1
215: -1
216: -1
217: -1
218: 833 907 1421 1646 -1
219: -1
220: -1
221: -1
222: 2433 -1
223: -1
224: -1
225: -1
226: -1
227: -1
228: -1
229: -1
230: 13 83 573 684 -1
231: -1
232: -1
233: -1
234: -1
235: -1
236: -1
237: -1
238: -1
239: -1
240: -1
241: -1
242: -1
243: -1
244: -1
245: -1
246: -1
247: -1
248: -1
249: -1
250: -1
251: -1
252: -1
253: -1
254: -1
255: -1
256: -1
257: -1
258: -1
259: -1
260: -1
261: -1
262: -1
263: -1
264: -1
265: -1
266: -1
267: -1
268: -1
269: -1
270: -1
271: -1
272: -1
273: -1
274: -1
275: -1
276: -1
277: 3 864 -1
278: 3 864 -1
279: 3 13 157 184 185 187 192 196 211 218 225 228 230 250 272 281 291 319 329 331 332 339 342 346 369 446 462 470 573 583 593 655 659 677 684 747 803 822 833 864 906 907 911 913 935 1011 1012 1074 1245 1255 1384 1649 2147 2149 2150 2152 2153 2154 2168 2280 2318 2418 2448 -1
280: 329 -1
281: -1
282: -1
283: 292 454 -1
284: -1
285: -1
286: -1
287: -1
288: -1
289: -1
290: 194 -1
291: -1
292: -1
293: -1
294: -1
295: -1
296: -1
297: 4 298 299 300 301 308 315 326 332 333 340 366 598 -1
298: 598 -1
299: 545 598 -1
300: 323 336 598 -1
301: 598 -1
302: 4 298 299 300 301 303 308 312 315 317 326 329 331 332 333 336 338 339 340 343 598 -1
303: 598 -1
304: 598 -1
305: 598 -1
306: 598 -1
307: 598 -1
308: 598 -1
309: 598 -1
310: 4 318 598 -1
311: 470 598 -1
312: 598 -1
313: 4 318 333 598 -1
314: 598 -1
315: 127 192 224 225 230 232 233 281 291 297 302 313 323 324 329 330 331 334 335 336 376 379 385 400 408 409 410 419 424 425 443 463 531 545 583 598 605 657 685 688 747 803 935 1250 1255 1669 1896 2392 -1
316: -1
317: -1
318: 329 331 334 335 -1
319: -1
320: -1
321: -1
322: -1
323: -1
324: -1
325: 295 -1
326: -1
327: -1
328: -1
329: -1
330: -1
331: -1
332: 291 295 323 -1
333: -1
334: -1
335: -1
336: -1
337: -1
338: 295 -1
339: -1
340: 323 329 331 334 336 -1
341: -1
342: -1
343: -1
344: -1
345: -1
346: -1
347: -1
348: -1
349: -1
350: -1
351: -1
352: 446 -1
353: -1
354: -1
355: 6 356 389 595 -1
356: -1
357: -1
358: -1
359: -1
360: -1
361: -1
362: -1
363: -1
364: -1
365: -1
366: -1
367: -1
368: -1
369: -1
370: -1
371: -1
372: -1
373: -1
374: -1
375: -1
376: -1
377: -1
378: -1
379: -1
380: -1
381: -1
382: -1
383: -1
384: -1
385: -1
386: -1
387: -1
388: 137 -1
389: -1
390: -1
391: -1
392: -1
393: -1
394: -1
395: -1
396: -1
397: 2483 2485 -1
398: -1
399: -1
400: -1
401: -1
402: 2483 2485 -1
403: -1
404: -1
405: 211 369 371 418 425 446 804 1085 1346 -1
406: -1
407: -1
408: -1
409: -1
410: -1
411: -1
412: -1
413: -1
414: -1
415: -1
416: 934 -1
417: -1
418: -1
419: -1
420: -1
421: -1
422: -1
423: -1
424: -1
425: -1
426: -1
427: 9 430 431 432 437 438 439 440 447 448 449 474 1600 -1
428: -1
429: 444 934 -1
430: -1
431: -1
432: -1
433: 11 457 546 -1
434: -1
435: -1
436: 444 577 -1
437: -1
438: -1
439: -1
440: -1
441: -1
442: -1
443: -1
444: 548 -1
445: -1
446: -1
447: -1
448: -1
449: -1
450: -1
451: -1
452: 604 -1
453: -1
454: -1
455: 416 -1
456: 444 -1
457: -1
458: 11 202 418 464 534 535 537 548 1085 -1
459: -1
460: -1
461: -1
462: -1
463: -1
464: -1
465: -1
466: -1
467: -1
468: -1
469: -1
470: 230 -1
471: -1
472: -1
473: 188 -1
474: 11 -1
475: 11 546 -1
476: 11 444 -1
477: 11 -1
478: 11 -1
479: 11 -1
480: 11 -1
481: 11 -1
482: 11 -1
483: 11 -1
484: 11 -1
485: -1
486: 11 -1
487: 11 -1
488: 11 485 1510 -1
489: 11 457 -1
490: 11 -1
491: 11 -1
492: 11 -1
493: 11 -1
494: 11 -1
495: 11 -1
496: 11 -1
497: 11 -1
498: 11 -1
499: 11 -1
500: 11 -1
501: 11 -1
502: 11 -1
503: 11 -1
504: 11 -1
505: 11 -1
506: 11 -1
507: 11 607 -1
508: 11 -1
509: 11 -1
510: 11 -1
511: 11 -1
512: 11 70 161 163 166 746 -1
513: 11 512 791 -1
514: 11 -1
515: 11 -1
516: 11 59 861 -1
517: 11 -1
518: 11 16 160 162 192 230 379 420 425 470 485 529 575 582 583 604 683 687 693 717 721 724 732 734 828 912 977 1086 1258 1510 1876 2154 2318 -1
519: 11 16 185 217 272 382 416 568 577 580 585 657 911 935 1641 1649 -1
520: 11 -1
521: 11 379 1245 -1
522: 11 187 202 350 422 454 539 541 542 544 873 -1
523: 11 -1
524: 11 198 382 725 -1
525: 11 1332 -1
526: 11 25 195 454 657 763 764 935 954 2445 2448 -1
527: 618 -1
528: -1
529: -1
530: -1
531: -1
532: -1
533: -1
534: -1
535: -1
536: -1
537: -1
538: -1
539: -1
540: -1
541: -1
542: -1
543: -1
544: -1
545: -1
546: -1
547: -1
548: -1
549: -1
550: -1
551: -1
552: -1
553: -1
554: 13 690 -1
555: 13 294 906 1707 -1
556: 13 -1
557: 13 -1
558: 13 205 253 272 291 454 462 568 605 803 833 935 984 1022 1256 1378 1982 1984 2150 2152 2190 2191 2205 2212 2317 2318 2434 -1
559: 13 230 281 539 581 583 593 1219 1255 2288 -1
560: 13 283 285 292 342 443 463 -1
561: 13 156 157 281 345 346 369 454 684 906 1255 -1
562: 13 -1
563: 13 581 -1
564: 13 -1
565: 13 213 281 320 338 570 605 911 1255 1649 -1
566: 13 572 -1
567: 13 89 462 868 2170 -1
568: 13 -1
569: 459 460 -1
570: -1
571: -1
572: -1
573: -1
574: -1
575: -1
576: -1
577: -1
578: -1
579: -1
580: -1
581: -1
582: -1
583: -1
584: -1
585: -1
586: 14 386 452 599 600 606 1072 -1
587: 14 386 452 599 600 606 1072 -1
588: 14 386 452 599 600 606 1072 -1
589: 838 -1
590: 14 -1
591: 14 -1
592: -1
593: -1
594: -1
595: -1
596: -1
597: -1
598: -1
599: -1
600: -1
601: -1
602: -1
603: -1
604: -1
605: -1
606: -1
607: -1
608: -1
609: 15 351 711 -1
610: 15 127 165 351 -1
611: 15 189 198 211 264 268 338 385 608 673 725 768 -1
612: 15 190 -1
613: 16 37 81 142 322 470 656 693 704 705 802 860 -1
614: 16 25 37 81 85 161 195 224 322 471 583 656 657 1635 2287 2446 2448 -1
615: 16 25 92 230 346 361 374 377 385 408 416 443 572 574 579 583 690 867 912 934 979 1669 1701 2446 -1
616: 16 25 195 341 935 2446 2447 2448 2449 -1
617: 16 618 620 -1
618: -1
619: -1
620: -1
621: 532 542 544 -1
622: 596 -1
623: 596 -1
624: 596 -1
625: 596 -1
626: 596 -1
627: 596 -1
628: 596 -1
629: 596 -1
630: 596 -1
631: 596 -1
632: 596 -1
633: 596 -1
634: 596 -1
635: 17 643 -1
636: 596 -1
637: 596 -1
638: 596 -1
639: 596 -1
640: 596 -1
641: 596 -1
642: 596 -1
643: 596 -1
644: 596 -1
645: 596 -1
646: 596 -1
647: 596 -1
648: 596 -1
649: 596 -1
650: 596 -1
651: 596 -1
652: 596 -1
653: 596 -1
654: -1
655: -1
656: -1
657: -1
658: -1
659: -1
660: -1
661: -1
662: -1
663: -1
664: -1
665: -1
666: -1
667: -1
668: -1
669: -1
670: -1
671: -1
672: -1
673: -1
674: 457 -1
675: 1707 -1
676: 446 462 539 691 1015 -1
677: -1
678: -1
679: 689 691 -1
680: -1
681: -1
682: -1
683: -1
684: -1
685: -1
686: 689 -1
687: -1
688: -1
689: -1
690: -1
691: -1
692: -1
693: -1
694: 20 -1
695: 20 30 701 703 859 -1
696: 20 30 699 701 703 708 859 -1
697: 20 701 703 -1
698: 20 703 -1
699: 20 30 701 703 708 859 -1
700: 202 245 365 1877 -1
701: -1
702: -1
703: -1
704: -1
705: -1
706: -1
707: -1
708: 357 605 -1
709: -1
710: 434 -1
711: -1
712: 715 716 -1
713: 715 716 -1
714: 715 716 -1
715: 23 -1
716: 23 -1
717: -1
718: -1
719: -1
720: -1
721: -1
722: -1
723: -1
724: -1
725: -1
726: -1
727: -1
728: -1
729: 192 -1
730: -1
731: -1
732: -1
733: -1
734: 582 -1
735: -1
736: -1
737: -1
738: 24 28 40 53 109 113 147 345 346 368 443 463 727 739 839 840 981 982 983 999 1004 1272 1290 1335 1419 1420 1596 1731 1736 1737 1788 1796 1803 1807 1838 1892 1898 1920 1929 1931 1932 1933 1934 1935 1936 1947 1948 1949 1950 1951 1952 1953 1954 1955 1956 1957 1958 1959 1963 1964 1965 1966 1967 1968 1972 1973 1974 1975 1976 1977 1978 2156 2158 2477 2478 -1
739: 1684 1685 -1
740: -1
741: 1287 -1
742: -1
743: -1
744: -1
745: -1
746: -1
747: -1
748: 1281 -1
749: -1
750: 1281 -1
751: -1
752: -1
753: -1
754: -1
755: -1
756: -1
757: -1
758: 25 -1
759: 25 450 -1
760: 25 341 1102 -1
761: 25 -1
762: 25 -1
763: 25 -1
764: 25 -1
765: 25 158 -1
766: 25 -1
767: 25 1136 1260 -1
768: 25 473 -1
769: 25 -1
770: 25 -1
771: 25 -1
772: 25 2420 -1
773: 25 -1
774: 25 -1
775: 25 -1
776: 25 -1
777: 25 -1
778: 25 -1
779: 25 -1
780: 25 -1
781: 25 -1
782: 25 -1
783: 25 -1
784: 25 -1
785: 25 1345 2285 -1
786: 25 -1
787: 25 -1
788: 25 -1
789: 25 -1
790: 25 -1
791: 25 337 444 -1
792: 25 -1
793: 25 194 470 -1
794: 25 2448 -1
795: 25 37 192 195 198 273 274 289 294 345 347 353 369 376 418 450 582 605 678 806 888 954 2269 2285 2399 2448 -1
796: 25 -1
797: 25 -1
798: 25 954 2447 2448 2449 -1
799: 25 37 195 294 443 450 463 471 794 954 2446 2447 2448 2449 -1
800: 25 2447 2449 -1
801: 530 541 545 678 830 888 896 2143 -1
802: -1
803: -1
804: -1
805: -1
806: -1
807: -1
808: -1
809: -1
810: -1
811: -1
812: -1
813: -1
814: -1
815: -1
816: -1
817: -1
818: -1
819: 459 460 826 827 831 832 2267 2336 -1
820: 27 38 41 547 978 984 1020 1022 1067 1068 1069 1070 1071 1073 1074 1078 1079 1081 1308 1309 1329 1454 1675 1844 1930 2148 2326 2327 2334 2338 -1
821: -1
822: -1
823: -1
824: -1
825: -1
826: -1
827: -1
828: -1
829: -1
830: -1
831: -1
832: -1
833: -1
834: 28 37 81 180 185 198 224 231 264 327 344 350 378 408 412 416 418 446 551 723 725 935 1075 1088 1089 -1
835: 28 -1
836: 28 -1
837: 28 839 840 -1
838: 28 839 840 -1
839: -1
840: -1
841: -1
842: 198 2399 -1
843: 29 842 846 847 848 849 852 853 854 855 2390 2399 2408 -1
844: 29 -1
845: 29 256 539 849 2446 -1
846: -1
847: -1
848: -1
849: -1
850: -1
851: -1
852: -1
853: -1
854: -1
855: -1
856: -1
857: 30 -1
858: 30 -1
859: -1
860: -1
861: -1
862: -1
863: 31 187 -1
864: 31 163 168 281 283 284 285 287 289 292 293 296 -1
865: 31 -1
866: 485 1510 -1
867: -1
868: -1
869: -1
870: 33 876 879 -1
871: -1
872: -1
873: -1
874: -1
875: -1
876: -1
877: -1
878: -1
879: -1
880: -1
881: -1
882: 884 -1
883: -1
884: -1
885: 34 192 211 235 346 900 913 -1
886: 34 207 211 230 235 259 264 270 272 342 346 470 583 808 894 895 900 907 913 990 1218 1227 1895 2318 2437 -1
887: -1
888: 1166 -1
889: -1
890: -1
891: -1
892: -1
893: -1
894: -1
895: -1
896: -1
897: 893 -1
898: -1
899: -1
900: -1
901: 35 905 1682 -1
902: 192 901 -1
903: 130 184 187 205 211 228 245 259 268 272 273 274 339 409 454 551 561 568 572 593 655 657 833 901 913 990 1245 1421 1611 2080 2147 2149 2150 2152 2174 2273 2278 2318 -1
904: 901 -1
905: -1
906: -1
907: -1
908: -1
909: -1
910: -1
911: -1
912: 802 -1
913: -1
914: 901 -1
915: -1
916: 591 837 924 925 926 927 928 929 930 1888 2010 -1
917: 36 916 918 924 925 926 927 929 930 -1
918: 591 837 924 925 926 927 928 929 930 -1
919: 255 259 327 344 354 410 454 465 552 586 591 607 657 723 792 805 837 909 917 924 925 926 927 928 929 930 990 1254 1279 1916 -1
920: 591 792 837 924 925 926 927 928 929 930 -1
921: 924 925 926 927 928 929 930 -1
922: 924 925 926 927 928 929 930 -1
923: 924 925 926 927 928 929 930 -1
924: 36 607 -1
925: 36 -1
926: 36 -1
927: 36 -1
928: 36 -1
929: 36 -1
930: 36 -1
931: 924 925 926 927 928 929 930 -1
932: 924 925 926 927 929 930 -1
933: 590 924 925 926 927 929 930 -1
934: 416 -1
935: -1
936: 37 -1
937: 37 -1
938: 37 -1
939: 37 -1
940: 37 -1
941: 37 -1
942: 37 2150 2152 2443 2444 -1
943: 37 -1
944: 37 -1
945: 37 702 -1
946: 37 -1
947: 37 43 198 395 550 835 -1
948: 37 198 1088 1089 -1
949: 37 -1
950: 37 127 347 -1
951: 37 416 690 935 2420 2448 -1
952: 37 142 705 -1
953: 37 -1
954: 37 -1
955: 37 -1
956: 37 -1
957: 37 -1
958: 37 81 1691 -1
959: 37 -1
960: 37 -1
961: 241 245 255 268 551 657 -1
962: 971 997 -1
963: 38 -1
964: 970 -1
965: 38 459 460 962 964 968 969 971 972 973 974 975 976 977 978 981 986 987 989 990 991 992 996 998 1000 1001 1002 1004 1007 2267 -1
966: 38 583 967 985 988 993 994 995 1003 1005 -1
967: 38 -1
968: -1
969: -1
970: -1
971: -1
972: -1
973: -1
974: -1
975: -1
976: -1
977: -1
978: 997 -1
979: -1
980: 997 -1
981: -1
982: -1
983: -1
984: -1
985: -1
986: 974 997 998 1000 -1
987: -1
988: 583 967 985 993 994 995 1003 -1
989: -1
990: -1
991: -1
992: -1
993: -1
994: -1
995: -1
996: -1
997: 975 996 -1
998: -1
999: 976 997 -1
1000: -1
1001: -1
1002: -1
1003: -1
1004: -1
1005: -1
1006: -1
1007: -1
1008: 459 460 1010 1013 1921 2267 -1
1009: -1
1010: -1
1011: -1
1012: -1
1013: -1
1014: -1
1015: -1
1016: -1
1017: 49 459 460 1021 1023 1025 1026 1027 1028 1032 1033 1034 1035 1036 1037 1041 1042 1043 1044 1045 1047 1048 1051 1052 1054 1055 1057 1058 1062 1063 1167 2055 -1
1018: -1
1019: -1
1020: -1
1021: 40 -1
1022: -1
1023: -1
1024: -1
1025: -1
1026: -1
1027: -1
1028: -1
1029: -1
1030: -1
1031: -1
1032: -1
1033: -1
1034: -1
1035: -1
1036: -1
1037: -1
1038: -1
1039: 722 -1
1040: -1
1041: -1
1042: -1
1043: -1
1044: -1
1045: -1
1046: -1
1047: -1
1048: -1
1049: -1
1050: -1
1051: -1
1052: -1
1053: -1
1054: -1
1055: -1
1056: -1
1057: -1
1058: -1
1059: -1
1060: -1
1061: -1
1062: -1
1063: -1
1064: 41 -1
1065: 41 -1
1066: 41 -1
1067: -1
1068: -1
1069: -1
1070: -1
1071: -1
1072: -1
1073: -1
1074: -1
1075: -1
1076: -1
1077: -1
1078: -1
1079: -1
1080: -1
1081: -1
1082: -1
1083: 408 -1
1084: -1
1085: -1
1086: -1
1087: -1
1088: -1
1089: -1
1090: -1
1091: 2420 -1
1092: 211 253 354 374 451 1098 1222 -1
1093: 202 273 274 366 369 424 1098 -1
1094: 1098 -1
1095: 934 1098 -1
1096: 1098 -1
1097: 1098 -1
1098: 44 797 1095 1097 1166 -1
1099: 1098 -1
1100: 1098 -1
1101: -1
1102: -1
1103: 539 -1
1104: -1
1105: -1
1106: -1
1107: -1
1108: -1
1109: -1
1110: -1
1111: -1
1112: -1
1113: -1
1114: -1
1115: -1
1116: -1
1117: -1
1118: -1
1119: -1
1120: -1
1121: -1
1122: -1
1123: 46 371 618 724 851 1009 1104 1105 1106 1107 1108 1109 1110 1111 1112 1113 1114 1115 1116 1117 1118 1119 1120 1121 1122 1125 1126 1127 1128 1129 1133 1134 1338 -1
1124: 46 1104 1105 1106 1107 1108 1109 1110 1111 1112 1113 1114 1115 1116 1117 1118 1119 1120 1121 1122 1125 1126 1127 1128 1129 1133 1134 2392 -1
1125: -1
1126: -1
1127: -1
1128: -1
1129: -1
1130: 46 -1
1131: 46 -1
1132: 46 -1
1133: -1
1134: -1
1135: -1
1136: -1
1137: -1
1138: -1
1139: -1
1140: 47 1137 1138 1141 1142 1143 1144 1145 1146 1147 1148 1149 1150 1151 1152 1153 1154 1155 1156 1157 1158 1159 1160 1161 1162 1163 1164 1165 -1
1141: -1
1142: -1
1143: -1
1144: -1
1145: -1
1146: -1
1147: -1
1148: -1
1149: -1
1150: -1
1151: -1
1152: -1
1153: -1
1154: -1
1155: -1
1156: -1
1157: -1
1158: -1
1159: -1
1160: -1
1161: -1
1162: -1
1163: -1
1164: -1
1165: -1
1166: -1
1167: 49 1019 1022 1039 -1
1168: 81 200 407 459 460 541 1551 1589 1625 1690 1703 1921 2488 -1
1169: -1
1170: -1
1171: -1
1172: -1
1173: -1
1174: -1
1175: -1
1176: 51 253 1172 1173 1174 1175 1177 1178 1179 1180 1181 1182 1183 1184 1185 1186 1187 1188 1189 1190 1191 1192 1193 1194 1195 1196 1197 1198 1199 1200 1201 1202 1203 1204 1205 1206 1207 -1
1177: -1
1178: -1
1179: -1
1180: -1
1181: -1
1182: -1
1183: -1
1184: -1
1185: -1
1186: -1
1187: -1
1188: -1
1189: -1
1190: -1
1191: -1
1192: -1
1193: -1
1194: -1
1195: -1
1196: -1
1197: -1
1198: -1
1199: -1
1200: -1
1201: -1
1202: -1
1203: -1
1204: -1
1205: -1
1206: -1
1207: -1
1208: 1209 -1
1209: -1
1210: 1211 1212 1213 1214 1215 1216 1217 1219 1220 1221 1222 1223 1224 1225 1226 1228 1230 1231 1233 1234 -1
1211: -1
1212: -1
1213: -1
1214: -1
1215: -1
1216: -1
1217: -1
1218: -1
1219: -1
1220: -1
1221: -1
1222: -1
1223: -1
1224: -1
1225: -1
1226: -1
1227: -1
1228: -1
1229: -1
1230: -1
1231: 1232 -1
1232: -1
1233: -1
1234: -1
1235: 55 -1
1236: 55 -1
1237: 55 -1
1238: 55 385 -1
1239: 55 -1
1240: 55 -1
1241: 55 -1
1242: 55 -1
1243: 55 -1
1244: 1245 -1
1245: -1
1246: 56 232 385 732 841 888 935 -1
1247: 56 841 -1
1248: 56 841 -1
1249: 459 460 1252 1253 -1
1250: -1
1251: -1
1252: -1
1253: -1
1254: 459 460 -1
1255: -1
1256: -1
1257: 59 -1
1258: -1
1259: -1
1260: -1
1261: -1
1262: -1
1263: 751 1264 1815 -1
1264: 60 739 1275 1281 1287 1290 1291 -1
1265: -1
1266: -1
1267: 1269 1815 -1
1268: 273 681 741 742 747 750 751 754 757 1264 1279 1684 1803 1815 2076 2078 2083 -1
1269: 60 739 751 1265 1266 1267 1275 1278 1280 1281 1287 1290 1291 1294 1803 1982 1984 2081 2470 2471 -1
1270: -1
1271: -1
1272: -1
1273: 60 740 1270 -1
1274: 748 1280 1288 -1
1275: -1
1276: -1
1277: 1685 -1
1278: -1
1279: -1
1280: -1
1281: -1
1282: 741 742 748 750 1819 -1
1283: -1
1284: 744 748 1819 -1
1285: 741 742 744 750 1685 2079 -1
1286: -1
1287: -1
1288: -1
1289: -1
1290: 741 742 744 750 1819 1989 1991 -1
1291: -1
1292: -1
1293: -1
1294: -1
1295: 88 149 460 1651 1653 1656 1658 1667 1672 2486 -1
1296: 88 149 1645 1646 1647 1648 1649 1650 1651 1653 1654 1655 1659 1660 1661 1662 1663 1664 1666 1667 1668 1669 1670 1671 1672 1675 1676 2486 -1
1297: -1
1298: -1
1299: -1
1300: -1
1301: -1
1302: -1
1303: -1
1304: -1
1305: -1
1306: -1
1307: -1
1308: -1
1309: -1
1310: -1
1311: -1
1312: -1
1313: -1
1314: 374 408 425 574 718 720 -1
1315: -1
1316: -1
1317: 63 597 1319 -1
1318: 63 398 597 1139 2016 -1
1319: -1
1320: -1
1321: -1
1322: 1690 -1
1323: 65 -1
1324: -1
1325: 1328 -1
1326: -1
1327: -1
1328: -1
1329: -1
1330: -1
1331: -1
1332: -1
1333: -1
1334: -1
1335: -1
1336: -1
1337: -1
1338: 1346 -1
1339: -1
1340: -1
1341: 543 1338 1416 2390 2392 2399 2400 2408 2409 2416 2485 -1
1342: -1
1343: -1
1344: -1
1345: 2420 -1
1346: -1
1347: 70 289 314 347 353 443 463 602 684 746 -1
1348: 70 -1
1349: -1
1350: 70 1349 2473 -1
1351: 70 -1
1352: 202 270 1226 1353 2473 -1
1353: -1
1354: -1
1355: -1
1356: 71 1373 -1
1357: -1
1358: -1
1359: -1
1360: -1
1361: -1
1362: -1
1363: -1
1364: -1
1365: -1
1366: -1
1367: -1
1368: -1
1369: -1
1370: -1
1371: -1
1372: -1
1373: -1
1374: -1
1375: -1
1376: -1
1377: -1
1378: -1
1379: -1
1380: -1
1381: -1
1382: -1
1383: -1
1384: -1
1385: -1
1386: -1
1387: -1
1388: -1
1389: -1
1390: -1
1391: -1
1392: -1
1393: 1373 -1
1394: -1
1395: -1
1396: -1
1397: -1
1398: -1
1399: -1
1400: -1
1401: -1
1402: -1
1403: -1
1404: 1410 1411 1412 -1
1405: 1410 1412 -1
1406: 1410 -1
1407: -1
1408: -1
1409: -1
1410: -1
1411: -1
1412: -1
1413: 1410 1411 1412 -1
1414: 1410 1411 -1
1415: 73 -1
1416: 1346 2392 2407 -1
1417: 408 409 425 539 657 2392 -1
1418: 2407 -1
1419: -1
1420: -1
1421: -1
1422: -1
1423: -1
1424: -1
1425: -1
1426: 459 460 1428 1429 1432 2267 -1
1427: 1643 -1
1428: -1
1429: -1
1430: -1
1431: -1
1432: -1
1433: -1
1434: -1
1435: -1
1436: 1438 -1
1437: -1
1438: 76 1436 1437 1439 1440 1441 1442 1444 1445 1446 1449 1451 1452 1453 1454 -1
1439: -1
1440: -1
1441: -1
1442: -1
1443: -1
1444: -1
1445: -1
1446: -1
1447: -1
1448: -1
1449: -1
1450: -1
1451: -1
1452: -1
1453: -1
1454: -1
1455: -1
1456: 459 460 1462 1463 1464 1465 1466 1467 1468 1469 1470 1471 1472 1473 1474 1475 1476 1477 1478 1653 1667 -1
1457: 1462 1463 1464 1465 1466 1468 1469 1470 1471 1472 1473 1474 1475 1476 1477 1478 -1
1458: 1462 1463 1464 1465 1466 1468 1469 1470 1471 1472 1473 1474 1475 1476 1477 1478 -1
1459: -1
1460: -1
1461: -1
1462: -1
1463: -1
1464: -1
1465: -1
1466: -1
1467: -1
1468: -1
1469: 1456 1459 -1
1470: -1
1471: -1
1472: -1
1473: -1
1474: -1
1475: -1
1476: -1
1477: -1
1478: -1
1479: -1
1480: -1
1481: -1
1482: -1
1483: -1
1484: -1
1485: -1
1486: -1
1487: -1
1488: -1
1489: -1
1490: -1
1491: -1
1492: -1
1493: 79 1479 1480 1481 1482 1483 1484 1485 1486 1487 1488 1489 1490 1491 1492 1494 1495 1496 1497 1498 1499 1500 1501 1502 1503 1505 1506 -1
1494: -1
1495: -1
1496: -1
1497: -1
1498: -1
1499: -1
1500: -1
1501: -1
1502: -1
1503: -1
1504: -1
1505: -1
1506: -1
1507: -1
1508: 485 1510 -1
1509: 90 656 680 693 1136 1320 1690 -1
1510: 81 1344 -1
1511: 81 -1
1512: 81 -1
1513: 81 285 -1
1514: 81 472 -1
1515: 81 1344 1512 -1
1516: 81 543 1337 -1
1517: 81 543 -1
1518: 81 -1
1519: 81 -1
1520: 81 -1
1521: 81 -1
1522: 81 543 -1
1523: 81 543 -1
1524: 81 -1
1525: 81 543 -1
1526: 81 543 -1
1527: 81 543 -1
1528: 81 543 -1
1529: 81 543 -1
1530: 81 543 -1
1531: 81 543 -1
1532: 81 543 -1
1533: 81 543 -1
1534: 81 543 -1
1535: 81 -1
1536: 81 -1
1537: 81 543 -1
1538: 81 454 563 656 803 -1
1539: 81 -1
1540: 81 -1
1541: 81 -1
1542: 81 -1
1543: 81 -1
1544: 81 166 -1
1545: 81 166 -1
1546: 81 -1
1547: 81 -1
1548: 81 1346 -1
1549: 81 -1
1550: 81 543 -1
1551: 81 -1
1552: 81 -1
1553: 81 -1
1554: 81 -1
1555: 81 -1
1556: 81 -1
1557: 81 543 -1
1558: 81 709 977 -1
1559: 81 -1
1560: 81 -1
1561: 81 -1
1562: 81 -1
1563: 81 -1
1564: 81 1584 1585 1586 -1
1565: 81 -1
1566: 81 -1
1567: 81 585 -1
1568: 81 851 -1
1569: 81 -1
1570: 81 293 -1
1571: 81 -1
1572: 81 -1
1573: 81 -1
1574: 81 543 -1
1575: 81 -1
1576: 81 -1
1577: 81 721 -1
1578: 81 121 133 224 801 1219 2160 2164 2165 2446 -1
1579: 81 543 -1
1580: 81 -1
1581: 81 951 -1
1582: 81 198 200 224 543 -1
1583: 81 -1
1584: 693 -1
1585: -1
1586: -1
1587: -1
1588: -1
1589: 657 -1
1590: 82 1594 1595 -1
1591: 821 828 1598 1599 -1
1592: 82 1594 1595 1598 1599 -1
1593: 82 1594 1595 1598 1599 -1
1594: -1
1595: -1
1596: -1
1597: -1
1598: -1
1599: -1
1600: 83 434 444 451 453 454 -1
1601: 83 443 -1
1602: -1
1603: -1
1604: 84 -1
1605: 84 1603 1606 1607 1608 1609 1610 1611 1613 1614 -1
1606: -1
1607: -1
1608: -1
1609: -1
1610: -1
1611: -1
1612: -1
1613: -1
1614: -1
1615: -1
1616: 1460 1876 2281 -1
1617: -1
1618: -1
1619: -1
1620: -1
1621: -1
1622: -1
1623: 164 168 2288 -1
1624: 85 200 230 338 345 576 581 607 656 1337 1618 1619 1620 1621 1635 -1
1625: 85 1169 1170 1545 1635 2287 -1
1626: -1
1627: -1
1628: -1
1629: -1
1630: -1
1631: -1
1632: 85 132 796 1617 1618 1619 1620 1621 1622 1626 1627 1628 1629 1630 1631 1635 1636 1638 2285 2286 2287 -1
1633: 85 132 796 1617 1618 1619 1620 1621 1626 1627 1628 1629 1630 1631 1635 1636 1638 2285 2286 2287 -1
1634: 85 132 796 1460 1617 1618 1619 1620 1621 1626 1627 1628 1629 1630 1631 1635 1636 1638 2285 2286 2287 -1
1635: -1
1636: -1
1637: 435 451 604 1259 -1
1638: -1
1639: -1
1640: -1
1641: -1
1642: -1
1643: -1
1644: 690 -1
1645: -1
1646: -1
1647: -1
1648: -1
1649: -1
1650: -1
1651: 88 -1
1652: 88 -1
1653: -1
1654: -1
1655: -1
1656: -1
1657: -1
1658: -1
1659: -1
1660: -1
1661: -1
1662: -1
1663: -1
1664: -1
1665: -1
1666: -1
1667: -1
1668: -1
1669: -1
1670: -1
1671: -1
1672: -1
1673: -1
1674: -1
1675: -1
1676: -1
1677: 1821 -1
1678: 89 -1
1679: 89 1989 -1
1680: 89 192 1983 2082 -1
1681: 89 -1
1682: 89 966 -1
1683: -1
1684: -1
1685: -1
1686: -1
1687: 224 657 1692 1693 1694 2166 -1
1688: -1
1689: 1692 -1
1690: 90 -1
1691: 90 -1
1692: 90 142 704 705 1687 1688 1689 2020 2450 -1
1693: 90 142 704 705 1687 1688 1689 1692 2020 2450 -1
1694: 90 142 704 705 1687 1688 1689 2020 2450 -1
1695: -1
1696: -1
1697: 459 460 -1
1698: 192 206 385 656 657 679 1260 2154 2421 -1
1699: 1261 -1
1700: 92 156 199 210 220 232 250 321 328 369 379 408 409 411 424 425 426 446 464 545 747 830 1015 1251 1701 1893 1896 -1
1701: -1
1702: 168 -1
1703: -1
1704: -1
1705: 690 -1
1706: 485 1510 -1
1707: -1
1708: 2442 -1
1709: 1721 -1
1710: -1
1711: -1
1712: -1
1713: -1
1714: -1
1715: -1
1716: -1
1717: -1
1718: -1
1719: -1
1720: -1
1721: -1
1722: -1
1723: -1
1724: -1
1725: -1
1726: -1
1727: -1
1728: -1
1729: -1
1730: -1
1731: -1
1732: -1
1733: -1
1734: -1
1735: -1
1736: -1
1737: -1
1738: 94 -1
1739: -1
1740: 95 1739 1741 1742 1743 1744 1745 1746 1747 1748 1749 1750 1751 1752 1753 1754 1755 1756 1757 1758 1759 1760 1761 1762 1763 1764 1765 1766 1767 1768 1769 1770 1771 1772 1773 1774 1775 1776 1777 1778 1779 1780 -1
1741: -1
1742: -1
1743: -1
1744: -1
1745: -1
1746: -1
1747: -1
1748: -1
1749: -1
1750: -1
1751: -1
1752: -1
1753: -1
1754: -1
1755: -1
1756: -1
1757: -1
1758: -1
1759: -1
1760: -1
1761: -1
1762: -1
1763: -1
1764: -1
1765: -1
1766: -1
1767: -1
1768: -1
1769: -1
1770: -1
1771: -1
1772: -1
1773: -1
1774: -1
1775: -1
1776: -1
1777: -1
1778: -1
1779: -1
1780: -1
1781: -1
1782: 1786 1792 -1
1783: -1
1784: -1
1785: -1
1786: -1
1787: -1
1788: -1
1789: -1
1790: 1792 -1
1791: -1
1792: -1
1793: -1
1794: -1
1795: 98 -1
1796: 98 1820 -1
1797: 98 -1
1798: -1
1799: -1
1800: -1
1801: -1
1802: -1
1803: -1
1804: -1
1805: -1
1806: -1
1807: -1
1808: -1
1809: -1
1810: -1
1811: 1355 -1
1812: -1
1813: -1
1814: -1
1815: -1
1816: -1
1817: -1
1818: -1
1819: -1
1820: -1
1821: -1
1822: -1
1823: 1822 -1
1824: -1
1825: 100 1831 1832 1835 1837 1838 1839 1841 1843 -1
1826: 100 1837 1838 1841 1843 -1
1827: 100 1837 1838 1841 1843 -1
1828: 100 1837 1838 1841 1843 -1
1829: 100 1837 1838 1841 1843 -1
1830: 100 1837 1838 1841 1843 -1
1831: 1825 1828 -1
1832: 1825 1828 -1
1833: -1
1834: -1
1835: 1825 1826 1827 1828 1829 1830 -1
1836: 100 1831 1832 1833 1834 1835 1837 1838 1839 1840 1841 1842 1843 -1
1837: -1
1838: -1
1839: -1
1840: 1825 1830 -1
1841: -1
1842: -1
1843: -1
1844: -1
1845: 101 1848 1849 1853 1854 1855 1872 1873 1874 -1
1846: 460 1845 1856 1857 1858 1859 1860 1861 1862 1863 1864 1865 1866 1867 1868 1869 1870 1871 1875 1876 1877 1878 1879 1880 1882 1884 -1
1847: 1845 1875 1876 1884 -1
1848: 1857 -1
1849: 1861 -1
1850: 1860 -1
1851: 1857 1858 1860 1861 1863 1864 1865 1879 1880 1882 -1
1852: 1857 1860 1861 1865 1879 1880 -1
1853: -1
1854: -1
1855: -1
1856: -1
1857: -1
1858: -1
1859: -1
1860: -1
1861: -1
1862: -1
1863: -1
1864: -1
1865: -1
1866: -1
1867: -1
1868: -1
1869: -1
1870: -1
1871: -1
1872: -1
1873: -1
1874: -1
1875: -1
1876: -1
1877: -1
1878: -1
1879: -1
1880: -1
1881: -1
1882: -1
1883: -1
1884: -1
1885: -1
1886: 240 248 251 726 -1
1887: -1
1888: -1
1889: -1
1890: 1899 -1
1891: 990 1899 -1
1892: -1
1893: -1
1894: -1
1895: -1
1896: -1
1897: -1
1898: -1
1899: -1
1900: -1
1901: -1
1902: -1
1903: -1
1904: -1
1905: -1
1906: -1
1907: -1
1908: -1
1909: -1
1910: -1
1911: -1
1912: -1
1913: -1
1914: -1
1915: -1
1916: -1
1917: 459 460 -1
1918: -1
1919: -1
1920: -1
1921: -1
1922: 108 888 -1
1923: 108 -1
1924: 108 -1
1925: 108 -1
1926: 108 -1
1927: -1
1928: -1
1929: -1
1930: -1
1931: -1
1932: -1
1933: -1
1934: -1
1935: -1
1936: -1
1937: -1
1938: -1
1939: -1
1940: -1
1941: -1
1942: -1
1943: -1
1944: -1
1945: -1
1946: -1
1947: -1
1948: -1
1949: -1
1950: -1
1951: -1
1952: -1
1953: -1
1954: -1
1955: -1
1956: -1
1957: -1
1958: -1
1959: -1
1960: -1
1961: -1
1962: -1
1963: -1
1964: -1
1965: -1
1966: -1
1967: -1
1968: -1
1969: -1
1970: -1
1971: -1
1972: -1
1973: -1
1974: -1
1975: -1
1976: -1
1977: -1
1978: -1
1979: -1
1980: -1
1981: 359 459 460 602 817 1265 1271 1273 1279 1280 1985 1986 1991 2267 -1
1982: -1
1983: -1
1984: -1
1985: -1
1986: -1
1987: -1
1988: -1
1989: -1
1990: -1
1991: -1
1992: 459 460 -1
1993: -1
1994: -1
1995: 112 1993 1994 1996 1997 1998 1999 2000 2001 2002 2003 2004 2005 2006 2007 2008 2009 2011 2012 2013 2014 2015 -1
1996: -1
1997: -1
1998: -1
1999: -1
2000: -1
2001: -1
2002: -1
2003: 930 -1
2004: -1
2005: -1
2006: -1
2007: -1
2008: -1
2009: -1
2010: -1
2011: -1
2012: -1
2013: -1
2014: -1
2015: -1
2016: -1
2017: 113 -1
2018: 113 2024 -1
2019: 113 2024 -1
2020: 113 -1
2021: 113 2024 -1
2022: 113 2024 -1
2023: 113 2024 -1
2024: -1
2025: 114 1024 1025 1026 1027 1028 1029 1030 1031 1032 1033 1034 1035 1036 1037 1038 1040 1041 1042 1043 1044 1045 1046 1047 1049 1050 1051 1052 1053 1054 1055 1056 1057 1058 1059 1060 1061 1062 1063 2026 2027 2028 2029 2030 2031 2032 2033 2034 2035 2036 2037 2038 2039 2040 2041 2042 2043 2044 2045 2046 2047 2048 2049 2050 2051 2052 2053 2054 2055 2056 2057 2058 2059 2060 2061 2062 2063 2064 2065 2066 2067 2068 2069 2070 2071 2072 2073 2074 -1
2026: -1
2027: -1
2028: -1
2029: -1
2030: -1
2031: -1
2032: -1
2033: -1
2034: -1
2035: -1
2036: -1
2037: -1
2038: -1
2039: -1
2040: -1
2041: -1
2042: -1
2043: -1
2044: -1
2045: -1
2046: -1
2047: -1
2048: -1
2049: -1
2050: -1
2051: -1
2052: -1
2053: -1
2054: -1
2055: -1
2056: -1
2057: -1
2058: -1
2059: -1
2060: -1
2061: -1
2062: -1
2063: -1
2064: -1
2065: -1
2066: -1
2067: -1
2068: -1
2069: -1
2070: -1
2071: -1
2072: -1
2073: -1
2074: -1
2075: 1821 -1
2076: 1281 -1
2077: -1
2078: -1
2079: -1
2080: -1
2081: -1
2082: -1
2083: -1
2084: -1
2085: 829 1184 1192 1432 1596 1782 1783 1789 1790 1791 1794 1877 2087 2094 2095 2151 2321 2322 2349 2357 2522 -1
2086: 116 2087 2092 2093 -1
2087: -1
2088: 116 125 766 2085 2086 2087 2092 2093 2096 2097 2098 2216 2217 2218 2219 2220 2221 2222 2223 2224 2225 2226 2227 2228 2229 2230 2231 2232 2233 2234 2235 2236 -1
2089: 116 202 216 349 354 365 454 520 549 552 657 681 719 822 997 1010 1229 1254 1279 1598 1599 1667 1777 1916 2016 2092 2093 2172 2268 2351 2354 2487 2488 -1
2090: 116 2092 2093 -1
2091: 116 2092 2093 -1
2092: 2086 -1
2093: 2086 -1
2094: -1
2095: -1
2096: -1
2097: -1
2098: -1
2099: 117 2101 2102 2103 2104 2105 2106 2107 2108 2109 2110 2111 2112 2113 2114 2115 2116 2117 2118 2119 2120 2121 2122 2123 2124 2125 2126 2127 2128 2129 2130 2131 2132 2133 -1
2100: 117 887 1138 1139 1461 1536 1617 1638 1674 1690 1696 2104 2120 2192 2208 2282 2462 2463 2464 2465 2466 2467 2510 2513 2514 2517 -1
2101: -1
2102: -1
2103: -1
2104: -1
2105: -1
2106: -1
2107: -1
2108: -1
2109: -1
2110: -1
2111: -1
2112: -1
2113: -1
2114: -1
2115: -1
2116: -1
2117: -1
2118: -1
2119: -1
2120: -1
2121: -1
2122: -1
2123: -1
2124: -1
2125: -1
2126: -1
2127: -1
2128: -1
2129: -1
2130: -1
2131: -1
2132: 251 -1
2133: -1
2134: 118 2136 2137 2138 2139 2140 2141 2142 -1
2135: 118 2136 2137 2138 2139 2140 2141 2142 -1
2136: -1
2137: 2134 2135 2143 2144 2145 -1
2138: -1
2139: -1
2140: 2134 -1
2141: -1
2142: -1
2143: 2140 -1
2144: 2140 -1
2145: -1
2146: 459 460 -1
2147: -1
2148: 1643 2150 2152 -1
2149: -1
2150: -1
2151: -1
2152: -1
2153: -1
2154: -1
2155: -1
2156: -1
2157: -1
2158: -1
2159: -1
2160: -1
2161: 121 951 2400 2408 -1
2162: 121 133 2160 2164 2165 -1
2163: 121 133 2160 2164 2165 -1
2164: -1
2165: -1
2166: -1
2167: 2171 -1
2168: -1
2169: -1
2170: -1
2171: 2169 -1
2172: 124 459 2180 2181 2182 2183 2184 2185 2186 2187 2188 2189 2190 2191 2192 2193 2194 2195 2196 2197 2198 2199 2200 2201 2202 2203 2204 2205 2206 2207 2208 2209 2210 2211 2212 2213 -1
2173: 124 -1
2174: 124 2194 -1
2175: 124 -1
2176: 124 2181 2182 2183 2184 2185 2186 2187 2188 2189 2190 2191 2192 2193 2194 2195 2196 2197 2198 2199 2200 2201 2202 2203 2204 2205 2206 2207 2208 2209 2210 2211 2212 2213 -1
2177: 124 -1
2178: 124 2181 2182 2183 2184 2185 2186 2187 2188 2189 2190 2191 2192 2193 2194 2195 2196 2197 2198 2199 2200 2201 2202 2203 2204 2205 2206 2207 2208 2209 2210 2211 2212 2213 -1
2179: 124 2181 2182 2183 2184 2185 2186 2187 2188 2189 2190 2191 2192 2193 2194 2195 2196 2197 2198 2199 2200 2201 2202 2203 2204 2205 2206 2207 2208 2209 2210 2211 2212 2213 -1
2180: -1
2181: -1
2182: -1
2183: -1
2184: -1
2185: -1
2186: -1
2187: -1
2188: 2174 -1
2189: -1
2190: -1
2191: -1
2192: -1
2193: -1
2194: -1
2195: -1
2196: -1
2197: -1
2198: -1
2199: -1
2200: -1
2201: -1
2202: -1
2203: -1
2204: -1
2205: -1
2206: -1
2207: -1
2208: -1
2209: -1
2210: -1
2211: -1
2212: -1
2213: -1
2214: 125 766 1300 2216 2217 2218 2219 2220 2221 2222 2223 2224 2225 2226 2227 2228 2229 2230 2231 2232 2233 2234 2235 2236 2261 -1
2215: 125 766 896 900 1300 2216 2217 2218 2219 2220 2221 2222 2223 2224 2225 2226 2227 2228 2229 2230 2231 2232 2233 2234 2235 2236 -1
2216: 2087 -1
2217: -1
2218: 2087 -1
2219: -1
2220: -1
2221: -1
2222: -1
2223: -1
2224: -1
2225: -1
2226: -1
2227: -1
2228: -1
2229: -1
2230: -1
2231: -1
2232: -1
2233: -1
2234: -1
2235: -1
2236: -1
2237: 2238 2239 2240 2241 2242 2243 2244 2245 2246 2247 2248 2249 2250 2251 2252 2253 2254 2255 2256 2257 2258 2259 2260 -1
2238: -1
2239: -1
2240: -1
2241: -1
2242: 2237 -1
2243: -1
2244: -1
2245: -1
2246: -1
2247: -1
2248: -1
2249: -1
2250: -1
2251: -1
2252: -1
2253: -1
2254: -1
2255: -1
2256: -1
2257: -1
2258: -1
2259: -1
2260: -1
2261: 292 382 575 582 813 -1
2262: 127 417 -1
2263: 127 373 417 -1
2264: 417 1088 1089 2481 -1
2265: -1
2266: 459 460 -1
2267: -1
2268: -1
2269: -1
2270: 130 -1
2271: 130 718 -1
2272: 130 -1
2273: 130 184 211 234 236 254 256 268 454 545 551 572 657 894 903 913 1245 2150 2152 2519 -1
2274: 130 -1
2275: 130 320 907 1255 1894 2147 2149 2150 2152 2170 2288 -1
2276: 130 192 379 -1
2277: 130 185 188 192 219 230 379 408 425 444 534 540 575 583 685 688 719 721 723 724 725 727 728 730 731 732 733 734 735 736 737 824 828 869 912 1087 2084 2154 -1
2278: 130 -1
2279: 1166 -1
2280: -1
2281: -1
2282: -1
2283: 1211 -1
2284: -1
2285: -1
2286: -1
2287: 953 -1
2288: -1
2289: 2291 -1
2290: 134 2293 2294 2295 2296 -1
2291: 134 2295 2296 -1
2292: 134 2293 2294 2295 2296 -1
2293: -1
2294: -1
2295: -1
2296: -1
2297: 135 2298 2299 2300 2301 2302 2303 2304 2305 2306 2307 2308 2309 2310 2311 2312 2313 2314 2315 2316 -1
2298: -1
2299: -1
2300: -1
2301: -1
2302: -1
2303: -1
2304: -1
2305: -1
2306: -1
2307: -1
2308: -1
2309: -1
2310: -1
2311: -1
2312: -1
2313: -1
2314: -1
2315: -1
2316: -1
2317: -1
2318: -1
2319: -1
2320: 2325 -1
2321: -1
2322: -1
2323: -1
2324: -1
2325: -1
2326: -1
2327: -1
2328: -1
2329: -1
2330: 829 -1
2331: -1
2332: -1
2333: -1
2334: -1
2335: -1
2336: -1
2337: -1
2338: -1
2339: 1346 1416 1889 2392 2398 2407 -1
2340: -1
2341: 2408 -1
2342: 2408 -1
2343: -1
2344: 137 2350 2355 2358 -1
2345: 137 2350 2355 2358 -1
2346: 137 2350 2355 2358 -1
2347: 137 2355 -1
2348: 137 2355 -1
2349: 137 2355 -1
2350: 137 2355 -1
2351: 137 2355 -1
2352: 137 2355 -1
2353: 137 2355 -1
2354: 137 -1
2355: 2351 -1
2356: 137 2350 2355 2358 -1
2357: 137 2355 -1
2358: 137 2351 2355 -1
2359: 137 2355 2358 -1
2360: -1
2361: -1
2362: -1
2363: -1
2364: -1
2365: -1
2366: -1
2367: -1
2368: -1
2369: -1
2370: -1
2371: -1
2372: -1
2373: -1
2374: -1
2375: -1
2376: -1
2377: -1
2378: -1
2379: -1
2380: 137 2339 2340 2341 2342 2343 2360 2361 2362 2363 2364 2365 2366 2367 2368 2369 2370 2371 2372 2373 2374 2375 2376 2377 2378 2379 2383 2384 2385 2386 2387 2388 2389 2393 2394 2395 2396 2397 2401 2402 2403 2404 2405 2406 2410 2411 2412 2413 2414 2415 -1
2381: 137 2339 2340 2341 2342 2343 2360 2361 2362 2363 2364 2365 2366 2367 2368 2369 2370 2371 2372 2373 2374 2375 2376 2377 2378 2379 2383 2384 2385 2386 2387 2388 2389 2393 2394 2395 2396 2397 2401 2402 2403 2404 2405 2406 2410 2411 2412 2413 2414 2415 -1
2382: 137 2339 2340 2341 2342 2343 2360 2361 2362 2363 2364 2365 2366 2367 2368 2369 2370 2371 2372 2373 2374 2375 2376 2377 2378 2379 2383 2384 2385 2386 2387 2388 2389 2393 2394 2395 2396 2397 2401 2402 2403 2404 2405 2406 2410 2411 2412 2413 2414 2415 -1
2383: -1
2384: -1
2385: -1
2386: -1
2387: -1
2388: -1
2389: -1
2390: -1
2391: -1
2392: -1
2393: -1
2394: -1
2395: -1
2396: -1
2397: -1
2398: -1
2399: 2408 -1
2400: -1
2401: -1
2402: -1
2403: -1
2404: -1
2405: -1
2406: -1
2407: -1
2408: -1
2409: -1
2410: -1
2411: -1
2412: -1
2413: -1
2414: -1
2415: -1
2416: -1
2417: 138 1330 1331 -1
2418: -1
2419: 553 849 -1
2420: 168 -1
2421: -1
2422: 140 259 342 908 2423 2424 2425 2426 2427 2428 2429 2430 2431 2432 2433 2434 2435 2436 2437 2438 2439 2440 2441 -1
2423: -1
2424: -1
2425: -1
2426: -1
2427: -1
2428: -1
2429: -1
2430: -1
2431: -1
2432: -1
2433: -1
2434: -1
2435: -1
2436: -1
2437: -1
2438: -1
2439: -1
2440: -1
2441: -1
2442: -1
2443: -1
2444: -1
2445: -1
2446: -1
2447: -1
2448: -1
2449: 2447 -1
2450: -1
2451: 2452 2453 2454 2468 -1
2452: 143 2451 2455 2456 2457 2458 2459 2460 2461 -1
2453: 143 2451 2455 2456 2457 2458 2459 2460 2461 -1
2454: 143 2451 2455 2456 2457 2458 2459 2460 2461 -1
2455: 2452 2453 2454 2468 -1
2456: 2452 2453 2454 2468 -1
2457: 2452 2453 2454 2468 -1
2458: 2452 2453 2454 2468 -1
2459: 2452 2453 2454 2468 -1
2460: 2452 2453 2454 2468 -1
2461: 2452 2453 2454 2468 -1
2462: -1
2463: 143 -1
2464: 143 -1
2465: 143 -1
2466: 143 -1
2467: 143 -1
2468: -1
2469: 145 -1
2470: 274 1265 1276 1280 -1
2471: -1
2472: -1
2473: -1
2474: -1
2475: 147 2477 2478 -1
2476: 147 2474 2477 2478 -1
2477: -1
2478: -1
2479: 148 -1
2480: 148 -1
2481: -1
2482: 2483 2485 -1
2483: -1
2484: 2483 2485 -1
2485: -1
2486: 1657 1665 -1
2487: -1
2488: 1168 1169 1170 1516 -1
2489: 150 2490 2491 2492 2493 2494 2495 2496 2497 2498 2499 2500 2501 2502 2503 2504 2505 -1
2490: -1
2491: -1
2492: -1
2493: -1
2494: -1
2495: -1
2496: -1
2497: -1
2498: -1
2499: -1
2500: -1
2501: -1
2502: -1
2503: -1
2504: -1
2505: -1
2506: 1657 1665 -1
2507: 151 -1
2508: 1297 1298 1299 1301 1302 1303 1304 1305 1306 1307 1310 1311 1312 1313 2486 -1
2509: 1297 1298 1299 1301 1302 1304 1305 1306 1307 1310 1311 1312 1313 -1
2510: -1
2511: -1
2512: -1
2513: -1
2514: -1
2515: -1
2516: -1
2517: -1
2518: 153 468 483 486 972 987 1073 1080 1171 1186 1217 1448 1535 1565 1642 1793 1906 1908 1986 2077 2081 2265 2319 2429 2431 2435 2454 2457 2458 2468 2490 2511 2512 2515 2516 2520 2521 -1
2519: -1
2520: -1
2521: -1
2522: -1
