0: 83 179 198 212 213 231 547 554 562 563 565 574 1090 1203 1204 1420 1421 1442 1450 1454 1542 1544 1549 1550 1555 1556 1558 1559 1562 1565 1567 1568 1571 1573 1574 1575 1576 1577 1580 1581 1582 1583 1584 1596 1598 1604 1605 1606 1607 1613 1614 1616 1619 1622 1623 1626 1628 1629 1630 1631 1634 1640 1644 1645 1646 1648 1650 1666 1668 1670 1677 1678 1685 1703 1868 1947 1961 2070 2073 2075 2466 2504 2586 2590 2591 2593 2726 -1
1: 133 232 233 234 235 236 237 238 239 240 241 242 243 244 246 247 249 250 251 252 253 254 255 256 257 258 259 260 261 262 263 264 265 266 267 268 269 270 271 272 273 274 451 640 660 763 808 853 1233 2019 2204 2205 2575 -1
2: 275 276 277 278 279 280 281 282 283 284 285 286 287 288 289 290 291 292 293 294 295 296 297 298 299 300 301 302 303 304 305 306 307 308 309 310 311 -1
3: 312 313 314 315 316 317 318 319 320 321 322 323 324 325 326 327 328 329 330 331 -1
4: 332 333 334 335 336 337 338 339 340 341 342 343 344 -1
5: 345 346 347 348 349 350 351 352 353 354 355 356 358 359 360 361 362 364 365 366 367 368 369 370 371 372 373 454 -1
6: 381 385 386 389 390 391 394 395 396 401 402 403 451 453 537 586 645 653 658 659 665 672 673 675 752 753 755 761 763 823 824 825 827 829 831 853 858 1031 1161 1773 1785 2575 -1
7: 405 407 413 414 415 -1
8: 420 421 422 423 424 425 426 427 428 429 430 431 432 434 435 436 437 438 440 441 442 443 444 445 446 447 448 -1
9: 449 450 451 452 453 -1
10: 455 456 457 460 461 462 463 464 467 468 469 -1
11: 470 471 472 473 474 475 476 477 478 479 480 481 482 483 484 485 486 487 488 489 490 491 492 493 494 495 496 497 498 499 500 501 502 503 504 505 -1
12: 395 516 517 518 519 520 522 523 524 525 526 527 528 529 530 532 533 534 535 536 537 538 702 853 -1
13: 540 541 543 547 548 553 554 555 556 557 562 563 564 565 566 569 570 572 574 579 580 581 1479 -1
14: 19 537 582 583 584 585 586 587 588 589 590 702 764 852 858 -1
15: 615 -1
16: 133 452 454 530 630 631 632 633 634 635 636 637 638 639 640 641 642 643 644 645 2205 -1
17: 391 401 523 538 638 645 646 647 648 649 650 651 652 653 654 655 657 658 659 660 661 662 663 664 665 666 667 668 669 670 671 672 673 674 675 676 677 -1
18: 678 679 680 681 682 683 684 685 686 687 688 689 -1
19: 381 386 390 527 537 586 672 673 761 825 829 831 853 858 2575 -1
20: 518 519 522 523 528 538 645 697 698 699 700 702 853 -1
21: 703 704 705 706 708 -1
22: 711 712 713 714 715 -1
23: 716 717 718 719 720 721 722 723 724 725 726 727 728 729 730 731 732 733 735 736 737 738 739 740 1499 -1
24: 673 741 742 743 744 745 747 748 749 750 -1
25: 20 386 401 515 522 523 526 528 531 532 537 538 586 648 653 663 697 699 752 753 754 755 756 757 758 759 760 761 763 764 765 766 853 -1
26: 703 706 767 768 770 771 772 773 -1
27: 784 785 787 788 789 790 791 794 795 796 800 801 802 803 -1
28: 405 410 412 413 804 805 -1
29: 241 -1
30: 523 651 653 660 661 806 807 808 809 810 811 812 853 1942 -1
31: 266 523 817 818 819 1167 1240 2395 -1
32: 451 537 702 823 824 825 826 827 -1
33: 60 164 390 660 702 755 828 829 830 831 832 833 -1
34: 838 839 840 842 844 845 846 847 848 849 -1
35: 519 584 586 588 702 764 851 852 853 855 856 857 858 859 860 861 862 -1
36: 865 866 867 868 869 870 871 872 873 874 875 876 877 878 879 880 881 882 883 886 887 888 889 890 891 892 893 -1
37: 409 1497 -1
38: 897 898 900 901 902 903 904 905 -1
39: 908 909 910 912 913 914 -1
40: 916 917 918 919 920 921 922 923 924 925 -1
41: 926 927 928 929 930 931 932 933 934 935 -1
42: 60 415 734 936 937 938 939 941 942 943 944 945 946 947 948 949 950 951 952 1237 -1
43: 960 969 1010 1183 1348 2004 -1
44: 537 1017 1018 1019 1020 2057 -1
45: 1019 1020 1021 1022 1023 1024 1025 1026 -1
46: 523 651 660 661 669 671 672 853 1029 -1
47: 519 520 522 528 531 653 702 853 1031 1032 1033 1034 1340 -1
48: 522 523 528 672 853 1037 -1
49: 522 523 528 529 531 859 1038 1039 1040 -1
50: 31 390 829 831 1046 -1
51: 43 1048 1049 1050 1052 1056 1057 1058 1059 1062 1064 1065 2408 -1
52: 1068 1069 1070 1071 1072 1073 1074 1075 1077 1078 1079 1080 1081 1082 1083 1084 1085 1086 1087 -1
53: 1088 1089 1091 1092 1093 1096 1098 1115 1116 1117 1132 1133 1134 1135 1136 -1
54: 418 1152 1153 1154 1155 1156 -1
55: 410 412 1158 1159 -1
56: 519 653 702 853 -1
57: 381 390 712 829 831 1160 1161 -1
58: 329 390 829 831 1162 1163 1164 1165 1166 1167 2602 -1
59: -1
60: 519 522 523 528 532 653 702 853 1176 1177 -1
61: 971 1180 1181 1182 1183 1184 1185 1187 1188 1189 1190 -1
62: 83 1194 1198 1199 1200 1201 1202 1203 1204 1205 1206 1207 1208 1209 1210 1211 1212 -1
63: 1224 -1
64: 523 653 1227 1228 1229 1230 1231 1232 1233 1234 1235 -1
65: 418 1236 -1
66: 243 1163 2810 -1
67: 43 974 1240 1241 1242 1243 1244 1245 1351 -1
68: -1
69: 1319 1321 1322 1323 1324 1330 -1
70: 234 240 316 534 562 584 620 653 684 697 739 795 852 853 855 861 866 876 901 922 929 930 932 939 958 1161 1333 1335 1336 1337 1400 1660 1666 1822 1889 1993 1997 2002 2073 2163 2207 2217 2221 2311 2413 2417 2423 2437 2812 -1
71: 385 390 589 590 829 831 1338 1339 2190 2193 2507 -1
72: 586 1034 1836 2411 2412 -1
73: 522 528 678 682 -1
74: 43 1341 1342 1343 1344 1345 1346 1347 1348 1349 1350 1351 1352 1353 1354 1355 -1
75: 1397 1398 1399 1400 1402 1403 1404 1405 1406 1409 1410 1411 1412 1413 1414 1415 1416 1418 1419 1420 1421 1422 1423 1424 1425 1426 1447 -1
76: -1
77: 1319 1437 1441 1442 1443 1444 1445 1446 1447 1448 1449 1450 1451 1452 1453 1454 1457 1459 1460 1461 1462 1463 1464 1465 1466 1467 1468 1469 1470 1471 1472 1473 1474 1475 1476 1477 1479 1481 -1
78: 914 -1
79: 853 930 1484 1485 1486 -1
80: 519 522 523 528 702 1487 1488 1489 2194 -1
81: 721 728 731 1491 1493 1494 1495 1496 1497 1498 1499 1500 1501 1502 1503 -1
82: 1532 1534 1535 1536 1537 1538 1539 2424 -1
83: 1198 1420 1637 1654 1655 1659 1660 1661 1662 1663 1664 1665 1666 1667 1668 1669 1670 1671 1672 1673 1674 1675 1676 1677 1678 1679 1680 1681 1682 1683 1684 1685 1686 1687 1688 1689 1690 1691 1692 1693 -1
84: -1
85: 1455 1703 1704 1705 1706 1711 1712 -1
86: 1715 1717 1718 1719 1720 1721 1722 1723 1725 1726 1727 1728 1729 1730 1731 1732 1733 1734 1735 1736 1737 1738 1739 1740 1741 1742 1743 1744 1745 1746 1747 1748 1749 1750 1751 1753 1754 1755 1756 1757 1758 1759 1761 -1
87: 1534 1539 -1
88: 645 700 702 853 -1
89: 523 537 538 1773 1774 -1
90: 526 663 702 853 -1
91: 538 643 645 653 763 853 1782 1783 1784 1785 -1
92: 1241 1792 1793 1794 1795 1796 1797 1798 -1
93: 519 522 528 702 765 853 -1
94: 523 1799 1800 1801 -1
95: 1808 1809 1810 1811 1812 1813 1814 1815 1816 1817 1818 1819 1820 1821 1822 1823 1824 -1
96: 1825 1826 -1
97: 1828 1836 1844 -1
98: 1861 1862 1863 1864 1865 1866 1867 1868 1869 1870 1872 1873 1874 1875 1876 1877 1879 1880 -1
99: 1891 1892 -1
100: 1919 1920 1928 1941 -1
101: 401 663 929 1942 1943 1944 1945 -1
102: 684 698 699 917 1071 1077 1161 1210 1418 1946 1947 1948 1949 1950 1951 1952 2609 2612 -1
103: 971 1185 -1
104: 1965 1970 -1
105: 1972 1973 1974 1975 1976 -1
106: 411 416 1979 1980 -1
107: 390 586 824 829 831 853 1981 1982 1983 -1
108: 1985 1986 1993 1997 -1
109: 416 910 1979 1999 -1
110: 43 1065 1242 1244 1245 2001 2002 2003 2004 -1
111: 519 522 526 528 653 702 -1
112: 1941 2006 2007 -1
113: 971 1185 2002 2013 -1
114: 234 243 316 523 683 688 719 1165 1335 2016 2017 2018 2019 2602 -1
115: 2020 2021 2022 2023 2024 2025 2026 2027 2028 2029 2030 -1
116: 2031 2032 -1
117: 914 2046 -1
118: 2047 2048 2049 -1
119: 240 522 523 528 1489 1799 2050 2051 2052 -1
120: 1825 1826 2194 -1
121: 523 853 1032 1035 2056 2057 2058 2561 2562 -1
122: 1406 2069 2070 2072 2073 2074 2075 -1
123: 519 522 523 528 671 2076 2791 -1
124: 2077 2078 2079 -1
125: -1
126: 523 2186 -1
127: 385 1338 1339 2030 2190 2192 2193 -1
128: 390 829 831 -1
129: 853 1335 -1
130: 2327 -1
131: 1836 2195 -1
132: 2204 -1
133: 2206 2207 -1
134: 390 537 829 831 -1
135: 522 523 528 2208 -1
136: 2209 2210 2212 2213 2214 2215 2216 2217 2218 2219 2220 2221 2222 -1
137: 2289 -1
138: 2311 2312 -1
139: 829 -1
140: 764 858 2315 2316 -1
141: 902 2330 -1
142: 1836 -1
143: 2348 2349 2352 2353 2354 2355 2356 2357 -1
144: 43 1242 1245 -1
145: 2364 -1
146: 2391 -1
147: 43 1010 1065 1242 1243 1245 1793 2002 2003 2395 -1
148: 1049 1056 1062 2401 2408 -1
149: 452 532 634 643 664 673 676 756 825 860 862 1019 1488 1836 2410 2411 2412 2413 2423 2789 -1
150: 2417 2418 2419 -1
151: 2421 -1
152: 584 586 702 852 858 2422 2423 2424 2425 2426 2427 2428 -1
153: 2430 2431 2432 2433 2434 2435 2436 2437 2438 -1
154: 1163 1742 -1
155: 2465 2471 2473 -1
156: 1413 1705 2504 2505 2507 2508 2509 -1
157: 2512 2513 2514 2515 2516 -1
158: 523 653 1037 -1
159: 2517 2518 2519 2520 -1
160: 2521 2522 -1
161: 2534 2556 -1
162: 2558 2560 2561 2562 2563 -1
163: 297 299 391 527 644 650 651 661 662 667 672 683 685 811 812 853 868 930 1161 1335 1400 1942 1985 1997 2002 2204 2212 2213 2220 2564 2565 2614 2803 -1
164: 390 829 831 2567 -1
165: 701 2420 2569 2570 2571 2572 2573 2574 2575 -1
166: 416 910 2585 -1
167: 1413 1704 2586 2589 2590 2591 2592 2593 2594 2595 -1
168: 412 2596 2597 2599 -1
169: 522 523 528 653 700 702 758 853 2601 2602 -1
170: 717 722 728 2603 2609 2610 2611 2612 -1
171: 2613 2614 -1
172: 390 829 831 -1
173: -1
174: 1704 2786 2787 -1
175: 2788 2789 -1
176: 2790 -1
177: 2791 2793 -1
178: 2801 2802 2803 2804 2805 2806 2808 2809 2810 2812 2814 2815 2816 2817 2818 2819 -1
179: 0 13 180 181 190 191 192 193 194 195 196 197 199 200 201 202 203 204 205 206 207 208 209 210 211 212 214 215 216 217 218 219 220 221 222 223 224 225 226 227 228 229 230 539 549 550 551 552 558 559 560 561 571 578 1090 1179 1429 1430 1431 1432 1438 1439 1440 1444 1456 1478 1542 1544 1549 1550 1555 1558 1559 1562 1565 1567 1568 1573 1574 1575 1576 1577 1580 1581 1582 1583 1584 1596 1597 1598 1604 1605 1606 1607 1613 1614 1616 1619 1621 1622 1623 1626 1628 1629 1630 1631 1634 1640 1644 1645 1646 1648 2119 2120 2121 2122 2123 2124 2125 2508 2726 -1
180: 555 574 1420 1424 -1
181: 555 1420 -1
182: 1638 -1
183: 0 -1
184: 0 -1
185: 0 1660 1703 -1
186: 0 -1
187: 0 211 -1
188: 0 -1
189: 1703 2073 2163 -1
190: 548 555 1199 1411 1420 -1
191: -1
192: -1
193: -1
194: -1
195: 1402 1666 2163 -1
196: 1660 -1
197: -1
198: -1
199: -1
200: -1
201: -1
202: -1
203: -1
204: -1
205: -1
206: -1
207: -1
208: -1
209: -1
210: -1
211: -1
212: -1
213: 77 421 431 433 437 440 448 457 554 569 774 785 787 789 794 795 801 887 1049 1050 1054 1056 1058 1059 1060 1061 1063 1064 1199 1200 1210 1281 1319 1330 1355 1400 1406 1410 1450 1460 1465 1468 1470 1472 1473 1475 1476 1477 1479 1556 1666 1667 1678 1691 1703 1818 1970 2051 2071 2073 2074 2359 2404 2408 2450 2454 2461 2462 2466 2473 2586 2590 2591 2679 2708 -1
214: 83 573 1090 1198 1200 1204 1330 1402 1459 1660 1666 1680 1690 1703 1868 2163 2183 -1
215: -1
216: -1
217: -1
218: -1
219: -1
220: -1
221: -1
222: -1
223: 1324 1459 1474 1617 1618 1705 2463 -1
224: -1
225: -1
226: -1
227: -1
228: -1
229: -1
230: -1
231: -1
232: -1
233: -1
234: -1
235: -1
236: -1
237: -1
238: -1
239: -1
240: -1
241: -1
242: -1
243: 1163 2810 -1
244: -1
245: -1
246: -1
247: -1
248: -1
249: -1
250: -1
251: -1
252: -1
253: -1
254: -1
255: -1
256: -1
257: -1
258: -1
259: -1
260: -1
261: -1
262: -1
263: -1
264: -1
265: -1
266: -1
267: -1
268: -1
269: -1
270: -1
271: -1
272: -1
273: -1
274: -1
275: -1
276: -1
277: -1
278: -1
279: -1
280: -1
281: -1
282: -1
283: -1
284: -1
285: -1
286: -1
287: -1
288: -1
289: -1
290: -1
291: -1
292: -1
293: -1
294: -1
295: -1
296: -1
297: -1
298: -1
299: 719 -1
300: -1
301: -1
302: -1
303: -1
304: -1
305: -1
306: -1
307: -1
308: -1
309: -1
310: -1
311: -1
312: -1
313: -1
314: -1
315: -1
316: -1
317: -1
318: -1
319: -1
320: -1
321: -1
322: -1
323: -1
324: -1
325: -1
326: -1
327: -1
328: -1
329: -1
330: -1
331: -1
332: -1
333: -1
334: -1
335: -1
336: -1
337: -1
338: -1
339: -1
340: -1
341: -1
342: -1
343: -1
344: -1
345: -1
346: -1
347: -1
348: -1
349: -1
350: -1
351: -1
352: -1
353: -1
354: -1
355: -1
356: -1
357: 562 -1
358: -1
359: -1
360: 348 -1
361: -1
362: -1
363: -1
364: -1
365: -1
366: -1
367: -1
368: -1
369: -1
370: -1
371: -1
372: -1
373: -1
374: 537 -1
375: 653 -1
376: -1
377: -1
378: 389 -1
379: -1
380: -1
381: -1
382: -1
383: -1
384: -1
385: -1
386: -1
387: -1
388: -1
389: 537 702 858 -1
390: 831 -1
391: -1
392: -1
393: -1
394: -1
395: -1
396: -1
397: -1
398: -1
399: 381 586 -1
400: -1
401: -1
402: -1
403: -1
404: 1237 2438 -1
405: -1
406: -1
407: -1
408: -1
409: -1
410: -1
411: -1
412: -1
413: -1
414: -1
415: -1
416: -1
417: -1
418: -1
419: 944 945 -1
420: -1
421: -1
422: -1
423: -1
424: -1
425: -1
426: -1
427: -1
428: -1
429: -1
430: -1
431: -1
432: 430 -1
433: -1
434: -1
435: -1
436: -1
437: -1
438: -1
439: -1
440: -1
441: -1
442: -1
443: -1
444: -1
445: -1
446: -1
447: -1
448: -1
449: -1
450: -1
451: -1
452: -1
453: -1
454: -1
455: -1
456: -1
457: -1
458: 431 -1
459: 460 -1
460: -1
461: -1
462: -1
463: -1
464: -1
465: 461 -1
466: 456 457 460 468 -1
467: -1
468: -1
469: -1
470: -1
471: -1
472: -1
473: -1
474: -1
475: -1
476: -1
477: -1
478: -1
479: -1
480: -1
481: -1
482: -1
483: -1
484: 477 908 -1
485: -1
486: -1
487: -1
488: -1
489: -1
490: -1
491: -1
492: -1
493: -1
494: -1
495: -1
496: -1
497: -1
498: -1
499: -1
500: -1
501: -1
502: -1
503: -1
504: -1
505: -1
506: -1
507: -1
508: -1
509: -1
510: -1
511: -1
512: -1
513: -1
514: -1
515: -1
516: -1
517: -1
518: -1
519: -1
520: -1
521: -1
522: 528 -1
523: -1
524: -1
525: -1
526: -1
527: -1
528: -1
529: 49 586 766 1043 1044 1045 -1
530: -1
531: -1
532: -1
533: -1
534: -1
535: -1
536: -1
537: -1
538: -1
539: 555 574 580 1420 -1
540: -1
541: -1
542: -1
543: -1
544: -1
545: -1
546: -1
547: -1
548: -1
549: 555 1420 -1
550: 548 555 1420 -1
551: -1
552: 548 555 1420 -1
553: -1
554: -1
555: -1
556: -1
557: -1
558: 548 555 557 579 1402 1420 2594 -1
559: 548 555 1420 -1
560: 543 555 570 1420 -1
561: 212 555 574 1090 1420 -1
562: -1
563: -1
564: -1
565: -1
566: -1
567: 1170 -1
568: -1
569: -1
570: -1
571: 548 555 1420 2591 -1
572: -1
573: -1
574: -1
575: -1
576: -1
577: -1
578: 548 555 581 1420 -1
579: -1
580: -1
581: -1
582: -1
583: -1
584: -1
585: -1
586: 529 1038 1039 1040 -1
587: -1
588: -1
589: -1
590: -1
591: 596 597 598 604 605 610 611 612 613 614 619 620 621 622 623 629 -1
592: 623 -1
593: 623 -1
594: 623 -1
595: 623 -1
596: -1
597: 607 -1
598: -1
599: 623 -1
600: 623 -1
601: 623 -1
602: 623 -1
603: 623 -1
604: -1
605: -1
606: 623 -1
607: 623 -1
608: 623 -1
609: 623 -1
610: -1
611: -1
612: -1
613: -1
614: -1
615: -1
616: 623 -1
617: 623 -1
618: 623 -1
619: -1
620: -1
621: -1
622: -1
623: -1
624: 623 -1
625: 623 -1
626: 623 -1
627: 623 -1
628: 623 -1
629: -1
630: -1
631: -1
632: -1
633: -1
634: -1
635: -1
636: -1
637: -1
638: 645 -1
639: -1
640: -1
641: -1
642: -1
643: -1
644: -1
645: -1
646: -1
647: -1
648: -1
649: -1
650: -1
651: 526 700 -1
652: -1
653: -1
654: -1
655: -1
656: -1
657: -1
658: -1
659: 390 829 831 -1
660: -1
661: -1
662: -1
663: -1
664: -1
665: -1
666: -1
667: -1
668: -1
669: -1
670: -1
671: -1
672: -1
673: -1
674: -1
675: -1
676: -1
677: -1
678: -1
679: -1
680: -1
681: -1
682: 678 -1
683: -1
684: -1
685: -1
686: -1
687: -1
688: -1
689: -1
690: -1
691: -1
692: 584 852 -1
693: 20 299 854 1910 2046 2076 -1
694: 20 -1
695: 20 671 2005 -1
696: 20 -1
697: -1
698: -1
699: -1
700: -1
701: -1
702: -1
703: -1
704: -1
705: -1
706: -1
707: 773 892 -1
708: -1
709: 22 -1
710: 22 62 82 1195 1196 1197 -1
711: -1
712: -1
713: -1
714: -1
715: -1
716: 720 -1
717: -1
718: 737 -1
719: 240 345 530 688 698 699 853 867 930 1031 2051 2052 2597 -1
720: 939 -1
721: -1
722: -1
723: -1
724: -1
725: -1
726: -1
727: -1
728: -1
729: -1
730: -1
731: -1
732: -1
733: -1
734: -1
735: -1
736: 728 2603 -1
737: -1
738: -1
739: -1
740: -1
741: -1
742: -1
743: -1
744: -1
745: -1
746: 742 743 -1
747: -1
748: -1
749: -1
750: -1
751: 1020 1336 1773 -1
752: -1
753: -1
754: -1
755: -1
756: -1
757: -1
758: -1
759: -1
760: -1
761: -1
762: 381 385 390 586 645 653 664 700 829 831 853 1046 -1
763: 702 -1
764: -1
765: -1
766: 529 1038 1039 1040 -1
767: -1
768: -1
769: 773 -1
770: -1
771: -1
772: -1
773: -1
774: 790 797 802 -1
775: 801 -1
776: 796 -1
777: 782 785 796 801 -1
778: 785 796 -1
779: 27 786 787 789 790 792 794 799 802 -1
780: 27 785 -1
781: 27 433 785 789 -1
782: -1
783: -1
784: -1
785: -1
786: -1
787: -1
788: -1
789: -1
790: -1
791: -1
792: -1
793: 801 -1
794: -1
795: -1
796: -1
797: -1
798: 787 -1
799: -1
800: 784 -1
801: -1
802: 783 787 799 -1
803: -1
804: -1
805: -1
806: -1
807: -1
808: -1
809: -1
810: -1
811: -1
812: -1
813: 31 247 316 579 773 1166 1167 1227 1240 2437 2465 -1
814: 31 -1
815: 31 -1
816: 31 316 683 753 853 1055 1167 1355 1400 1532 1761 -1
817: -1
818: -1
819: -1
820: 32 -1
821: 32 -1
822: 32 -1
823: -1
824: -1
825: -1
826: -1
827: -1
828: -1
829: -1
830: 853 -1
831: -1
832: 381 826 853 -1
833: -1
834: 34 841 -1
835: 534 917 970 1017 1986 1993 1997 2215 2217 2219 -1
836: 34 -1
837: 34 -1
838: -1
839: -1
840: -1
841: -1
842: -1
843: -1
844: -1
845: -1
846: -1
847: -1
848: -1
849: -1
850: 35 -1
851: 1019 -1
852: 584 -1
853: 525 532 823 1799 2195 -1
854: -1
855: -1
856: -1
857: -1
858: -1
859: -1
860: 1031 -1
861: -1
862: -1
863: -1
864: -1
865: -1
866: -1
867: -1
868: -1
869: -1
870: -1
871: -1
872: -1
873: -1
874: -1
875: -1
876: -1
877: -1
878: -1
879: -1
880: 178 -1
881: 712 853 1812 2210 -1
882: -1
883: -1
884: -1
885: -1
886: -1
887: -1
888: -1
889: -1
890: -1
891: -1
892: -1
893: -1
894: 37 -1
895: 37 -1
896: 37 -1
897: -1
898: -1
899: -1
900: -1
901: -1
902: -1
903: -1
904: -1
905: -1
906: 914 -1
907: 39 906 911 -1
908: -1
909: -1
910: -1
911: -1
912: -1
913: -1
914: -1
915: 40 1752 1760 -1
916: -1
917: -1
918: -1
919: -1
920: -1
921: -1
922: -1
923: -1
924: -1
925: 923 -1
926: -1
927: -1
928: -1
929: 843 864 869 870 931 932 1170 1400 1416 1459 1460 1469 2032 2451 2464 2465 -1
930: -1
931: -1
932: -1
933: -1
934: -1
935: -1
936: 42 -1
937: -1
938: -1
939: -1
940: -1
941: -1
942: -1
943: -1
944: -1
945: -1
946: -1
947: -1
948: -1
949: -1
950: -1
951: 607 -1
952: -1
953: 960 978 1065 1178 1187 1243 1244 1341 1348 1354 2002 2003 2004 -1
954: 43 956 -1
955: 43 956 -1
956: -1
957: 43 -1
958: 43 -1
959: 43 237 241 255 271 385 451 452 471 483 488 505 521 527 634 662 683 684 700 712 823 849 879 917 930 931 932 939 1056 1228 1240 1337 1416 1459 1487 1488 1499 1674 1684 1724 1742 1809 1815 1985 2004 2194 2211 2215 2219 2348 2395 2417 2558 2564 2810 -1
960: 43 240 244 261 266 457 526 640 661 683 684 699 712 713 719 765 795 853 855 864 889 930 931 932 939 1065 1226 1240 1334 1335 1348 1400 1459 1489 1539 1808 1985 1999 2004 2019 2190 2212 2213 2216 2220 2430 2431 2435 2437 2438 2564 2601 2602 2614 2791 -1
961: 43 345 403 526 640 869 870 918 930 939 1351 1489 1532 1536 1537 1539 1649 1808 1822 1993 1997 2002 2004 2560 2609 -1
962: 43 2002 -1
963: 43 974 1065 1351 1793 2003 -1
964: 43 960 974 1010 1014 1059 1065 1188 1240 1241 1242 1245 1341 1351 1794 1796 2002 2395 -1
965: 43 -1
966: 43 960 1793 2790 -1
967: 43 983 1351 1793 2003 -1
968: 43 1241 -1
969: 43 1242 1245 2004 -1
970: 43 974 -1
971: 43 -1
972: 43 -1
973: 43 962 974 1793 -1
974: 43 244 266 292 316 494 505 562 604 651 661 681 683 684 717 753 773 812 849 853 855 901 904 930 931 932 939 1225 1227 1240 1323 1355 1536 1537 1539 1821 1822 1919 1920 1928 1942 1985 2002 2016 2017 2048 2050 2051 2212 2213 2220 2311 2355 2395 2564 2614 2813 -1
975: 43 974 -1
976: 43 1005 1065 1183 1240 1351 1793 2395 2400 -1
977: 43 2004 -1
978: 43 1793 2004 -1
979: 1794 -1
980: 43 1226 1539 2401 -1
981: 43 1065 -1
982: 43 -1
983: 43 930 1181 1242 1245 2004 2400 -1
984: 43 1065 -1
985: 43 1010 1244 -1
986: 43 -1
987: 43 1793 2004 -1
988: 43 -1
989: 43 51 996 1048 1050 1051 1054 1055 1056 1057 1058 1059 1060 1061 1062 1063 1065 1187 1240 1243 1341 1355 1793 1794 2002 2359 2395 2400 2403 2404 2405 2406 2407 2408 -1
990: 43 -1
991: 1794 1798 -1
992: 43 240 258 292 401 451 498 686 753 823 855 901 917 1009 1099 1159 1335 1793 1808 2312 2328 2331 2335 2816 -1
993: 43 -1
994: 43 -1
995: 43 1242 1245 -1
996: 43 -1
997: 43 1241 -1
998: 43 1242 1245 -1
999: 43 974 1351 -1
1000: 43 -1
1001: 43 -1
1002: 43 -1
1003: 43 1065 1348 1351 1793 1795 2790 -1
1004: 43 1065 -1
1005: 43 1054 1059 1065 1187 1188 1243 1348 2002 2003 2407 -1
1006: 43 970 974 1183 1190 1243 1351 1793 -1
1007: 43 650 656 812 1793 1794 2356 -1
1008: 43 -1
1009: 43 1793 -1
1010: 43 969 1348 1793 2004 2400 -1
1011: 43 -1
1012: 43 589 650 651 661 662 678 682 808 853 938 1014 1046 1065 1675 1973 -1
1013: 43 -1
1014: 43 661 806 808 2789 -1
1015: 43 956 -1
1016: 164 -1
1017: -1
1018: -1
1019: -1
1020: -1
1021: 45 377 660 690 853 1027 2311 -1
1022: -1
1023: -1
1024: -1
1025: -1
1026: -1
1027: -1
1028: 584 852 -1
1029: -1
1030: 390 831 -1
1031: 234 402 697 853 2050 -1
1032: 829 -1
1033: -1
1034: -1
1035: 48 121 -1
1036: 48 103 171 363 1074 1161 1953 1954 1955 1956 1957 1958 -1
1037: -1
1038: 49 586 766 1043 1044 1045 -1
1039: 49 586 766 1043 1044 1045 -1
1040: 49 586 766 1043 1044 1045 -1
1041: 49 -1
1042: 49 -1
1043: 529 1038 1039 1040 -1
1044: 529 1038 1039 1040 -1
1045: 529 1038 1039 1040 -1
1046: -1
1047: 51 -1
1048: -1
1049: -1
1050: -1
1051: 2407 -1
1052: -1
1053: 234 240 243 244 283 471 476 488 490 494 526 590 651 681 683 684 712 713 806 808 853 863 892 904 930 931 932 935 939 1050 1217 1225 1226 1228 1240 1536 1537 1539 1689 1742 2002 2004 2210 2212 2220 2327 2395 2403 2669 2810 -1
1054: -1
1055: -1
1056: -1
1057: 930 -1
1058: -1
1059: -1
1060: 1051 1054 1055 1059 1063 1065 1355 1793 2405 2408 -1
1061: -1
1062: -1
1063: -1
1064: -1
1065: -1
1066: -1
1067: -1
1068: 1084 -1
1069: -1
1070: -1
1071: -1
1072: -1
1073: -1
1074: -1
1075: -1
1076: 1068 -1
1077: -1
1078: -1
1079: -1
1080: -1
1081: -1
1082: -1
1083: -1
1084: -1
1085: 1086 -1
1086: -1
1087: -1
1088: 53 1098 1100 1101 1102 1103 1104 1105 1106 1107 1108 1109 1110 1111 1112 1113 1114 1117 1118 1119 1120 1121 1122 1123 1124 1125 1126 1127 1128 1129 1130 1131 1133 1137 1138 1139 1140 1141 -1
1089: 53 1124 1137 -1
1090: 53 213 1124 1137 -1
1091: 53 1100 -1
1092: 53 -1
1093: 53 -1
1094: 53 293 1125 1129 -1
1095: 53 -1
1096: 53 1100 1102 1103 1104 1105 1106 1119 1120 1125 1126 1127 1128 1130 1131 1138 1139 1140 -1
1097: 53 212 1100 1101 1102 1103 1104 1105 1106 1107 1108 1109 1110 1111 1112 1113 1114 1117 1118 1119 1120 1121 1122 1123 1124 1125 1126 1127 1128 1129 1130 1131 1133 1137 1138 1139 1140 1141 1542 1544 1549 1550 1555 1558 1559 1562 1565 1567 1568 1573 1574 1575 1576 1577 1580 1581 1582 1583 1584 1596 1598 1604 1605 1606 1607 1613 1614 1616 1619 1622 1623 1626 1628 1629 1630 1631 1634 1640 1644 1645 1646 1648 2726 -1
1098: -1
1099: -1
1100: -1
1101: -1
1102: -1
1103: -1
1104: -1
1105: -1
1106: -1
1107: -1
1108: -1
1109: -1
1110: -1
1111: -1
1112: -1
1113: -1
1114: -1
1115: -1
1116: -1
1117: -1
1118: -1
1119: -1
1120: -1
1121: -1
1122: -1
1123: -1
1124: -1
1125: -1
1126: -1
1127: -1
1128: -1
1129: -1
1130: -1
1131: -1
1132: -1
1133: 1112 -1
1134: -1
1135: -1
1136: -1
1137: -1
1138: -1
1139: -1
1140: 1096 -1
1141: 1117 1133 -1
1142: 1089 -1
1143: 54 170 1145 1146 1147 1148 1149 1150 1151 2603 2604 2605 2606 2607 2608 -1
1144: 54 170 1145 1146 1147 1148 1149 1150 1151 1490 2603 2604 2605 2606 2607 2608 -1
1145: 1156 -1
1146: -1
1147: -1
1148: 1152 -1
1149: -1
1150: -1
1151: -1
1152: -1
1153: -1
1154: -1
1155: -1
1156: -1
1157: 55 83 92 110 888 981 1203 1204 1205 2683 -1
1158: -1
1159: -1
1160: -1
1161: -1
1162: -1
1163: -1
1164: -1
1165: -1
1166: -1
1167: -1
1168: -1
1169: -1
1170: 541 542 869 870 1319 1413 1416 1459 1660 1679 1680 1703 -1
1171: 59 541 542 556 579 887 1156 1168 1169 1170 1172 1328 1330 1416 1454 1457 1459 1476 1704 1871 1948 2074 2796 2797 -1
1172: -1
1173: 60 -1
1174: 60 -1
1175: 60 532 832 -1
1176: -1
1177: -1
1178: 1065 1793 1794 1798 2002 -1
1179: 61 83 179 198 212 231 544 545 546 555 562 567 568 575 576 577 579 1090 1178 1203 1204 1205 1208 1323 1397 1418 1442 1450 1451 1454 1542 1544 1549 1550 1555 1556 1558 1559 1562 1565 1567 1568 1573 1574 1575 1576 1577 1580 1581 1582 1583 1584 1589 1596 1598 1604 1605 1606 1607 1613 1614 1616 1619 1622 1623 1626 1628 1629 1630 1631 1634 1640 1644 1645 1646 1648 1650 1681 1703 1711 1918 1927 1931 1961 1965 1971 2073 2218 2602 2726 -1
1180: -1
1181: -1
1182: -1
1183: -1
1184: -1
1185: 971 -1
1186: 316 753 1167 1689 -1
1187: -1
1188: -1
1189: -1
1190: -1
1191: 62 1195 1196 1197 -1
1192: 62 1195 1196 1197 -1
1193: 62 -1
1194: 62 -1
1195: -1
1196: -1
1197: -1
1198: 83 1203 1204 1323 -1
1199: -1
1200: -1
1201: -1
1202: -1
1203: -1
1204: -1
1205: -1
1206: -1
1207: -1
1208: -1
1209: -1
1210: -1
1211: -1
1212: -1
1213: 63 -1
1214: 63 -1
1215: 63 -1
1216: 63 -1
1217: 63 -1
1218: 63 -1
1219: 63 -1
1220: 63 -1
1221: 63 -1
1222: 63 -1
1223: 63 -1
1224: -1
1225: -1
1226: -1
1227: -1
1228: -1
1229: -1
1230: -1
1231: 1229 -1
1232: -1
1233: -1
1234: -1
1235: 584 852 -1
1236: -1
1237: -1
1238: 527 583 2424 -1
1239: 67 964 -1
1240: -1
1241: -1
1242: 1245 -1
1243: -1
1244: -1
1245: -1
1246: -1
1247: -1
1248: 68 1246 1247 1249 1250 1251 1252 1253 1254 1255 1256 1258 1259 1260 1261 1262 1263 1264 1266 1267 1268 1269 1270 1271 1272 1273 1274 1275 -1
1249: -1
1250: -1
1251: -1
1252: -1
1253: -1
1254: -1
1255: -1
1256: -1
1257: -1
1258: -1
1259: -1
1260: -1
1261: -1
1262: -1
1263: -1
1264: -1
1265: 1248 1257 1836 -1
1266: -1
1267: -1
1268: -1
1269: -1
1270: -1
1271: -1
1272: -1
1273: -1
1274: -1
1275: -1
1276: 540 793 795 1308 1460 1472 1594 1660 1666 1706 2473 2591 -1
1277: 180 1200 1424 1675 2073 2465 -1
1278: 69 85 155 1276 1277 1280 1281 1308 1311 1312 1313 1314 1315 1316 1317 1320 1325 1326 1327 1328 1329 1436 1437 1446 1695 1696 1697 1702 1707 1708 1709 1710 1713 2441 2443 2444 2445 2451 2452 2453 2456 2457 2458 2459 2460 2462 2467 2468 2469 2470 -1
1279: 69 85 155 1276 1277 1280 1282 1283 1284 1285 1286 1287 1288 1289 1290 1291 1292 1293 1294 1295 1296 1297 1298 1299 1300 1301 1302 1303 1311 1312 1313 1314 1315 1316 1317 1318 1320 1325 1326 1327 1328 1329 1436 1437 1446 1695 1696 1697 1698 1699 1700 1702 1707 1708 1709 1710 1713 2439 2440 2441 2442 2443 2444 2445 2446 2447 2448 2451 2452 2453 2456 2457 2458 2459 2460 2462 2467 2468 2469 2470 2472 -1
1280: -1
1281: -1
1282: -1
1283: -1
1284: -1
1285: -1
1286: -1
1287: -1
1288: -1
1289: -1
1290: -1
1291: -1
1292: -1
1293: -1
1294: -1
1295: -1
1296: -1
1297: -1
1298: -1
1299: -1
1300: -1
1301: -1
1302: -1
1303: -1
1304: 69 85 155 1276 1277 1281 1311 1312 1313 1314 1315 1317 1320 1325 1326 1327 1328 1329 1436 1437 1446 1516 1695 1702 1707 1708 1709 1710 1713 2441 2451 2452 2456 2457 2458 2459 2460 2462 2467 2468 2469 2470 -1
1305: 69 85 155 1276 1311 1312 1313 1314 1315 1320 1325 1326 1327 1328 1329 1436 1437 1446 1695 1707 1708 1709 1710 1713 2452 2456 2457 2458 2459 2467 2468 2469 2470 -1
1306: 69 85 155 1276 1311 1312 1313 1314 1315 1320 1325 1326 1327 1328 1329 1436 1437 1446 1695 1707 1708 1709 1710 1713 2452 2456 2457 2458 2459 2467 2468 2469 2470 -1
1307: 69 85 155 1276 1311 1312 1313 1314 1315 1320 1325 1326 1327 1328 1329 1436 1437 1446 1695 1707 1708 1709 1710 1713 2452 2456 2457 2458 2459 2467 2468 2469 2470 -1
1308: 69 85 1328 -1
1309: 69 85 155 1276 1277 1311 1312 1313 1314 1315 1317 1320 1325 1326 1327 1328 1329 1436 1437 1446 1695 1702 1707 1708 1709 1710 1713 2441 2451 2452 2456 2457 2458 2459 2460 2462 2467 2468 2469 2470 -1
1310: 69 85 155 1311 1312 1313 1314 1315 1320 1325 1326 1327 1328 1329 1436 1437 1446 1695 1707 1708 1709 1710 1713 2441 2452 2456 2457 2458 2459 2467 2468 2469 2470 -1
1311: -1
1312: -1
1313: 1685 -1
1314: -1
1315: -1
1316: -1
1317: -1
1318: -1
1319: -1
1320: 2450 -1
1321: -1
1322: -1
1323: -1
1324: -1
1325: -1
1326: -1
1327: -1
1328: -1
1329: -1
1330: -1
1331: 70 1334 -1
1332: 70 -1
1333: -1
1334: -1
1335: -1
1336: -1
1337: -1
1338: -1
1339: -1
1340: -1
1341: -1
1342: -1
1343: -1
1344: -1
1345: -1
1346: -1
1347: -1
1348: -1
1349: -1
1350: -1
1351: -1
1352: -1
1353: -1
1354: -1
1355: -1
1356: 1365 -1
1357: 75 1356 1358 1359 1360 1362 1363 1364 1366 1367 1368 1369 1372 1373 1376 1377 1378 1379 1380 1381 1382 1383 1384 1385 1386 1387 1388 1389 1390 1391 1392 1393 1394 1395 1396 1401 1407 -1
1358: -1
1359: -1
1360: -1
1361: 75 1356 1358 1359 1360 1362 1363 1364 1366 1367 1368 1369 1371 1372 1373 1376 1377 1378 1379 1380 1381 1382 1383 1384 1385 1386 1387 1388 1389 1390 1391 1392 1393 1394 1395 1396 1401 1407 1408 2396 2397 2398 2399 2424 -1
1362: -1
1363: -1
1364: -1
1365: 75 1356 1358 1359 1360 1362 1363 1364 1366 1367 1368 1369 1370 1371 1372 1373 1376 1377 1378 1379 1380 1381 1382 1383 1384 1385 1386 1387 1388 1389 1390 1391 1392 1393 1394 1395 1396 1401 1407 1408 -1
1366: -1
1367: -1
1368: -1
1369: -1
1370: -1
1371: -1
1372: -1
1373: -1
1374: 75 1356 1358 1359 1360 1362 1363 1364 1366 1367 1368 1369 1371 1372 1373 1376 1377 1378 1379 1380 1381 1382 1383 1384 1385 1386 1387 1388 1389 1390 1391 1392 1393 1394 1395 1396 1401 1407 -1
1375: 75 429 433 1323 1377 1380 1381 1382 1385 1386 1387 1389 1393 1660 1689 1868 1897 1927 1931 1937 2334 2509 -1
1376: 1400 1422 -1
1377: 565 1400 -1
1378: 1400 1422 -1
1379: -1
1380: 1417 1420 -1
1381: -1
1382: -1
1383: -1
1384: -1
1385: -1
1386: -1
1387: -1
1388: -1
1389: -1
1390: -1
1391: -1
1392: -1
1393: 1403 1423 -1
1394: -1
1395: -1
1396: -1
1397: -1
1398: -1
1399: -1
1400: -1
1401: -1
1402: -1
1403: -1
1404: -1
1405: -1
1406: -1
1407: -1
1408: 1355 1365 1403 1422 1423 1424 2816 -1
1409: -1
1410: -1
1411: -1
1412: -1
1413: -1
1414: -1
1415: -1
1416: -1
1417: 935 1659 1692 -1
1418: -1
1419: -1
1420: 1685 -1
1421: -1
1422: -1
1423: -1
1424: -1
1425: -1
1426: -1
1427: 76 661 -1
1428: 76 -1
1429: 1437 2085 2473 -1
1430: 2586 2590 -1
1431: -1
1432: -1
1433: 77 -1
1434: 77 1468 -1
1435: 77 1433 -1
1436: 77 -1
1437: 77 1454 1460 1472 -1
1438: 212 1090 -1
1439: 212 555 1090 1542 1544 1549 1550 1555 1558 1559 1562 1565 1567 1568 1573 1574 1575 1576 1577 1580 1581 1582 1583 1584 1596 1598 1604 1605 1606 1607 1613 1614 1616 1619 1622 1623 1626 1628 1629 1630 1631 1634 1640 1644 1645 1646 1648 2726 -1
1440: 1090 -1
1441: -1
1442: -1
1443: -1
1444: -1
1445: -1
1446: -1
1447: -1
1448: -1
1449: -1
1450: -1
1451: -1
1452: 1319 1457 -1
1453: -1
1454: -1
1455: -1
1456: -1
1457: -1
1458: 1323 -1
1459: -1
1460: -1
1461: -1
1462: -1
1463: -1
1464: -1
1465: -1
1466: -1
1467: -1
1468: -1
1469: -1
1470: 1404 -1
1471: -1
1472: -1
1473: -1
1474: -1
1475: -1
1476: -1
1477: -1
1478: -1
1479: -1
1480: 1319 1400 -1
1481: -1
1482: 914 -1
1483: 914 -1
1484: 1485 -1
1485: -1
1486: -1
1487: -1
1488: -1
1489: -1
1490: 81 170 417 717 722 725 728 731 737 739 740 939 1066 1067 1156 1499 -1
1491: 81 -1
1492: 81 282 502 1654 1724 2006 2048 -1
1493: -1
1494: -1
1495: -1
1496: -1
1497: -1
1498: -1
1499: -1
1500: -1
1501: -1
1502: -1
1503: -1
1504: -1
1505: -1
1506: -1
1507: -1
1508: -1
1509: 82 1504 1505 1506 1507 1508 -1
1510: 82 1504 1505 1506 1507 1508 -1
1511: 82 1504 1505 1506 1507 1508 -1
1512: 82 1504 1505 1506 1507 1508 -1
1513: 82 1504 1505 1506 1507 1508 -1
1514: 82 1504 1505 1506 1507 1508 -1
1515: 401 -1
1516: 82 1515 1533 -1
1517: 82 1504 1505 1506 1507 1508 -1
1518: 82 1504 1505 1506 1507 1508 -1
1519: 82 1504 1505 1506 1507 1508 -1
1520: 82 1504 1505 1506 1507 1508 -1
1521: 82 1504 1505 1506 1507 1508 -1
1522: 82 1504 1505 1506 1507 1508 -1
1523: 82 1504 1505 1506 1507 1508 -1
1524: 82 1504 1505 1506 1507 1508 -1
1525: 82 1504 1505 1506 1507 1508 -1
1526: 82 1504 1505 1506 1507 1508 -1
1527: 82 1504 1505 1506 1507 1508 -1
1528: 82 1504 1505 1506 1507 1508 -1
1529: 82 1504 1505 1506 1507 1508 -1
1530: 82 1504 1505 1506 1507 1508 -1
1531: 82 411 1504 1505 1506 1507 1508 1535 -1
1532: -1
1533: -1
1534: -1
1535: -1
1536: -1
1537: -1
1538: -1
1539: -1
1540: -1
1541: 83 1204 1205 1206 -1
1542: 83 1198 1204 1205 1668 -1
1543: 83 1204 1205 -1
1544: 83 1205 -1
1545: 83 1203 1204 1205 1450 -1
1546: 83 1204 1205 -1
1547: 83 1203 1204 1205 -1
1548: 83 1204 1205 -1
1549: 83 1203 1204 -1
1550: 83 1204 1205 1668 -1
1551: 83 1204 1205 1210 1615 1675 -1
1552: 83 234 240 451 506 507 508 509 510 511 512 513 514 584 651 852 853 1201 1202 1203 1204 1205 1206 1413 1673 1946 1950 2195 2586 2590 -1
1553: 83 1203 1204 1205 -1
1554: 83 1198 1203 1204 1205 -1
1555: 83 1203 1204 -1
1556: 83 1203 1204 1205 1211 1555 -1
1557: 83 1204 1205 -1
1558: 83 1203 1204 -1
1559: 83 1204 1205 -1
1560: 83 1198 1204 1205 -1
1561: 83 1203 1204 1205 -1
1562: 83 1204 -1
1563: 83 1204 1205 -1
1564: 83 1203 1204 -1
1565: 83 1203 1204 1205 -1
1566: 83 1203 1204 1205 -1
1567: 83 1203 1204 1205 -1
1568: 83 1203 1204 1205 -1
1569: 83 1203 1204 1205 1210 -1
1570: 83 234 1203 1204 1205 1470 1821 2216 -1
1571: 83 1203 1204 1205 1208 1655 -1
1572: 83 -1
1573: 83 1198 1203 1204 1205 1668 -1
1574: 83 1204 1205 -1
1575: 83 1204 1205 -1
1576: 83 1204 1205 -1
1577: 83 1203 1204 1205 1668 -1
1578: 83 1203 1204 1205 -1
1579: 83 1198 1203 1204 1205 -1
1580: 83 1203 1204 1205 -1
1581: 83 1203 1204 1205 -1
1582: 83 1203 1204 1205 -1
1583: 83 1203 1204 1205 -1
1584: 83 1203 1204 1205 -1
1585: 83 1203 1204 1205 -1
1586: 83 1204 1205 -1
1587: 83 1203 1204 1205 -1
1588: 83 1205 -1
1589: 83 1204 1205 -1
1590: 83 1204 1205 -1
1591: 83 1203 1204 1205 -1
1592: 83 1204 1205 -1
1593: 83 1203 1204 1205 -1
1594: 83 1203 1204 1205 1208 -1
1595: 83 1203 1204 1205 1210 1413 -1
1596: 83 1204 1205 1668 -1
1597: 83 1198 1204 1205 1596 -1
1598: 83 1204 1205 -1
1599: 83 1203 1204 1205 1600 2098 -1
1600: 83 1204 1205 -1
1601: 83 1204 1205 -1
1602: 83 1203 1204 1205 1666 2466 2586 2590 -1
1603: 83 1204 1205 -1
1604: 83 1204 1205 -1
1605: 83 1204 1205 -1
1606: 83 1204 1205 -1
1607: 83 1204 1205 -1
1608: 83 1203 1204 1205 1597 1659 1666 1692 -1
1609: 83 1203 1204 1205 -1
1610: 83 1203 1204 1205 1210 -1
1611: 83 1204 1205 -1
1612: 83 1203 1204 1205 -1
1613: 83 1203 1204 1205 -1
1614: 83 1203 1204 1205 1655 -1
1615: 83 1203 1204 -1
1616: 83 1203 1204 1205 -1
1617: 83 565 574 1199 1203 1204 1205 1413 1420 1424 1666 1674 1675 1684 2060 2466 -1
1618: 83 1203 1204 1205 -1
1619: 83 1204 1205 1479 1668 -1
1620: 83 1204 1205 -1
1621: 83 1204 1205 -1
1622: 83 1204 1205 1668 -1
1623: 83 1204 1205 -1
1624: 83 1204 1205 -1
1625: 83 1204 1205 -1
1626: 83 1204 1205 -1
1627: 83 1204 1205 -1
1628: 83 1198 1204 1205 1668 -1
1629: 83 1204 1205 1668 -1
1630: 83 1204 1205 -1
1631: 83 1204 1205 -1
1632: 83 1204 1205 -1
1633: 83 1204 1205 -1
1634: 83 1204 1205 -1
1635: 83 1204 1205 1207 -1
1636: 83 1204 1205 1637 1672 -1
1637: 83 1204 1205 1683 -1
1638: 83 1203 1204 1205 -1
1639: 83 1203 1204 1205 -1
1640: 83 1203 1204 -1
1641: 83 1203 1204 -1
1642: 83 1204 1400 1421 -1
1643: 83 1204 1205 -1
1644: 83 1204 1205 -1
1645: 83 1204 1205 -1
1646: 83 1198 1204 1205 1673 -1
1647: 83 1204 1205 -1
1648: 83 1204 1205 -1
1649: 83 1203 1204 1205 -1
1650: 83 1203 1204 1205 1655 -1
1651: 83 565 574 1203 1204 1323 1413 1424 1641 1650 1666 1671 1685 1689 1693 2466 2586 2590 -1
1652: 83 565 574 1204 1205 1323 1400 1415 1420 1421 1424 1426 1650 1660 1666 1674 1678 1684 1685 1689 2504 2586 2590 2592 2593 2683 -1
1653: 83 1203 1204 1205 -1
1654: 83 1203 1204 1205 -1
1655: 83 1204 -1
1656: 83 1203 1204 1323 1328 1400 1421 1424 1589 1650 1660 1671 1675 1679 1680 1689 2504 2593 -1
1657: -1
1658: 83 1203 1204 1205 1540 -1
1659: -1
1660: -1
1661: -1
1662: -1
1663: -1
1664: -1
1665: -1
1666: -1
1667: -1
1668: -1
1669: -1
1670: -1
1671: -1
1672: 1683 -1
1673: -1
1674: -1
1675: -1
1676: -1
1677: -1
1678: -1
1679: -1
1680: -1
1681: -1
1682: -1
1683: -1
1684: -1
1685: -1
1686: -1
1687: -1
1688: 1685 -1
1689: -1
1690: -1
1691: -1
1692: -1
1693: -1
1694: 84 473 478 482 562 563 2808 -1
1695: -1
1696: -1
1697: -1
1698: -1
1699: -1
1700: -1
1701: 85 -1
1702: -1
1703: -1
1704: -1
1705: -1
1706: -1
1707: -1
1708: -1
1709: -1
1710: -1
1711: -1
1712: -1
1713: -1
1714: 86 1715 1718 1719 1720 1721 1722 1725 1726 1727 1728 1729 1730 1731 1732 1733 1735 1737 1738 1739 1740 1743 1744 1745 1746 1747 1748 1749 1750 1753 1754 1755 1756 -1
1715: 86 1717 1718 1719 1720 1721 1722 1723 1724 1725 1726 1727 1728 1729 1730 1731 1732 1733 1734 1735 1736 1737 1738 1739 1740 1743 1744 1745 1746 1747 1748 1749 1750 1751 1753 1754 1755 1756 1757 1758 1759 1761 1762 -1
1716: 86 1723 -1
1717: -1
1718: -1
1719: -1
1720: -1
1721: -1
1722: -1
1723: 1717 1718 1719 1720 1721 1722 1725 1726 1727 1728 1729 1730 1731 1732 1733 1734 1735 1736 1737 1738 1739 1740 1743 1744 1745 1746 1747 1748 1749 1750 1753 1754 1755 1756 1757 -1
1724: -1
1725: -1
1726: -1
1727: -1
1728: -1
1729: -1
1730: -1
1731: -1
1732: -1
1733: -1
1734: -1
1735: -1
1736: -1
1737: -1
1738: -1
1739: -1
1740: -1
1741: -1
1742: -1
1743: -1
1744: -1
1745: -1
1746: -1
1747: -1
1748: -1
1749: -1
1750: -1
1751: -1
1752: 1760 -1
1753: -1
1754: -1
1755: -1
1756: 1723 -1
1757: -1
1758: -1
1759: -1
1760: 1752 -1
1761: -1
1762: 1715 -1
1763: -1
1764: -1
1765: -1
1766: -1
1767: 87 1763 1764 1765 1766 -1
1768: 88 140 270 274 342 376 379 385 388 452 530 537 586 590 632 633 638 642 643 653 668 673 702 705 764 827 857 1020 1032 2019 2329 2602 2615 -1
1769: 645 702 -1
1770: 88 562 1771 1772 -1
1771: -1
1772: -1
1773: -1
1774: -1
1775: 90 1334 -1
1776: 91 519 523 -1
1777: 91 712 890 1243 2436 -1
1778: 91 -1
1779: 91 -1
1780: 91 -1
1781: 91 -1
1782: -1
1783: -1
1784: -1
1785: -1
1786: 92 -1
1787: 92 1341 -1
1788: 92 -1
1789: 92 -1
1790: 92 -1
1791: 92 680 1323 1400 2335 -1
1792: -1
1793: -1
1794: -1
1795: -1
1796: -1
1797: -1
1798: -1
1799: -1
1800: -1
1801: -1
1802: -1
1803: -1
1804: -1
1805: -1
1806: -1
1807: 95 1802 1803 1804 1805 1806 -1
1808: -1
1809: -1
1810: -1
1811: -1
1812: -1
1813: -1
1814: -1
1815: -1
1816: -1
1817: -1
1818: -1
1819: -1
1820: -1
1821: -1
1822: -1
1823: -1
1824: -1
1825: 1826 -1
1826: -1
1827: 97 1829 1830 1831 1832 1833 1834 1835 1837 1838 1839 1840 1841 1842 1843 1845 1846 1847 1848 1849 1850 1851 1852 1853 1854 1855 1856 1857 1858 1859 -1
1828: -1
1829: -1
1830: -1
1831: -1
1832: -1
1833: -1
1834: -1
1835: -1
1836: -1
1837: -1
1838: -1
1839: -1
1840: -1
1841: -1
1842: -1
1843: -1
1844: -1
1845: -1
1846: -1
1847: -1
1848: -1
1849: -1
1850: -1
1851: -1
1852: -1
1853: -1
1854: -1
1855: -1
1856: -1
1857: -1
1858: -1
1859: -1
1860: 98 234 240 339 525 643 795 808 823 825 849 853 889 900 917 918 930 935 1019 1208 1227 1228 1335 1489 1822 1878 1993 1997 2207 2803 -1
1861: -1
1862: -1
1863: -1
1864: -1
1865: -1
1866: -1
1867: -1
1868: -1
1869: -1
1870: -1
1871: -1
1872: -1
1873: -1
1874: -1
1875: -1
1876: -1
1877: -1
1878: -1
1879: -1
1880: -1
1881: 99 1893 -1
1882: 1881 1892 -1
1883: 1881 -1
1884: 1881 -1
1885: 1881 -1
1886: 1881 -1
1887: 1881 -1
1888: 1881 -1
1889: -1
1890: 1881 -1
1891: -1
1892: -1
1893: -1
1894: 100 1915 1917 1925 1926 1930 1932 1933 1934 1935 1937 1939 -1
1895: 100 1915 1917 1925 1926 1930 1932 1933 1934 1935 1939 -1
1896: 100 1915 1917 1925 1926 1930 1932 1933 1934 1935 1939 -1
1897: 100 1915 1917 1925 1926 1930 1932 1933 1934 1935 1937 1939 -1
1898: 100 1915 1924 1932 1933 1936 1937 1939 -1
1899: 100 1915 1924 1932 1933 1936 1937 1939 -1
1900: 100 1915 1924 1932 1933 1936 1937 1939 -1
1901: 100 1915 1924 1932 1933 1936 1937 1939 -1
1902: 100 1915 1924 1932 1933 1936 1937 1939 -1
1903: 100 1915 1924 1932 1933 1936 1937 1939 -1
1904: 100 1902 1909 1910 1911 1912 1914 1916 1917 1921 1922 1923 1924 1925 1926 1927 1929 1932 1933 1935 1936 1937 1938 1939 1940 -1
1905: 100 1914 1916 1917 1921 1922 1923 1924 1925 1926 1927 1929 1932 1933 1935 1937 1938 1939 1940 -1
1906: 100 1914 1916 1917 1921 1922 1923 1924 1925 1926 1927 1929 1932 1933 1935 1937 1938 1939 1940 -1
1907: 100 1896 1897 1902 1904 1905 1906 1909 1910 1912 1914 1916 1917 1921 1922 1923 1924 1925 1926 1927 1929 1932 1933 1935 1937 1938 1939 1940 -1
1908: 100 1914 1916 1917 1921 1922 1923 1924 1925 1926 1927 1929 1932 1933 1935 1937 1938 1939 1940 -1
1909: 1895 1896 1897 1900 1904 1905 1906 1911 -1
1910: -1
1911: 100 240 243 366 530 853 862 901 1693 1822 1896 1897 1904 1905 1906 1909 1910 1914 1916 1917 1921 1922 1923 1924 1925 1926 1927 1929 1932 1933 1935 1937 1938 1939 1940 2051 2219 -1
1912: 100 1914 1916 1917 1921 1922 1923 1924 1925 1926 1927 1929 1932 1933 1935 1937 1938 1939 1940 -1
1913: 100 1914 1916 1917 1921 1922 1923 1924 1925 1926 1927 1929 1932 1933 1935 1937 1938 1939 1940 -1
1914: -1
1915: -1
1916: -1
1917: -1
1918: -1
1919: -1
1920: -1
1921: -1
1922: -1
1923: -1
1924: -1
1925: -1
1926: -1
1927: -1
1928: -1
1929: -1
1930: -1
1931: -1
1932: -1
1933: -1
1934: -1
1935: -1
1936: -1
1937: 607 620 623 1895 1896 1897 1899 1900 1902 1904 1905 1906 1919 1920 1928 -1
1938: -1
1939: 619 -1
1940: -1
1941: -1
1942: -1
1943: -1
1944: -1
1945: -1
1946: -1
1947: -1
1948: -1
1949: -1
1950: -1
1951: -1
1952: -1
1953: -1
1954: -1
1955: -1
1956: -1
1957: -1
1958: -1
1959: 104 1962 1963 1964 1966 1967 1968 1969 1971 -1
1960: 104 1966 1967 1968 1971 2168 2174 -1
1961: -1
1962: -1
1963: -1
1964: -1
1965: -1
1966: -1
1967: -1
1968: -1
1969: -1
1970: -1
1971: -1
1972: -1
1973: -1
1974: 1975 -1
1975: -1
1976: -1
1977: 940 2435 -1
1978: 947 -1
1979: -1
1980: 942 -1
1981: -1
1982: -1
1983: -1
1984: 108 234 240 333 345 350 351 354 362 366 370 371 372 385 487 590 684 712 719 734 753 853 855 916 917 918 919 922 923 924 925 930 1031 1034 1240 1532 1666 1822 1868 1986 1987 1988 1989 1990 1991 1992 1993 1994 1995 1996 1997 2048 2211 2312 2325 2326 2333 2334 2413 2429 2430 2437 2466 2561 -1
1985: -1
1986: -1
1987: -1
1988: -1
1989: -1
1990: -1
1991: -1
1992: -1
1993: -1
1994: -1
1995: -1
1996: -1
1997: -1
1998: 109 2424 -1
1999: -1
2000: 110 1348 -1
2001: 110 1348 -1
2002: -1
2003: -1
2004: -1
2005: 523 695 853 -1
2006: -1
2007: -1
2008: 113 2015 -1
2009: 113 -1
2010: 113 -1
2011: 113 -1
2012: 113 2417 -1
2013: 113 -1
2014: 113 899 2013 2192 -1
2015: -1
2016: 2017 -1
2017: -1
2018: -1
2019: -1
2020: -1
2021: -1
2022: -1
2023: -1
2024: -1
2025: -1
2026: -1
2027: -1
2028: -1
2029: -1
2030: -1
2031: -1
2032: -1
2033: 117 -1
2034: 117 -1
2035: 117 -1
2036: 117 -1
2037: 117 -1
2038: 117 -1
2039: 117 -1
2040: 117 -1
2041: 117 -1
2042: 117 -1
2043: 117 -1
2044: 117 -1
2045: 117 -1
2046: -1
2047: -1
2048: -1
2049: -1
2050: -1
2051: 395 521 530 644 697 755 758 765 853 -1
2052: -1
2053: 120 2055 -1
2054: 789 2053 -1
2055: -1
2056: 121 -1
2057: -1
2058: -1
2059: 580 1323 1400 1424 1671 1675 2073 2466 -1
2060: -1
2061: 1406 -1
2062: 1406 -1
2063: 1406 -1
2064: 1406 -1
2065: 1406 -1
2066: 1406 -1
2067: 2073 -1
2068: 1406 -1
2069: -1
2070: -1
2071: -1
2072: -1
2073: -1
2074: -1
2075: -1
2076: -1
2077: -1
2078: -1
2079: -1
2080: 1276 1323 1328 1378 1421 1424 1594 1641 1642 1650 1671 1675 1681 1689 2465 2466 -1
2081: 125 167 1441 2099 2100 2101 2102 2103 2104 2105 2106 2107 2108 2145 2147 2148 2149 2153 2154 2155 2159 2160 2161 2167 2168 2169 2173 2174 2177 2180 2185 2587 2588 -1
2082: -1
2083: -1
2084: -1
2085: -1
2086: -1
2087: -1
2088: -1
2089: -1
2090: -1
2091: -1
2092: -1
2093: -1
2094: -1
2095: -1
2096: -1
2097: -1
2098: -1
2099: -1
2100: -1
2101: 1413 -1
2102: -1
2103: -1
2104: -1
2105: -1
2106: -1
2107: -1
2108: -1
2109: 125 167 1441 1451 2082 2083 2084 2085 2086 2087 2088 2089 2090 2091 2092 2093 2094 2095 2096 2098 2099 2100 2101 2102 2103 2104 2105 2106 2107 2108 2139 2140 2141 2142 2143 2144 2145 2146 2147 2148 2149 2150 2151 2152 2153 2154 2155 2156 2157 2158 2159 2160 2161 2162 2163 2164 2165 2166 2167 2168 2169 2170 2171 2172 2173 2174 2175 2176 2177 2178 2179 2180 2181 2182 2183 2184 2185 2505 2587 2588 -1
2110: 125 167 1441 1451 2082 2083 2084 2085 2086 2087 2088 2089 2090 2091 2092 2093 2094 2095 2096 2098 2099 2100 2101 2102 2103 2104 2105 2106 2107 2108 2139 2140 2141 2142 2143 2144 2145 2146 2147 2148 2149 2150 2151 2152 2153 2154 2155 2156 2157 2158 2159 2160 2161 2162 2163 2164 2165 2166 2167 2168 2169 2170 2171 2172 2173 2174 2175 2176 2177 2178 2179 2180 2181 2182 2183 2184 2185 2505 2587 2588 -1
2111: 125 167 1441 1451 2082 2083 2084 2085 2086 2087 2088 2089 2090 2091 2092 2093 2094 2095 2096 2098 2099 2100 2101 2102 2103 2104 2105 2106 2107 2108 2139 2140 2141 2142 2143 2144 2145 2146 2147 2148 2149 2150 2151 2152 2153 2154 2155 2156 2157 2158 2159 2160 2161 2162 2163 2164 2165 2166 2167 2168 2169 2170 2171 2172 2173 2174 2175 2176 2177 2178 2179 2180 2181 2182 2183 2184 2185 2505 2587 2588 -1
2112: 125 167 1441 1451 2082 2083 2084 2085 2086 2087 2088 2089 2090 2091 2092 2093 2094 2095 2096 2098 2099 2100 2101 2102 2103 2104 2105 2106 2107 2108 2139 2140 2141 2142 2143 2144 2145 2146 2147 2148 2149 2150 2151 2152 2153 2154 2155 2156 2157 2158 2159 2160 2161 2162 2163 2164 2165 2166 2167 2168 2169 2170 2171 2172 2173 2174 2175 2176 2177 2178 2179 2180 2181 2182 2183 2184 2185 2505 2587 2588 -1
2113: 125 167 1441 1451 2082 2083 2084 2085 2086 2087 2088 2089 2090 2091 2092 2093 2094 2095 2096 2098 2099 2100 2101 2102 2103 2104 2105 2106 2107 2108 2139 2140 2141 2142 2143 2144 2145 2146 2147 2148 2149 2150 2151 2152 2153 2154 2155 2156 2157 2158 2159 2160 2161 2162 2163 2164 2165 2166 2167 2168 2169 2170 2171 2172 2173 2174 2175 2176 2177 2178 2179 2180 2181 2182 2183 2184 2185 2505 2587 2588 -1
2114: 125 167 1441 1451 2082 2083 2084 2085 2086 2087 2088 2089 2090 2091 2092 2093 2094 2095 2096 2098 2099 2100 2101 2102 2103 2104 2105 2106 2107 2108 2139 2140 2141 2142 2143 2144 2145 2146 2147 2148 2149 2150 2151 2152 2153 2154 2155 2156 2157 2158 2159 2160 2161 2162 2163 2164 2165 2166 2167 2168 2169 2170 2171 2172 2173 2174 2175 2176 2177 2178 2179 2180 2181 2182 2183 2184 2185 2505 2587 2588 -1
2115: 125 167 1441 1451 2082 2083 2084 2085 2086 2087 2088 2089 2090 2091 2092 2093 2094 2095 2096 2098 2099 2100 2101 2102 2103 2104 2105 2106 2107 2108 2139 2140 2141 2142 2143 2144 2145 2146 2147 2148 2149 2150 2151 2152 2153 2154 2155 2156 2157 2158 2159 2160 2161 2162 2163 2164 2165 2166 2167 2168 2169 2170 2171 2172 2173 2174 2175 2176 2177 2178 2179 2180 2181 2182 2183 2184 2185 2505 2587 2588 -1
2116: 125 167 1441 1451 2082 2083 2084 2085 2086 2087 2088 2089 2090 2091 2092 2093 2094 2095 2096 2098 2099 2100 2101 2102 2103 2104 2105 2106 2107 2108 2139 2140 2141 2142 2143 2144 2145 2146 2147 2148 2149 2150 2151 2152 2153 2154 2155 2156 2157 2158 2159 2160 2161 2162 2163 2164 2165 2166 2167 2168 2169 2170 2171 2172 2173 2174 2175 2176 2177 2178 2179 2180 2181 2182 2183 2184 2185 2505 -1
2117: 125 167 1441 1451 2082 2083 2084 2085 2086 2087 2088 2089 2090 2091 2092 2093 2094 2095 2096 2098 2099 2100 2101 2102 2103 2104 2105 2106 2107 2108 2139 2140 2141 2142 2143 2144 2145 2146 2147 2148 2149 2150 2151 2152 2153 2154 2155 2156 2157 2158 2159 2160 2161 2162 2163 2164 2165 2166 2167 2168 2169 2170 2171 2172 2173 2174 2175 2176 2177 2178 2179 2180 2181 2182 2183 2184 2185 2505 -1
2118: 125 167 1441 1451 2082 2083 2084 2085 2086 2087 2088 2089 2090 2091 2092 2093 2094 2095 2096 2098 2099 2100 2101 2102 2103 2104 2105 2106 2107 2108 2139 2140 2141 2142 2143 2144 2145 2146 2147 2148 2149 2150 2151 2152 2153 2154 2155 2156 2157 2158 2159 2160 2161 2162 2163 2164 2165 2166 2167 2168 2169 2170 2171 2172 2173 2174 2175 2176 2177 2178 2179 2180 2181 2182 2183 2184 2185 -1
2119: 125 167 1441 2082 2083 2084 2085 2086 2087 2088 2089 2090 2091 2092 2093 2094 2095 2096 2098 2099 2100 2101 2102 2103 2104 2105 2106 2107 2108 2139 2140 2141 2142 2143 2144 2145 2146 2147 2148 2149 2151 2152 2153 2154 2155 2156 2157 2158 2159 2160 2161 2162 2164 2165 2166 2167 2168 2169 2170 2171 2172 2173 2174 2175 2176 2177 2179 2180 2181 2183 2184 2185 2587 2588 -1
2120: 125 167 1441 2082 2083 2084 2085 2086 2087 2088 2089 2090 2091 2092 2093 2094 2095 2096 2098 2099 2100 2101 2102 2103 2104 2105 2106 2107 2108 2139 2140 2141 2142 2143 2144 2145 2146 2147 2148 2149 2151 2152 2153 2154 2155 2156 2157 2158 2159 2160 2161 2162 2164 2165 2166 2167 2168 2169 2170 2171 2172 2173 2174 2175 2176 2177 2179 2180 2181 2183 2184 2185 2587 2588 -1
2121: 125 167 1441 2082 2083 2084 2085 2086 2087 2088 2089 2090 2091 2092 2093 2094 2095 2096 2098 2099 2100 2101 2102 2103 2104 2105 2106 2107 2108 2139 2140 2141 2142 2143 2144 2145 2146 2147 2148 2149 2151 2152 2153 2154 2155 2156 2157 2158 2159 2160 2161 2162 2164 2165 2166 2167 2168 2169 2170 2171 2172 2173 2174 2175 2176 2177 2179 2180 2181 2183 2184 2185 2587 2588 -1
2122: 125 167 1441 2082 2083 2084 2085 2086 2087 2088 2089 2090 2091 2092 2093 2094 2095 2096 2098 2099 2100 2101 2102 2103 2104 2105 2106 2107 2108 2139 2140 2141 2142 2143 2144 2145 2146 2147 2148 2149 2151 2152 2153 2154 2155 2156 2157 2158 2159 2160 2161 2162 2164 2165 2166 2167 2168 2169 2170 2171 2172 2173 2174 2175 2176 2177 2179 2180 2181 2183 2184 2185 2587 2588 -1
2123: 125 167 1441 2082 2083 2084 2085 2086 2087 2088 2089 2090 2091 2092 2093 2094 2095 2096 2098 2099 2100 2101 2102 2103 2104 2105 2106 2107 2108 2139 2140 2141 2142 2143 2144 2145 2146 2147 2148 2149 2151 2152 2153 2154 2155 2156 2157 2158 2159 2160 2161 2162 2164 2165 2166 2167 2168 2169 2170 2171 2172 2173 2174 2175 2176 2177 2179 2180 2181 2183 2184 2185 2587 2588 -1
2124: 125 167 1441 2082 2083 2084 2085 2086 2087 2088 2089 2090 2091 2092 2093 2094 2095 2096 2098 2099 2100 2101 2102 2103 2104 2105 2106 2107 2108 2139 2140 2141 2142 2143 2144 2145 2146 2147 2148 2149 2151 2152 2153 2154 2155 2156 2157 2158 2159 2160 2161 2162 2164 2165 2166 2167 2168 2169 2170 2171 2172 2173 2174 2175 2176 2177 2179 2180 2181 2183 2184 2185 2587 2588 -1
2125: 125 167 1441 1451 2082 2083 2084 2085 2086 2087 2088 2089 2090 2091 2092 2093 2094 2095 2096 2098 2099 2100 2101 2102 2103 2104 2105 2106 2107 2108 2139 2140 2141 2142 2143 2144 2145 2146 2147 2148 2149 2150 2151 2152 2153 2154 2155 2156 2157 2158 2159 2160 2161 2162 2163 2164 2165 2166 2167 2168 2169 2170 2171 2172 2173 2174 2175 2176 2177 2178 2179 2180 2181 2182 2183 2184 2185 2505 2587 2588 -1
2126: 125 167 1323 1441 1451 1594 2098 2099 2100 2101 2102 2103 2104 2105 2106 2107 2108 2145 2147 2148 2149 2150 2153 2154 2155 2159 2160 2161 2163 2167 2168 2169 2173 2174 2177 2178 2180 2182 2185 2466 2505 2587 2588 -1
2127: 125 167 1199 1323 1441 1451 1641 1650 1659 1671 1675 1685 1689 1692 2097 2098 2099 2100 2101 2102 2103 2104 2105 2106 2107 2108 2135 2136 2137 2138 2145 2147 2148 2149 2150 2153 2154 2155 2159 2160 2161 2163 2167 2168 2169 2173 2174 2177 2178 2180 2182 2185 2450 2505 2587 2588 -1
2128: 125 2082 2083 2084 2085 2086 2088 2089 2091 2099 2145 2149 2150 2159 2167 2168 2177 2182 -1
2129: 125 1678 1711 2466 -1
2130: 125 181 1090 1400 -1
2131: 125 167 1441 2098 2099 2100 2101 2102 2103 2104 2105 2106 2107 2108 2145 2147 2148 2149 2153 2154 2155 2159 2160 2161 2167 2168 2169 2173 2174 2177 2180 2185 2587 2588 -1
2132: 125 167 1441 2098 2099 2100 2101 2102 2103 2104 2105 2106 2107 2108 2145 2147 2148 2149 2153 2154 2155 2159 2160 2161 2167 2168 2169 2173 2174 2177 2180 2185 2587 2588 -1
2133: 125 167 1441 1451 2099 2100 2101 2102 2103 2104 2105 2106 2107 2108 2145 2147 2148 2149 2150 2153 2154 2155 2159 2160 2161 2163 2167 2168 2169 2173 2174 2177 2178 2180 2182 2185 2505 2587 2588 -1
2134: 125 167 1441 2098 2099 2100 2101 2102 2103 2104 2105 2106 2107 2108 2145 2147 2148 2149 2153 2154 2155 2159 2160 2161 2167 2168 2169 2173 2174 2177 2180 2185 2587 2588 -1
2135: -1
2136: 1685 -1
2137: -1
2138: -1
2139: -1
2140: -1
2141: -1
2142: -1
2143: -1
2144: -1
2145: -1
2146: -1
2147: -1
2148: -1
2149: -1
2150: -1
2151: -1
2152: -1
2153: -1
2154: -1
2155: -1
2156: -1
2157: -1
2158: -1
2159: -1
2160: -1
2161: -1
2162: -1
2163: -1
2164: -1
2165: -1
2166: -1
2167: 1413 -1
2168: -1
2169: -1
2170: -1
2171: -1
2172: -1
2173: -1
2174: -1
2175: -1
2176: -1
2177: 1947 -1
2178: -1
2179: -1
2180: -1
2181: -1
2182: -1
2183: -1
2184: -1
2185: -1
2186: -1
2187: 127 2191 -1
2188: 127 -1
2189: 127 522 523 526 528 -1
2190: -1
2191: -1
2192: -1
2193: -1
2194: -1
2195: -1
2196: 243 250 2669 -1
2197: 132 -1
2198: 132 -1
2199: 132 -1
2200: 132 -1
2201: 132 -1
2202: 132 -1
2203: 132 -1
2204: -1
2205: -1
2206: -1
2207: -1
2208: -1
2209: -1
2210: -1
2211: -1
2212: -1
2213: -1
2214: -1
2215: -1
2216: -1
2217: -1
2218: -1
2219: -1
2220: -1
2221: -1
2222: 2210 2212 2213 2220 -1
2223: 137 2233 2234 2235 2236 2237 2238 2239 2240 2241 2242 2243 2244 2245 2246 2247 2248 2249 2250 2251 2252 2253 2254 2255 2256 2257 2258 2259 2260 2261 2262 2263 2264 2265 2266 2267 2268 2269 2270 2271 2272 2273 2274 2275 2276 2277 2278 -1
2224: 137 2225 2226 2229 2233 2234 2235 2236 2237 2238 2239 2240 2241 2242 2243 2244 2245 2246 2247 2248 2249 2250 2251 2252 2253 2254 2255 2256 2257 2258 2259 2260 2261 2262 2263 2264 2265 2266 2267 2268 2269 2270 2271 2272 2273 2274 2275 2276 2277 2278 2280 2281 2282 2283 2284 2285 2286 2289 2290 2294 2295 2298 2301 2308 2310 -1
2225: 2289 -1
2226: -1
2227: 2289 -1
2228: 2289 -1
2229: 2289 -1
2230: 2289 -1
2231: 137 2225 2226 2227 2229 2230 2233 2234 2235 2236 2237 2238 2239 2240 2241 2242 2243 2244 2245 2246 2247 2248 2249 2250 2251 2252 2253 2254 2255 2256 2257 2258 2259 2260 2261 2262 2263 2264 2265 2266 2267 2268 2269 2270 2271 2272 2273 2274 2275 2276 2277 2278 2280 2281 2282 2283 2284 2285 2286 2287 2288 2289 2290 2291 2292 2293 2294 2295 2296 2297 2298 2299 2300 2301 2302 2303 2304 2305 2306 2307 2308 2309 2310 -1
2232: 323 2289 -1
2233: -1
2234: -1
2235: -1
2236: -1
2237: -1
2238: -1
2239: -1
2240: -1
2241: -1
2242: -1
2243: -1
2244: -1
2245: -1
2246: -1
2247: -1
2248: -1
2249: -1
2250: -1
2251: -1
2252: -1
2253: -1
2254: -1
2255: -1
2256: -1
2257: -1
2258: -1
2259: -1
2260: -1
2261: -1
2262: -1
2263: -1
2264: -1
2265: -1
2266: -1
2267: -1
2268: -1
2269: -1
2270: -1
2271: -1
2272: -1
2273: -1
2274: -1
2275: -1
2276: -1
2277: -1
2278: -1
2279: 137 2225 2226 2227 2229 2230 2233 2234 2235 2236 2237 2238 2239 2240 2241 2242 2243 2244 2245 2246 2247 2248 2249 2250 2251 2252 2253 2254 2255 2256 2257 2258 2259 2260 2261 2262 2263 2264 2265 2266 2267 2268 2269 2270 2271 2272 2273 2274 2275 2276 2277 2278 2287 2288 2289 2290 2291 2292 2293 2294 2295 2296 2297 2298 2299 2300 2301 2302 2303 2304 2305 2306 2307 2309 2310 -1
2280: 2289 -1
2281: 2289 -1
2282: 2289 -1
2283: 2289 -1
2284: 2289 -1
2285: 2289 -1
2286: 2289 -1
2287: -1
2288: -1
2289: 2226 2294 -1
2290: -1
2291: -1
2292: -1
2293: -1
2294: 2289 -1
2295: -1
2296: -1
2297: -1
2298: -1
2299: -1
2300: -1
2301: -1
2302: -1
2303: -1
2304: -1
2305: -1
2306: -1
2307: -1
2308: -1
2309: -1
2310: -1
2311: -1
2312: -1
2313: 140 376 379 380 382 383 384 387 392 393 397 398 400 406 667 691 991 1760 1809 2314 2317 -1
2314: -1
2315: -1
2316: -1
2317: -1
2318: 2315 -1
2319: 1657 -1
2320: 141 2319 2335 -1
2321: 141 2319 -1
2322: 141 2319 -1
2323: 141 2319 -1
2324: 141 2319 -1
2325: -1
2326: -1
2327: -1
2328: -1
2329: -1
2330: -1
2331: -1
2332: 1532 -1
2333: -1
2334: -1
2335: -1
2336: 142 -1
2337: 143 -1
2338: 143 2352 2354 -1
2339: 143 -1
2340: 143 -1
2341: 143 -1
2342: 143 -1
2343: 143 -1
2344: 143 -1
2345: 143 -1
2346: 143 -1
2347: 143 2350 2351 -1
2348: -1
2349: -1
2350: -1
2351: -1
2352: -1
2353: -1
2354: -1
2355: -1
2356: -1
2357: -1
2358: 144 967 1059 1689 2594 -1
2359: -1
2360: 1059 -1
2361: 145 439 455 2362 2363 2426 -1
2362: -1
2363: -1
2364: -1
2365: -1
2366: -1
2367: -1
2368: -1
2369: -1
2370: -1
2371: -1
2372: -1
2373: -1
2374: -1
2375: 146 2365 2366 2367 2368 2369 2370 2371 2372 2373 2374 2380 2382 2383 2384 2385 2386 2387 2388 2389 2390 2392 2393 2394 -1
2376: 146 2365 2366 2367 2368 2369 2370 2371 2372 2373 2374 2380 2382 2383 2384 2385 2386 2387 2388 2389 2390 2392 2393 2394 -1
2377: 146 2365 2366 2367 2368 2369 2370 2371 2372 2373 2374 2380 2382 2383 2384 2385 2386 2387 2388 2389 2390 2392 2393 2394 -1
2378: 146 2365 2366 2367 2368 2369 2370 2371 2372 2373 2374 2380 2382 2383 2384 2385 2386 2387 2388 2389 2390 2392 2393 2394 -1
2379: 901 -1
2380: 901 904 929 935 -1
2381: 146 2365 2366 2367 2368 2369 2370 2371 2372 2373 2374 2380 2382 2383 2384 2385 2386 2387 2388 2389 2390 2392 2393 2394 -1
2382: -1
2383: -1
2384: -1
2385: -1
2386: -1
2387: -1
2388: -1
2389: -1
2390: -1
2391: -1
2392: -1
2393: -1
2394: -1
2395: -1
2396: -1
2397: -1
2398: -1
2399: -1
2400: -1
2401: -1
2402: 1049 1056 1062 1064 2405 2407 -1
2403: -1
2404: -1
2405: -1
2406: -1
2407: -1
2408: -1
2409: 149 -1
2410: -1
2411: -1
2412: -1
2413: -1
2414: 150 -1
2415: 150 623 868 882 960 970 1159 -1
2416: 150 -1
2417: -1
2418: -1
2419: -1
2420: -1
2421: -1
2422: -1
2423: -1
2424: -1
2425: -1
2426: -1
2427: -1
2428: -1
2429: -1
2430: -1
2431: 941 -1
2432: -1
2433: -1
2434: -1
2435: -1
2436: -1
2437: -1
2438: -1
2439: -1
2440: -1
2441: -1
2442: -1
2443: -1
2444: -1
2445: -1
2446: -1
2447: -1
2448: -1
2449: 155 1320 2455 -1
2450: -1
2451: -1
2452: -1
2453: -1
2454: -1
2455: -1
2456: -1
2457: 1668 -1
2458: -1
2459: -1
2460: -1
2461: -1
2462: -1
2463: -1
2464: -1
2465: -1
2466: -1
2467: -1
2468: 1420 1668 -1
2469: -1
2470: -1
2471: -1
2472: -1
2473: -1
2474: -1
2475: -1
2476: -1
2477: -1
2478: 156 2474 2475 2476 2477 2480 2493 2494 2495 2496 2497 2498 2499 2500 2501 2502 2506 -1
2479: -1
2480: -1
2481: -1
2482: -1
2483: -1
2484: -1
2485: -1
2486: -1
2487: -1
2488: -1
2489: 156 2474 2475 2476 2477 2480 2493 2494 2495 2496 2497 2498 2499 2500 2501 2502 2506 -1
2490: -1
2491: -1
2492: 156 2474 2475 2476 2477 2479 2480 2481 2482 2483 2484 2485 2486 2487 2488 2491 2493 2494 2495 2496 2497 2498 2499 2500 2501 2502 2506 -1
2493: -1
2494: -1
2495: -1
2496: -1
2497: -1
2498: -1
2499: -1
2500: 1017 2508 2602 -1
2501: -1
2502: -1
2503: 156 2474 2475 2476 2477 2479 2480 2481 2482 2483 2484 2485 2486 2487 2488 2490 2491 2493 2494 2495 2496 2498 2499 2500 2501 2502 2506 -1
2504: -1
2505: -1
2506: -1
2507: -1
2508: 555 -1
2509: -1
2510: 157 2512 2514 2516 -1
2511: 157 619 2514 -1
2512: -1
2513: -1
2514: -1
2515: 2513 -1
2516: -1
2517: -1
2518: -1
2519: -1
2520: -1
2521: -1
2522: -1
2523: 161 1724 2524 2525 2526 2527 2528 2529 2530 2531 2532 2533 2535 2536 2537 2538 2539 2540 2541 2542 2543 2544 2545 2546 2547 2548 2549 2550 2551 2552 2553 2554 2555 -1
2524: 2523 -1
2525: -1
2526: -1
2527: -1
2528: -1
2529: -1
2530: -1
2531: 2534 2556 -1
2532: -1
2533: -1
2534: -1
2535: -1
2536: -1
2537: -1
2538: -1
2539: -1
2540: -1
2541: -1
2542: -1
2543: -1
2544: -1
2545: -1
2546: 2534 2556 -1
2547: 2534 2556 -1
2548: -1
2549: -1
2550: -1
2551: -1
2552: -1
2553: -1
2554: -1
2555: -1
2556: -1
2557: 316 321 516 823 853 1167 2356 2465 2560 -1
2558: 162 -1
2559: -1
2560: -1
2561: -1
2562: -1
2563: 712 901 942 1210 1338 1442 2559 -1
2564: -1
2565: -1
2566: 385 526 920 2190 2567 -1
2567: 164 343 2190 2568 -1
2568: 2567 -1
2569: -1
2570: -1
2571: -1
2572: -1
2573: -1
2574: -1
2575: -1
2576: 166 -1
2577: -1
2578: -1
2579: -1
2580: -1
2581: -1
2582: 166 2577 2578 2579 2580 2581 2583 2584 -1
2583: -1
2584: -1
2585: -1
2586: -1
2587: -1
2588: -1
2589: -1
2590: -1
2591: -1
2592: -1
2593: -1
2594: -1
2595: -1
2596: -1
2597: -1
2598: 415 -1
2599: -1
2600: 408 -1
2601: -1
2602: -1
2603: 170 2612 -1
2604: -1
2605: -1
2606: -1
2607: -1
2608: -1
2609: -1
2610: -1
2611: 2612 -1
2612: -1
2613: -1
2614: -1
2615: -1
2616: 2620 2634 2670 -1
2617: 173 262 291 321 323 373 767 871 1800 2208 2602 2616 2621 2622 2623 2624 2625 2626 2627 2628 2629 2630 2631 2634 2635 2636 2651 2671 2672 2674 -1
2618: 173 2616 2621 2622 2623 2624 2625 2626 2627 2628 2629 2630 2634 2635 2636 2671 2672 -1
2619: 173 2616 2621 2622 2623 2624 2625 2626 2627 2628 2629 2630 2634 2635 2636 2671 2672 -1
2620: 173 2616 2621 2622 2623 2624 2625 2626 2627 2628 2629 2630 2635 2636 2671 2672 -1
2621: -1
2622: -1
2623: 248 271 2019 -1
2624: -1
2625: -1
2626: -1
2627: -1
2628: -1
2629: -1
2630: -1
2631: -1
2632: 173 2623 2627 -1
2633: 173 2623 2635 2636 2672 -1
2634: 173 2623 -1
2635: -1
2636: -1
2637: 173 2616 2621 2622 2623 2624 2625 2626 2627 2628 2629 -1
2638: 173 2616 2621 2622 2623 2624 2625 2626 2627 2628 2629 -1
2639: 173 2616 2621 2622 2623 2624 2625 2626 2627 2628 2629 -1
2640: 173 2616 2621 2622 2623 2624 2625 2626 2627 2628 2629 -1
2641: 173 2616 2621 2622 2623 2624 2625 2626 2627 2628 2629 -1
2642: 173 2616 2621 2622 2623 2624 2625 2626 2627 2628 2629 -1
2643: 173 2616 2621 2622 2623 2624 2625 2626 2627 2628 2629 -1
2644: 173 2616 2621 2622 2623 2624 2625 2626 2627 2628 2629 -1
2645: 173 2616 2621 2622 2623 2624 2625 2626 2627 2628 2629 -1
2646: 173 2616 2621 2622 2623 2624 2625 2626 2627 2628 2629 -1
2647: 173 2616 2621 2622 2623 2624 2625 2626 2627 2628 2629 -1
2648: 173 2616 2621 2622 2623 2624 2625 2626 2627 2628 2629 -1
2649: 173 2616 2621 2622 2623 2624 2625 2626 2627 2628 2629 -1
2650: 173 2616 2621 2622 2623 2624 2625 2626 2627 2628 2629 -1
2651: -1
2652: 173 2616 2621 2622 2623 2624 2625 2626 2627 2628 2629 -1
2653: 173 2616 2621 2622 2623 2624 2625 2626 2627 2628 2629 -1
2654: 173 2616 2621 2622 2623 2624 2625 2626 2627 2628 2629 -1
2655: 173 2616 2621 2622 2623 2624 2625 2626 2627 2628 2629 -1
2656: 173 2616 2621 2622 2623 2624 2625 2626 2627 2628 2629 -1
2657: 173 2616 2621 2622 2623 2624 2625 2626 2627 2628 2629 -1
2658: 173 2625 2627 -1
2659: 173 2625 2627 -1
2660: 173 258 260 266 271 275 292 342 451 453 586 665 806 808 1019 2623 -1
2661: 173 2623 2627 2635 2671 -1
2662: 173 232 241 243 248 256 266 275 640 808 1532 2019 2623 -1
2663: 173 233 241 250 258 275 282 283 284 297 640 756 808 2019 2623 2669 -1
2664: 173 275 297 335 339 640 808 2623 -1
2665: 173 246 247 263 640 1176 2623 -1
2666: 173 2623 -1
2667: 173 243 245 246 299 385 640 808 827 2623 -1
2668: 173 2623 -1
2669: 173 2623 -1
2670: 173 2616 2623 -1
2671: -1
2672: -1
2673: 173 2623 -1
2674: -1
2675: 173 2616 2621 2622 2623 2624 2625 2626 2627 2628 2629 2630 2636 2651 2672 -1
2676: 173 2616 2621 2622 2623 2624 2625 2626 2627 2628 2629 2630 2636 2672 2674 -1
2677: 173 2616 2619 2621 2622 2623 2624 2625 2626 2627 2628 2629 2630 2636 2672 -1
2678: -1
2679: -1
2680: -1
2681: -1
2682: -1
2683: 174 1563 1636 1647 1652 1678 1685 2678 2679 2680 2681 2682 2684 2686 2687 2688 2689 2690 2691 2692 2693 2694 2695 2696 2697 2698 2699 2700 2701 2702 2703 2704 2705 2706 2707 2709 2710 2711 2712 2713 2714 2715 2716 2717 2718 2719 2720 2721 2722 2723 2725 2727 2728 2729 2730 2731 2732 2733 2734 2735 2736 2737 2738 2739 2740 2741 2742 2743 2744 2745 2746 2747 2748 2750 2751 2752 2753 2754 2755 2756 2757 2758 2759 2760 2761 2762 2763 2764 2765 2766 2767 2768 2769 2770 2771 2772 2773 2774 2775 2776 2777 2778 2779 2780 2781 2782 2783 2784 2785 -1
2684: -1
2685: 174 2686 -1
2686: -1
2687: -1
2688: -1
2689: -1
2690: -1
2691: -1
2692: -1
2693: -1
2694: -1
2695: -1
2696: -1
2697: -1
2698: -1
2699: -1
2700: -1
2701: -1
2702: -1
2703: -1
2704: -1
2705: -1
2706: -1
2707: -1
2708: 174 2686 -1
2709: -1
2710: -1
2711: -1
2712: -1
2713: -1
2714: -1
2715: -1
2716: -1
2717: -1
2718: -1
2719: -1
2720: -1
2721: -1
2722: -1
2723: -1
2724: 174 2686 -1
2725: -1
2726: 174 565 1438 1655 2686 -1
2727: -1
2728: -1
2729: -1
2730: -1
2731: -1
2732: -1
2733: -1
2734: -1
2735: -1
2736: -1
2737: -1
2738: -1
2739: -1
2740: -1
2741: -1
2742: -1
2743: -1
2744: -1
2745: -1
2746: -1
2747: -1
2748: -1
2749: 174 1563 1636 1647 1652 2679 2680 2682 2684 2686 2688 2693 2699 2702 2704 2705 2709 2711 2714 2715 2717 2719 2721 2722 2725 2727 2733 2734 2735 2739 2744 2746 2748 2750 2751 2752 2753 2754 2755 2756 2757 2758 2759 2760 2761 2762 2763 2764 2765 2766 2768 2769 2770 2771 2772 2773 2774 2775 2776 2777 2778 2779 2780 2781 2782 2784 2785 -1
2750: -1
2751: -1
2752: -1
2753: -1
2754: -1
2755: -1
2756: -1
2757: -1
2758: -1
2759: -1
2760: -1
2761: -1
2762: -1
2763: -1
2764: -1
2765: -1
2766: -1
2767: -1
2768: -1
2769: -1
2770: -1
2771: -1
2772: -1
2773: -1
2774: -1
2775: -1
2776: -1
2777: -1
2778: -1
2779: -1
2780: -1
2781: -1
2782: -1
2783: -1
2784: -1
2785: -1
2786: -1
2787: -1
2788: 175 -1
2789: -1
2790: -1
2791: -1
2792: 143 2355 2791 -1
2793: -1
2794: 178 536 853 889 2812 -1
2795: 178 886 2796 -1
2796: 178 -1
2797: 178 -1
2798: 178 -1
2799: 178 -1
2800: 178 884 885 2807 2811 -1
2801: -1
2802: -1
2803: -1
2804: -1
2805: -1
2806: -1
2807: -1
2808: -1
2809: -1
2810: -1
2811: -1
2812: -1
2813: -1
2814: -1
2815: -1
2816: -1
2817: -1
2818: -1
2819: -1
