0: 4 54 151 152 205 208 245 255 580 583 587 588 589 591 592 594 595 597 598 599 601 602 609 619 621 626 648 656 659 664 667 673 674 675 676 677 684 700 874 875 878 885 888 889 890 891 893 896 897 900 902 903 904 907 909 910 911 1078 1085 1087 1097 1128 1254 1287 1372 1545 1702 1703 1717 1765 1863 2062 2095 2143 2200 2225 2226 -1
1: 79 108 118 168 171 172 174 175 177 179 183 184 185 187 193 201 202 203 486 488 699 900 1081 1097 1540 1702 2095 2190 2200 -1
2: 4 30 61 77 122 184 195 198 199 237 239 240 241 242 243 244 245 246 247 248 249 250 251 252 253 254 255 256 257 258 259 260 261 262 263 264 265 266 267 268 269 271 272 273 274 275 493 497 502 504 505 506 863 892 901 1010 1011 1097 1545 1564 1664 1702 1703 1733 1751 2095 2143 2279 -1
3: 1 4 13 30 46 61 69 77 91 118 122 152 168 170 172 174 177 180 183 189 193 195 196 204 205 207 210 239 241 242 244 245 247 249 250 252 255 256 257 261 265 266 269 270 273 274 281 282 283 284 285 286 287 288 289 290 291 295 297 298 299 300 301 302 307 308 309 310 311 312 315 337 409 481 486 488 493 495 496 497 499 502 503 505 506 527 538 561 565 708 711 718 747 752 842 845 850 856 857 891 896 900 907 1006 1010 1011 1018 1024 1033 1077 1097 1151 1226 1237 1272 1274 1285 1296 1300 1374 1519 1539 1540 1544 1545 1546 1583 1664 1665 1702 1703 1733 1751 1787 1917 1947 2004 2095 2101 2143 2182 2190 2200 2220 -1
4: 13 30 112 184 242 264 265 337 387 480 481 482 484 485 487 490 492 494 496 497 498 502 503 504 505 507 1545 1702 1703 2095 2182 -1
5: 2 4 46 48 54 64 65 77 118 175 206 211 241 245 247 255 256 271 274 337 480 481 486 488 492 503 508 509 510 511 512 513 515 516 517 518 519 520 521 523 524 525 526 527 528 529 530 531 532 533 534 535 537 538 539 540 541 542 543 544 700 711 845 848 849 850 852 855 856 857 861 900 907 1001 1011 1077 1097 1156 1274 1345 1352 1360 1366 1374 1383 1456 1544 1545 1546 1702 1718 1751 2095 2143 2182 2190 2200 2221 -1
6: 112 118 121 122 130 147 174 177 179 184 256 261 480 486 488 506 549 550 552 553 554 555 556 557 558 559 560 562 563 564 565 566 568 569 570 571 572 573 574 575 576 577 701 703 706 708 710 713 714 715 716 860 903 907 1010 1676 1682 1702 1703 1871 2095 2190 2260 2284 2285 -1
7: 580 581 582 583 584 585 586 587 588 589 590 591 592 593 594 595 596 597 598 599 600 601 602 603 604 605 606 607 608 609 610 611 612 613 614 615 616 618 619 620 621 892 1702 2095 -1
8: 5 13 60 61 80 171 184 199 249 261 264 267 311 376 431 498 516 536 544 571 577 622 623 624 625 626 627 628 629 630 631 632 633 634 696 699 844 858 880 1010 1058 1090 1128 1187 1199 1222 1248 1314 1346 1693 1702 1703 1708 1709 1717 1720 1721 1797 1957 2063 2095 2238 2239 2240 -1
9: 133 152 621 650 657 658 667 672 673 675 678 679 683 897 1280 1702 2095 2101 -1
10: 130 137 138 171 174 175 184 480 556 564 565 571 691 692 693 694 696 697 699 700 701 702 703 704 705 706 707 708 709 710 711 713 715 718 1545 2284 -1
11: 61 64 65 181 184 195 199 264 840 844 845 846 848 849 850 852 853 857 858 859 860 861 862 863 864 -1
12: 45 54 141 200 205 663 664 666 667 673 674 676 868 869 870 871 872 873 874 876 877 878 879 880 881 882 883 884 885 886 887 888 889 890 891 892 893 894 895 896 897 898 899 900 901 902 903 904 905 906 907 908 909 910 911 912 913 1085 1097 1128 1254 1274 1610 1717 1881 2200 -1
13: -1
14: 4 13 91 190 242 245 247 493 1020 1021 1023 1025 1026 1027 1545 2143 -1
15: 4 13 174 195 245 247 497 499 500 503 856 887 1006 1029 1032 1033 1034 1036 1037 1038 1039 1042 1043 1044 1045 1875 2143 -1
16: 62 491 626 656 909 1059 1066 1067 1068 1069 1070 1071 1072 1073 1074 1076 1077 1078 1079 1080 1081 1082 1085 1086 1087 1088 1089 1090 1091 1096 1097 1098 1117 1177 1887 -1
17: 53 55 61 181 853 863 1081 1103 1104 -1
18: 68 75 880 902 909 913 1069 1072 1077 1083 1089 1090 1094 1111 1113 1115 1116 1118 1119 1120 1123 1124 1125 1126 1127 1128 1129 1131 1212 1503 1839 1898 1905 -1
19: 421 909 964 1070 1077 1083 1088 1091 1096 1114 1135 1136 1137 1138 1139 1140 1141 1142 1144 1145 1146 1147 1148 1149 1150 1204 -1
20: 119 701 703 706 710 713 903 909 1151 1152 1153 1154 2284 -1
21: 4 30 61 64 65 181 184 199 245 267 848 859 1155 1156 1157 2143 -1
22: 62 132 152 319 666 964 1071 1074 1079 1083 1085 1095 1136 1148 1168 1170 1171 1173 1174 1176 1177 1253 1272 2101 2102 2252 -1
23: 4 53 55 245 499 500 1097 1181 1182 1183 1184 1185 1519 1545 1875 2143 -1
24: 51 902 909 913 1069 1072 1076 1083 1085 1089 1115 1208 1209 1210 1211 1212 1213 1214 1215 -1
25: 11 61 64 65 171 175 699 848 900 1216 1219 1220 1221 1222 1224 1225 1226 1227 1228 1230 1231 1232 1233 1235 1236 1237 1238 1239 1240 1241 1242 1243 1244 1245 1601 -1
26: 475 1083 1246 1247 1248 1249 1250 1252 1253 1254 1717 -1
27: 16 51 185 241 249 376 666 900 1059 1069 1071 1072 1085 1089 1093 1094 1097 1177 1210 1212 1260 1261 1262 1265 1266 1267 1268 1269 1271 1272 1273 1274 1275 1276 1278 1279 1280 1281 1282 1283 1347 -1
28: 13 492 1183 1286 1287 1291 1292 1293 1294 -1
29: 2 190 263 282 550 852 1296 1298 1545 -1
30: 69 115 497 1304 1305 1306 -1
31: 264 1312 1313 -1
32: 658 1323 1325 1327 1335 1337 1339 -1
33: 13 206 1353 1355 1356 1357 2029 -1
34: 51 241 1093 1371 1375 -1
35: 51 173 245 255 663 856 1038 1114 1370 1379 1380 1381 1382 1383 1384 1385 1386 1545 1733 -1
36: -1
37: 1519 -1
38: 51 201 217 241 1085 1094 1097 1369 1376 1469 1470 1471 1472 1473 1474 1475 1476 1477 1478 1479 1480 1481 1545 1610 -1
39: 700 843 -1
40: 68 75 666 880 898 902 909 991 1089 1094 1126 1274 1481 1492 1493 1494 1495 1496 1497 1498 1499 1500 1501 1502 1503 1504 1505 1506 1507 1508 -1
41: 1087 1212 1253 1283 1517 1518 1519 -1
42: 38 51 173 217 241 249 263 524 1085 1380 1381 1382 1458 1477 1481 1524 1525 1545 1610 -1
43: 897 1321 1324 1326 1328 1329 1330 1331 1332 1333 1334 1336 1338 1340 1341 -1
44: 247 376 1077 1531 1533 -1
45: -1
46: 190 -1
47: 51 659 677 880 1069 1070 1072 1079 1087 1088 1090 1091 1095 1096 1117 1272 1560 1561 -1
48: 1519 1571 1572 -1
49: 51 1069 1072 1079 1091 1117 1141 1283 -1
50: 173 245 1097 1261 1344 1354 1369 1374 1376 1481 1524 1558 1583 1584 1585 1586 1587 -1
51: 77 189 492 674 896 1089 1545 1663 1664 1665 1666 1668 -1
52: -1
53: 55 -1
54: 1692 -1
55: -1
56: 80 111 391 1090 1128 1254 1710 1711 1712 1713 1715 1716 1717 1718 1719 1720 1721 1722 1723 1724 1725 1726 1727 1728 1729 1730 1731 2283 -1
57: 190 212 -1
58: 51 173 241 245 263 1038 1085 1093 1221 1261 1363 1370 1381 1382 1384 1524 1545 1600 1732 1733 1734 1735 1736 1737 2114 -1
59: 135 1175 1247 1740 -1
60: -1
61: 1811 -1
62: 674 -1
63: 2 206 1353 -1
64: 65 -1
65: -1
66: 1833 -1
67: 51 626 880 909 913 1069 1072 1075 1089 1097 1128 1131 1212 1558 1837 1839 1840 1843 1844 1845 1887 2252 -1
68: 18 104 1071 1081 1114 1177 1278 1411 1430 1848 -1
69: 61 181 497 700 852 853 1103 1778 1856 -1
70: 1859 -1
71: 658 1861 1862 1863 1864 1865 -1
72: 852 -1
73: -1
74: 33 206 700 1357 1389 1877 1883 1896 1897 -1
75: 868 902 909 991 1042 1081 1089 1094 1114 1125 1126 1268 1274 1405 1499 1500 1506 1507 1898 1899 1900 1901 1902 1903 1904 1905 1906 -1
76: 1069 1072 1254 1272 1717 -1
77: 264 497 -1
78: 1925 1926 1927 -1
79: 264 497 1519 -1
80: 1938 -1
81: 1716 -1
82: 1353 -1
83: 1947 -1
84: 480 1957 -1
85: 275 1021 1025 1519 1960 -1
86: -1
87: -1
88: -1
89: 190 700 2002 -1
90: 206 852 2004 -1
91: 264 497 -1
92: 206 -1
93: -1
94: 294 1356 2028 2029 2030 -1
95: 2038 -1
96: -1
97: 4 13 53 55 264 849 892 1017 1187 1259 2054 2055 2056 2059 2060 2061 2063 2064 2143 -1
98: 294 1356 2028 2029 2030 -1
99: -1
100: -1
101: -1
102: 1888 2097 -1
103: 190 1025 -1
104: 68 909 964 1079 1081 1167 1247 1253 1254 1405 1430 1717 1846 2101 2102 -1
105: 30 51 61 1770 2110 2111 2112 2114 -1
106: -1
107: 37 1569 2117 -1
108: -1
109: 10 -1
110: -1
111: -1
112: 2144 2145 -1
113: -1
114: 264 497 -1
115: 849 852 1018 1519 2183 -1
116: -1
117: 1471 1473 1475 1478 1480 2187 2188 2189 -1
118: -1
119: 492 -1
120: -1
121: -1
122: -1
123: -1
124: 190 -1
125: 2233 -1
126: -1
127: -1
128: 313 2246 -1
129: -1
130: -1
131: 909 1077 1091 1111 1117 1121 1122 1137 2102 -1
132: 1212 2251 -1
133: -1
134: 13 -1
135: -1
136: 2257 -1
137: 1519 -1
138: -1
139: 1519 -1
140: -1
141: -1
142: -1
143: -1
144: -1
145: -1
146: 897 -1
147: -1
148: 2286 2287 -1
149: -1
150: 6 32 106 136 186 263 307 335 337 431 480 481 560 888 891 906 1151 1154 1306 1329 1330 1431 1627 1920 2115 2129 2182 2260 2289 -1
151: -1
152: -1
153: 1 4 46 182 205 245 247 315 488 701 1240 1300 1601 2143 2200 2220 -1
154: 1 2 4 46 79 108 241 245 263 265 298 315 475 497 510 697 841 843 845 856 881 884 896 898 900 907 909 913 1018 1077 1085 1121 1151 1237 1240 1274 1275 1300 1315 1498 1505 1519 1601 1619 1760 1850 1917 2004 2143 2220 2252 -1
155: 1 180 183 192 209 257 315 495 700 841 1043 1089 1300 1850 2220 -1
156: 1 315 497 700 841 1300 1850 2220 -1
157: 1 315 497 700 841 1300 1850 2220 -1
158: 1 315 497 700 841 1300 1850 2220 -1
159: 1 315 700 841 1300 1850 2220 -1
160: 1 4 61 118 171 173 175 181 184 194 198 237 245 315 486 488 497 544 556 562 577 692 699 701 705 711 715 841 853 856 863 880 909 1103 1151 1219 1229 1289 1300 1356 1480 1795 1850 1856 1904 2143 2190 2220 2252 -1
161: 1 315 842 1300 2220 -1
162: 1 212 315 492 500 504 510 842 869 900 1027 1059 1300 1374 1665 2220 -1
163: 1 16 22 27 132 170 209 240 315 492 495 502 615 842 856 869 875 1050 1052 1053 1055 1056 1057 1064 1085 1142 1263 1277 1300 1347 1386 1622 1623 1624 1665 1733 2200 2220 2251 -1
164: 1 315 1300 2220 -1
165: 1 315 849 1300 2220 -1
166: 1 315 1300 2220 -1
167: 1 315 1300 2220 -1
168: 4 881 909 913 1018 1469 1470 1471 1472 1473 1474 1475 1476 1478 1479 1480 1498 1519 1639 2029 2143 2187 2188 2189 2252 -1
169: -1
170: -1
171: 246 -1
172: -1
173: 1545 -1
174: -1
175: -1
176: 4 2143 -1
177: -1
178: -1
179: -1
180: -1
181: -1
182: -1
183: -1
184: -1
185: -1
186: 1087 -1
187: -1
188: -1
189: -1
190: 270 271 282 492 1298 1703 -1
191: -1
192: -1
193: -1
194: -1
195: -1
196: -1
197: -1
198: -1
199: -1
200: -1
201: 1468 -1
202: -1
203: -1
204: -1
205: 255 667 673 683 -1
206: -1
207: -1
208: -1
209: -1
210: -1
211: -1
212: -1
213: 2 4 206 245 311 899 1006 1151 1199 1345 1352 1396 1619 2143 -1
214: 2 -1
215: 2 251 275 303 310 532 1151 1154 1183 1304 1305 1306 1326 1794 -1
216: 2 -1
217: 2 13 38 173 206 255 265 1463 1517 1540 2004 -1
218: 2 192 199 239 253 275 301 303 312 532 842 891 1006 1304 1305 1353 1534 1545 1745 2004 2111 2239 2240 -1
219: 2 1517 1545 2004 -1
220: 2 4 245 1081 2143 -1
221: 2 -1
222: 2 206 1353 -1
223: 2 206 247 495 706 1353 -1
224: 2 4 245 1356 2029 2143 -1
225: 2 279 841 1850 -1
226: 2 123 841 1274 1850 -1
227: 2 4 245 422 534 711 736 781 1004 1020 1023 1082 1089 1202 1279 1371 1374 1375 1468 2143 -1
228: 2 190 270 1021 1025 -1
229: 2 190 -1
230: 2 -1
231: 2 -1
232: 2 4 6 11 46 54 69 183 184 206 212 245 256 263 271 274 275 492 515 530 543 672 696 704 706 852 855 900 907 979 1027 1033 1077 1097 1151 1274 1854 2143 2221 -1
233: 2 246 510 525 861 1043 1151 1275 1541 1571 1572 -1
234: 2 11 46 183 195 204 207 256 259 261 263 264 266 271 274 296 482 498 500 510 530 538 577 701 711 855 861 900 907 1001 1004 1006 1010 1033 1151 1182 1183 1184 1187 1237 1664 1677 1854 2101 2221 2225 2226 -1
235: 2 4 38 173 245 263 265 701 841 1026 1027 1183 1237 1355 1364 1370 1458 1463 1633 1636 1637 1850 2143 -1
236: 2 4 30 61 77 79 91 108 118 168 177 190 245 247 255 265 275 281 282 291 298 309 310 311 479 486 492 493 496 497 499 502 503 506 674 708 711 718 845 891 900 1011 1016 1077 1151 1226 1237 1274 1287 1331 1455 1540 1545 1568 1664 1665 1745 1751 1802 1810 1852 1855 2143 2190 2200 2234 -1
237: -1
238: -1
239: 264 497 1545 -1
240: 1202 -1
241: -1
242: -1
243: -1
244: -1
245: -1
246: -1
247: -1
248: -1
249: -1
250: -1
251: -1
252: -1
253: -1
254: -1
255: -1
256: 13 -1
257: -1
258: -1
259: -1
260: -1
261: -1
262: -1
263: 1009 -1
264: 13 118 486 488 497 2190 2200 -1
265: -1
266: -1
267: -1
268: -1
269: 264 497 1545 -1
270: 497 -1
271: -1
272: 4 245 1356 2028 2029 2030 2143 -1
273: -1
274: 261 700 855 858 1010 1664 1667 2221 -1
275: -1
276: 285 869 1315 -1
277: 4 245 676 1202 1315 1619 2143 -1
278: 3 51 154 229 236 264 279 280 292 293 294 304 305 306 313 368 936 951 953 972 995 1025 1082 1085 1202 1289 1315 1353 1469 1470 1471 1472 1473 1474 1475 1476 1478 1479 1480 1587 1661 1662 1738 1749 1961 2109 2172 2180 2187 2188 2189 2246 -1
279: -1
280: 174 -1
281: -1
282: -1
283: -1
284: -1
285: 842 1298 -1
286: -1
287: -1
288: -1
289: -1
290: -1
291: -1
292: 510 -1
293: -1
294: 13 54 77 263 492 495 497 674 900 1097 1237 1274 1536 2200 -1
295: -1
296: -1
297: -1
298: -1
299: -1
300: -1
301: -1
302: -1
303: -1
304: 241 249 1027 1151 1545 2200 -1
305: -1
306: -1
307: -1
308: -1
309: -1
310: -1
311: -1
312: -1
313: 2200 -1
314: -1
315: 4 13 61 74 181 186 194 197 198 199 209 262 700 853 864 1059 1077 1539 1782 2143 -1
316: 4 245 1089 2143 -1
317: 4 53 55 61 182 185 241 245 247 249 255 263 264 337 479 481 492 497 520 853 1077 1089 1170 1211 1215 1236 1374 1520 1539 1685 1799 1840 2143 2182 -1
318: 4 182 205 245 265 854 886 1045 2143 -1
319: 4 173 245 630 701 808 1087 1093 1128 1152 1240 1274 1298 1480 1601 1610 1627 1660 1917 2143 -1
320: 4 245 1085 1148 1152 2004 2143 -1
321: 4 206 245 1085 1373 2143 -1
322: 4 245 265 1240 1274 1601 1917 2143 -1
323: 4 245 453 2143 -1
324: 4 845 849 1018 1077 1226 1471 1473 1475 1476 1478 1479 1480 1519 2029 2143 2187 2188 2189 -1
325: 4 2143 -1
326: 4 245 1356 1614 2028 2029 2030 2143 -1
327: 4 245 760 1619 2143 -1
328: 245 -1
329: 245 -1
330: 4 245 328 2143 -1
331: 4 245 577 909 1208 2143 2252 -1
332: 4 38 245 447 2143 -1
333: 4 2143 -1
334: 4 24 245 1022 2143 -1
335: 4 245 700 842 2143 -1
336: 4 245 2143 -1
337: 4 700 842 1132 1534 2143 -1
338: 4 2143 -1
339: 4 1619 2143 -1
340: 4 245 2143 -1
341: 4 243 245 422 736 879 1468 2143 -1
342: 4 245 1577 2143 -1
343: 4 245 663 1240 1356 1601 2028 2029 2030 2143 -1
344: 4 2143 -1
345: 4 11 2143 -1
346: 4 206 245 263 711 1001 1043 1460 2143 -1
347: 4 245 265 479 506 560 562 701 1087 1240 1601 2143 -1
348: 4 206 245 265 530 576 632 1085 1151 1374 1583 2143 -1
349: 4 245 263 1006 1085 2004 2101 2143 -1
350: 4 245 2143 -1
351: 4 245 275 482 855 879 1151 1326 2143 2221 -1
352: 4 245 2143 -1
353: 4 245 2143 -1
354: 4 245 2143 -1
355: 4 2143 -1
356: 4 245 294 1356 2028 2029 2030 2143 -1
357: 4 245 272 446 530 1043 1085 1374 1732 2143 -1
358: 4 245 1356 2028 2029 2030 2143 -1
359: 4 245 487 507 891 1151 2143 -1
360: 4 42 245 265 497 700 701 856 1152 1355 1370 1917 2143 2252 -1
361: 4 245 272 530 1199 1532 2004 2065 2143 -1
362: 4 24 245 1147 1237 1370 1470 1480 2143 2188 -1
363: 4 245 1151 2143 -1
364: 4 245 2143 -1
365: 4 245 2143 -1
366: 4 245 843 1240 1471 1480 1601 2143 -1
367: 4 245 2143 -1
368: 4 245 1356 2029 2143 -1
369: 4 245 265 815 856 1237 1470 1471 1473 1480 1917 2028 2030 2143 2187 -1
370: 4 173 245 1917 2143 -1
371: 4 245 530 901 2143 -1
372: 4 245 2143 -1
373: 4 245 265 1577 2028 2143 -1
374: 4 183 208 245 463 804 805 806 807 1380 1577 2004 2143 -1
375: 4 245 1151 2004 2143 -1
376: 4 577 843 855 1871 1917 2143 2221 -1
377: 4 245 1356 2028 2029 2030 2143 -1
378: 4 245 2143 -1
379: 4 63 245 2143 -1
380: 4 245 303 1085 1151 2143 -1
381: 4 2143 -1
382: 4 2143 -1
383: 4 2143 -1
384: 4 1081 2004 2143 -1
385: 4 1074 2143 -1
386: 4 1074 2143 -1
387: 4 160 1070 1810 1837 1844 2006 2143 -1
388: 4 387 2143 -1
389: 4 240 245 1059 1061 1082 1085 1168 1380 2004 2143 -1
390: 4 245 2143 -1
391: 4 1240 1273 1458 1601 2029 2143 -1
392: 4 206 245 508 1724 1725 2143 -1
393: 4 245 544 711 769 841 842 856 1032 1356 1850 1919 2028 2029 2030 2143 2208 -1
394: 4 245 1022 1216 2143 2290 -1
395: 4 11 245 493 849 1380 2004 2107 2143 -1
396: 4 245 2143 -1
397: 4 245 1356 2028 2029 2030 2143 -1
398: 4 245 272 760 1295 1374 1619 2143 -1
399: 4 245 294 1356 1648 2028 2029 2030 2143 -1
400: 4 206 245 2143 -1
401: 4 245 400 457 2143 -1
402: 4 11 2143 -1
403: 4 245 272 913 1081 1619 2076 2143 -1
404: 4 2143 -1
405: 4 245 497 1356 2028 2029 2030 2143 -1
406: 4 245 2143 -1
407: 4 245 497 2143 -1
408: 4 245 1119 2143 -1
409: 4 245 843 1240 1601 2143 -1
410: 4 205 245 265 856 1383 2143 -1
411: 4 245 2143 -1
412: 4 186 245 1087 1356 2028 2029 2030 2143 -1
413: 4 245 1166 2143 -1
414: 4 245 2082 2143 -1
415: 4 11 294 849 1240 1601 2143 -1
416: 4 1555 1732 1735 2079 2143 -1
417: 4 245 700 701 1093 1128 1254 1480 1717 2143 -1
418: 4 206 245 255 263 501 632 672 1074 1085 1148 1583 1724 1725 1925 1926 1927 2004 2143 -1
419: 4 245 265 1240 1601 2143 -1
420: 4 245 2143 -1
421: 4 245 577 1274 1760 2143 -1
422: 4 245 1274 2143 -1
423: 4 245 1085 2143 -1
424: 4 245 2143 -1
425: 4 2143 -1
426: 4 2143 -1
427: 4 245 2143 -1
428: 4 245 2032 2037 2143 -1
429: 4 245 2143 2252 -1
430: 4 245 1946 2143 -1
431: 4 245 556 560 562 701 715 876 909 1062 1093 1343 1370 1480 2143 2252 -1
432: 4 38 245 265 556 701 1355 1356 1458 1463 2028 2029 2030 2090 2143 -1
433: 4 245 1062 1343 1356 2028 2029 2030 2143 -1
434: 4 206 245 2143 -1
435: 4 245 1002 2143 -1
436: 11 245 -1
437: 4 245 1151 2143 -1
438: 4 245 263 2143 -1
439: 4 245 2143 -1
440: 4 245 2143 -1
441: 4 206 245 307 632 1077 1385 1724 1725 2143 -1
442: 4 245 2143 -1
443: 4 245 2143 -1
444: 4 245 418 666 672 1085 1374 1718 1731 2143 -1
445: 4 245 265 701 1240 1273 1274 1356 1601 2028 2029 2030 2143 -1
446: 4 245 577 845 1237 1240 1380 1564 1601 2143 2208 -1
447: 4 11 105 245 575 577 701 855 909 1208 1237 1356 2028 2029 2030 2143 2221 2252 -1
448: 4 118 245 421 486 488 847 855 1091 1131 1148 1204 1253 1268 1369 1382 1494 1946 2113 2143 2190 2191 2200 2221 -1
449: 4 11 245 265 663 843 1619 2143 -1
450: 4 2143 -1
451: 4 1957 2143 -1
452: 4 450 2143 -1
453: 4 245 2143 -1
454: 4 245 2143 -1
455: 11 245 265 1356 2028 2029 2030 -1
456: 4 245 1356 2028 2029 2030 2143 -1
457: 4 245 2143 -1
458: 4 42 519 1202 1364 1386 2143 -1
459: 4 245 1619 1917 2143 -1
460: 4 245 2143 -1
461: 4 11 38 171 175 245 263 699 849 855 856 1044 1237 1240 1463 1555 1601 2143 2221 -1
462: 4 245 2143 2200 -1
463: 4 2143 -1
464: 4 183 373 374 379 1085 1517 1577 1689 2004 2143 2243 -1
465: 4 245 2143 -1
466: 4 11 265 1090 2029 2143 -1
467: 4 1178 1724 1725 2143 -1
468: 4 186 2143 -1
469: 4 1168 1253 1837 1844 2143 -1
470: 4 245 2143 -1
471: 4 245 2143 -1
472: 4 245 265 556 1040 1370 1610 1917 2143 -1
473: 4 24 245 1147 2143 -1
474: 4 245 701 2143 -1
475: 4 245 294 701 715 747 752 869 884 1151 1240 1356 1472 1480 1601 2028 2029 2030 2143 -1
476: 4 245 259 1390 2143 -1
477: 4 245 2143 -1
478: 4 2143 -1
479: -1
480: -1
481: -1
482: -1
483: -1
484: -1
485: -1
486: -1
487: -1
488: -1
489: -1
490: -1
491: -1
492: -1
493: -1
494: -1
495: -1
496: -1
497: 549 1545 -1
498: -1
499: -1
500: -1
501: -1
502: -1
503: -1
504: -1
505: -1
506: -1
507: -1
508: -1
509: -1
510: -1
511: -1
512: -1
513: -1
514: 900 -1
515: -1
516: -1
517: -1
518: -1
519: 211 538 849 850 851 855 857 1751 2221 -1
520: -1
521: -1
522: -1
523: -1
524: -1
525: -1
526: -1
527: 190 700 -1
528: -1
529: -1
530: -1
531: -1
532: -1
533: -1
534: -1
535: -1
536: -1
537: -1
538: -1
539: -1
540: -1
541: -1
542: -1
543: -1
544: -1
545: 6 409 561 -1
546: 6 127 560 701 2028 -1
547: 479 506 1087 1355 -1
548: 265 479 506 1087 -1
549: -1
550: -1
551: 701 -1
552: -1
553: -1
554: -1
555: -1
556: -1
557: -1
558: -1
559: -1
560: -1
561: 36 265 556 560 562 663 701 715 1128 1254 1274 1356 1370 1555 1717 2028 2029 2030 -1
562: -1
563: -1
564: -1
565: -1
566: -1
567: 77 122 -1
568: -1
569: -1
570: -1
571: -1
572: -1
573: -1
574: -1
575: -1
576: -1
577: -1
578: -1
579: 7 143 578 1331 1703 2101 -1
580: -1
581: -1
582: -1
583: -1
584: -1
585: -1
586: -1
587: -1
588: -1
589: -1
590: -1
591: -1
592: -1
593: -1
594: -1
595: -1
596: -1
597: -1
598: -1
599: -1
600: -1
601: -1
602: -1
603: -1
604: -1
605: -1
606: -1
607: -1
608: -1
609: -1
610: -1
611: -1
612: -1
613: -1
614: -1
615: -1
616: -1
617: -1
618: -1
619: -1
620: -1
621: -1
622: -1
623: -1
624: -1
625: -1
626: -1
627: -1
628: -1
629: -1
630: -1
631: -1
632: -1
633: -1
634: -1
635: 9 481 636 641 643 644 645 646 651 652 653 654 655 660 661 662 668 669 670 680 681 682 1151 1306 2182 2281 -1
636: -1
637: 9 636 654 -1
638: 9 636 654 -1
639: 9 636 643 654 669 -1
640: 9 636 654 -1
641: 9 636 643 646 651 654 655 660 661 668 669 -1
642: 9 636 643 646 651 654 655 660 661 668 669 895 1538 1543 -1
643: 664 897 -1
644: -1
645: -1
646: 639 640 -1
647: -1
648: -1
649: -1
650: -1
651: -1
652: -1
653: -1
654: -1
655: -1
656: -1
657: -1
658: -1
659: -1
660: -1
661: -1
662: -1
663: -1
664: -1
665: 1081 1117 1165 1169 1179 1405 -1
666: -1
667: -1
668: -1
669: -1
670: -1
671: -1
672: 909 2252 -1
673: 667 -1
674: -1
675: -1
676: -1
677: -1
678: -1
679: -1
680: -1
681: -1
682: -1
683: -1
684: 530 -1
685: 10 285 530 671 701 888 905 906 1027 1151 1154 1306 1329 1330 1813 2237 2262 2263 -1
686: 10 263 480 685 701 1151 1154 -1
687: 10 186 258 295 335 470 491 509 534 650 844 858 905 941 1006 1132 1285 1811 -1
688: 10 1187 -1
689: 10 205 842 1298 1334 -1
690: 701 -1
691: -1
692: 852 -1
693: -1
694: -1
695: 711 -1
696: -1
697: 293 995 1519 -1
698: 37 701 1569 -1
699: 246 257 484 485 711 718 765 1074 2064 -1
700: -1
701: 69 82 492 -1
702: -1
703: -1
704: -1
705: -1
706: -1
707: -1
708: -1
709: -1
710: 713 -1
711: 1667 -1
712: 556 701 1187 -1
713: -1
714: -1
715: -1
716: -1
717: -1
718: -1
719: 11 13 48 61 64 65 171 175 699 845 848 859 1222 1224 1237 1456 1672 1805 -1
720: 11 -1
721: 11 48 64 65 77 171 175 184 274 275 279 280 307 699 848 859 1044 1183 1216 1220 1227 1237 1241 1242 1380 1456 1544 1546 2004 -1
722: 11 -1
723: 11 -1
724: 11 -1
725: 11 -1
726: 11 -1
727: 11 255 899 -1
728: 11 447 1151 -1
729: 11 -1
730: 11 843 909 2252 -1
731: 11 182 265 497 1077 1374 -1
732: 11 -1
733: 11 -1
734: 11 264 852 1038 1237 1544 1546 -1
735: 11 700 711 1011 1672 -1
736: 11 186 294 1296 1356 1370 2028 2029 2030 -1
737: 11 1672 -1
738: 11 -1
739: 11 -1
740: 11 -1
741: 11 -1
742: 11 -1
743: 11 1237 -1
744: 11 -1
745: 11 -1
746: 11 752 1151 -1
747: 11 -1
748: 11 -1
749: 11 746 747 -1
750: 11 171 175 699 700 1219 -1
751: 11 64 65 261 337 481 700 752 848 869 1010 1250 2182 -1
752: 11 746 -1
753: 11 700 -1
754: 11 53 54 55 118 247 260 482 486 488 711 843 849 900 1075 1183 1887 2172 2190 2200 -1
755: 11 -1
756: 11 700 -1
757: 11 -1
758: 11 -1
759: 11 1380 -1
760: 11 2004 -1
761: 11 79 108 192 495 500 648 659 676 875 1001 1027 -1
762: 11 544 700 1018 1380 1519 1672 2004 -1
763: 11 -1
764: 11 852 -1
765: 11 175 700 1224 -1
766: 11 -1
767: 11 -1
768: 11 -1
769: 11 205 700 849 1224 1332 1544 1546 2062 2208 -1
770: 11 -1
771: 11 274 509 544 700 709 711 855 900 1224 1546 2208 2221 -1
772: 11 -1
773: 11 64 65 700 711 848 1183 -1
774: 11 -1
775: 11 777 778 -1
776: 11 171 175 699 711 777 778 1219 1224 2208 -1
777: 11 -1
778: 11 1457 1544 1546 1570 -1
779: 11 13 61 64 65 171 175 699 700 848 1380 1670 2004 -1
780: 11 784 1544 1546 -1
781: 11 -1
782: 11 13 -1
783: 11 -1
784: 11 855 2221 -1
785: 11 195 842 855 2221 -1
786: 11 855 2221 -1
787: 11 61 174 195 204 244 256 271 274 275 279 495 525 544 711 721 791 842 845 855 859 900 1044 1226 1237 1245 1564 1665 1751 1790 2221 2245 -1
788: 11 1380 -1
789: 11 -1
790: 11 1423 -1
791: 11 64 65 279 305 848 861 1183 1275 1380 1457 1541 1570 2004 -1
792: 11 1275 1380 2004 -1
793: 11 279 544 995 1380 2004 2246 -1
794: 11 -1
795: 11 -1
796: 11 1544 1546 1741 -1
797: 11 48 171 175 699 700 1219 1456 -1
798: 11 184 205 243 509 549 711 849 871 872 890 897 900 904 1002 1089 1224 1334 1663 1732 1735 1741 2062 2101 2200 2208 -1
799: 11 -1
800: 11 849 -1
801: 11 796 -1
802: 11 77 79 108 274 512 849 1187 1741 -1
803: 11 274 1237 1274 1555 2004 -1
804: 11 842 1032 -1
805: 11 1032 1546 1919 2208 -1
806: 11 -1
807: 11 529 2208 -1
808: 11 845 849 2246 -1
809: 11 171 175 193 699 700 -1
810: 11 809 -1
811: 11 13 -1
812: 11 -1
813: 11 61 152 241 249 266 498 509 512 513 518 533 755 834 845 1001 1090 1156 1761 1781 1927 -1
814: 11 843 -1
815: 11 171 193 337 481 699 1027 2182 -1
816: 11 -1
817: 11 -1
818: 11 2208 -1
819: 11 553 818 820 1006 2101 -1
820: 11 -1
821: 11 -1
822: 11 852 972 -1
823: 11 171 175 199 263 321 532 699 843 986 1006 1250 1545 1824 1852 2196 -1
824: 11 843 -1
825: 11 -1
826: 11 -1
827: 11 2029 -1
828: 11 -1
829: 11 -1
830: 11 -1
831: 11 -1
832: 11 -1
833: 11 -1
834: 11 193 544 852 -1
835: 11 1093 1273 1364 1601 1729 -1
836: 11 -1
837: 11 700 842 -1
838: 11 700 -1
839: 11 -1
840: -1
841: 247 518 1545 1664 1853 -1
842: -1
843: 852 -1
844: -1
845: -1
846: -1
847: -1
848: -1
849: -1
850: -1
851: -1
852: -1
853: -1
854: 492 -1
855: 1545 -1
856: 53 55 61 174 181 853 863 1097 1804 -1
857: -1
858: -1
859: -1
860: 1187 -1
861: -1
862: -1
863: -1
864: -1
865: 12 579 -1
866: 143 310 335 659 1326 1860 2200 -1
867: 12 579 589 1116 1132 1331 -1
868: -1
869: -1
870: -1
871: -1
872: -1
873: -1
874: -1
875: -1
876: -1
877: -1
878: -1
879: -1
880: 909 2252 -1
881: 718 -1
882: -1
883: -1
884: -1
885: -1
886: 674 -1
887: -1
888: -1
889: -1
890: -1
891: -1
892: -1
893: -1
894: -1
895: -1
896: -1
897: 337 481 2182 -1
898: -1
899: 294 -1
900: -1
901: -1
902: -1
903: -1
904: -1
905: -1
906: -1
907: -1
908: -1
909: -1
910: -1
911: -1
912: -1
913: -1
914: 13 -1
915: 13 232 247 498 623 666 813 1068 1718 1719 1722 -1
916: 13 -1
917: 13 -1
918: 13 -1
919: 13 171 175 184 699 862 1187 2200 -1
920: 13 247 -1
921: 13 -1
922: 13 247 1670 -1
923: 13 263 1670 -1
924: 13 1670 -1
925: 13 1670 -1
926: 13 247 1670 -1
927: 13 -1
928: 13 -1
929: 13 -1
930: 13 1670 1672 -1
931: 13 1670 -1
932: 13 -1
933: 13 1670 -1
934: 13 -1
935: 13 207 1670 -1
936: 13 -1
937: 13 -1
938: 13 1670 -1
939: 13 1670 -1
940: 13 1670 -1
941: 13 1670 -1
942: 13 48 171 175 699 711 849 916 1016 1456 -1
943: 13 1016 -1
944: 13 -1
945: 13 247 -1
946: 13 -1
947: 13 -1
948: 13 1672 -1
949: 13 1670 -1
950: 13 1424 1675 -1
951: 13 1670 -1
952: 13 -1
953: 13 -1
954: 13 -1
955: 13 -1
956: 13 -1
957: 13 995 -1
958: 13 -1
959: 13 118 486 488 538 1672 2190 -1
960: 13 61 179 261 263 480 538 556 849 1017 1287 1670 1776 -1
961: 13 -1
962: 13 -1
963: 13 -1
964: 13 556 909 1093 1274 2252 -1
965: 13 1370 2252 -1
966: 13 -1
967: 13 -1
968: 13 -1
969: 13 550 1519 -1
970: 13 84 261 480 544 714 972 -1
971: 13 256 852 -1
972: 13 61 717 1676 1780 -1
973: 13 134 852 1871 -1
974: 13 73 118 486 700 843 852 2190 -1
975: 13 849 -1
976: 13 247 -1
977: 13 -1
978: 13 -1
979: 13 37 121 261 843 1569 -1
980: 13 60 64 65 848 849 -1
981: 13 1673 -1
982: 13 1673 -1
983: 13 -1
984: 13 1672 -1
985: 13 -1
986: 13 -1
987: 13 -1
988: 13 -1
989: 13 -1
990: 13 -1
991: 13 -1
992: 13 -1
993: 13 1673 -1
994: 13 37 73 247 261 480 843 1569 1672 -1
995: 13 697 -1
996: 13 -1
997: 13 -1
998: 13 -1
999: 13 -1
1000: 13 -1
1001: -1
1002: -1
1003: -1
1004: -1
1005: -1
1006: -1
1007: -1
1008: -1
1009: -1
1010: -1
1011: -1
1012: -1
1013: -1
1014: -1
1015: -1
1016: -1
1017: -1
1018: -1
1019: 1026 1151 1297 -1
1020: -1
1021: -1
1022: 38 206 1458 1463 1534 -1
1023: -1
1024: -1
1025: 1237 1545 -1
1026: -1
1027: -1
1028: 1032 -1
1029: -1
1030: 294 1039 1356 2028 2029 2030 2208 -1
1031: 856 -1
1032: -1
1033: -1
1034: -1
1035: 1037 -1
1036: 294 -1
1037: -1
1038: -1
1039: -1
1040: -1
1041: 1037 -1
1042: -1
1043: -1
1044: -1
1045: -1
1046: 16 22 27 132 152 155 170 185 192 208 211 240 244 263 271 297 328 335 337 447 481 490 495 509 510 525 781 821 842 844 850 857 869 879 899 906 1027 1043 1050 1052 1053 1055 1056 1057 1059 1064 1074 1081 1085 1088 1096 1132 1142 1157 1166 1174 1239 1263 1277 1281 1298 1306 1347 1362 1365 1380 1468 1538 1548 1588 1589 1590 1591 1592 1593 1594 1595 1596 1597 1598 1599 1624 1631 1733 1812 1853 2065 2098 2182 2235 2251 -1
1047: 16 22 27 132 211 243 257 297 487 507 509 549 664 711 808 849 904 1017 1050 1052 1053 1055 1056 1057 1064 1085 1151 1174 1212 1224 1263 1277 1347 1371 1375 1500 1542 1544 1546 2065 2251 -1
1048: 263 1427 1887 -1
1049: 1427 -1
1050: 1059 1088 1096 -1
1051: 16 1050 1258 1347 -1
1052: -1
1053: -1
1054: 1067 -1
1055: -1
1056: 1067 -1
1057: -1
1058: 626 1067 1070 1212 -1
1059: 16 459 1050 1347 1473 1480 2188 -1
1060: 16 1050 1347 -1
1061: 16 845 1050 1093 1273 1347 1471 1480 2004 -1
1062: 36 263 577 717 909 1355 1356 1429 2029 2252 -1
1063: 294 577 870 909 1355 1356 1843 2029 2252 -1
1064: 16 27 51 241 249 626 656 1059 1069 1071 1072 1083 1085 1087 1089 1093 1094 1097 1115 1117 1122 1128 1130 1131 1146 1150 1177 1212 1261 1272 1347 1371 1375 1458 1460 1477 1837 1839 1844 -1
1065: 16 1347 -1
1066: -1
1067: 1058 1088 1091 1096 1346 -1
1068: -1
1069: -1
1070: -1
1071: -1
1072: -1
1073: -1
1074: -1
1075: 909 2252 -1
1076: -1
1077: -1
1078: -1
1079: -1
1080: -1
1081: -1
1082: -1
1083: -1
1084: 189 492 -1
1085: -1
1086: -1
1087: -1
1088: -1
1089: 1664 -1
1090: 1355 -1
1091: -1
1092: 189 700 1097 -1
1093: 1692 -1
1094: -1
1095: -1
1096: -1
1097: -1
1098: -1
1099: 17 157 -1
1100: -1
1101: 275 -1
1102: 155 193 405 482 1100 1101 1106 1503 2200 2233 -1
1103: -1
1104: -1
1105: 1503 -1
1106: 275 497 530 534 700 711 841 891 1006 1132 1250 1534 1538 1543 1745 1850 2111 2235 -1
1107: 18 82 902 909 1085 1112 1390 1499 1533 1604 1942 1943 1946 2082 -1
1108: 18 104 891 1112 1140 1151 1426 1433 1499 1604 -1
1109: 18 104 310 891 1006 1112 1132 1140 1151 1499 1545 1585 1604 -1
1110: 18 40 104 310 891 1112 1140 1499 1604 1815 2074 -1
1111: -1
1112: -1
1113: -1
1114: -1
1115: -1
1116: -1
1117: -1
1118: -1
1119: -1
1120: -1
1121: -1
1122: -1
1123: -1
1124: -1
1125: -1
1126: -1
1127: -1
1128: -1
1129: -1
1130: 207 291 310 711 752 868 909 1187 1480 1811 2200 2252 -1
1131: -1
1132: -1
1133: 869 1043 1141 1524 1585 -1
1134: 173 192 247 263 285 297 303 490 504 747 842 854 869 891 1132 1140 1151 1283 1288 1374 1481 1517 1524 2200 2225 2226 2230 -1
1135: -1
1136: -1
1137: -1
1138: -1
1139: -1
1140: 1151 1175 1533 1740 -1
1141: -1
1142: -1
1143: 1114 1531 1715 -1
1144: -1
1145: -1
1146: -1
1147: 51 909 913 1069 1072 1131 1212 -1
1148: -1
1149: -1
1150: 846 1093 -1
1151: -1
1152: -1
1153: -1
1154: -1
1155: -1
1156: -1
1157: -1
1158: 22 132 152 1079 1174 2251 -1
1159: 22 1132 1253 2251 -1
1160: 22 -1
1161: 22 -1
1162: 22 -1
1163: 22 -1
1164: -1
1165: -1
1166: -1
1167: -1
1168: -1
1169: -1
1170: -1
1171: -1
1172: -1
1173: -1
1174: -1
1175: 1140 1533 1740 -1
1176: 1060 1074 -1
1177: -1
1178: 1663 1935 -1
1179: -1
1180: 118 173 174 265 486 495 856 1237 1370 2190 2200 -1
1181: -1
1182: -1
1183: -1
1184: -1
1185: -1
1186: -1
1187: 503 2208 -1
1188: -1
1189: 1003 1008 1571 1572 -1
1190: -1
1191: 118 486 2190 -1
1192: 24 1147 -1
1193: 24 1147 -1
1194: 24 1147 -1
1195: 24 1147 -1
1196: 24 1147 2004 -1
1197: 24 784 1147 1196 1380 2004 -1
1198: 24 1147 -1
1199: 24 556 1355 -1
1200: 24 294 1473 1480 -1
1201: 24 1022 -1
1202: 24 38 1147 1240 1370 1463 1601 1610 1637 -1
1203: 24 556 909 2252 -1
1204: 186 663 908 909 1093 1147 1208 1273 2252 -1
1205: 24 556 881 909 1093 1147 1355 1473 1478 1480 1859 2252 -1
1206: 24 241 1147 1240 1601 -1
1207: 24 -1
1208: -1
1209: -1
1210: -1
1211: -1
1212: -1
1213: -1
1214: -1
1215: -1
1216: 25 204 311 477 718 721 1223 -1
1217: 25 477 721 1009 1132 1433 2074 -1
1218: 25 477 1226 -1
1219: -1
1220: -1
1221: -1
1222: -1
1223: -1
1224: 193 -1
1225: -1
1226: 195 1519 -1
1227: -1
1228: -1
1229: -1
1230: -1
1231: -1
1232: -1
1233: 64 65 170 183 193 204 246 280 295 296 484 509 519 533 534 544 634 848 849 858 861 900 980 1006 1187 1230 1243 1308 1432 1694 1758 2054 2060 2200 2208 2245 2253 -1
1234: 1216 -1
1235: -1
1236: 1222 -1
1237: -1
1238: -1
1239: -1
1240: 896 900 -1
1241: -1
1242: -1
1243: -1
1244: -1
1245: -1
1246: 1093 -1
1247: -1
1248: -1
1249: -1
1250: -1
1251: 964 1175 1272 -1
1252: -1
1253: 77 189 700 900 1274 1536 1665 -1
1254: -1
1255: 27 845 855 1274 1380 1577 2004 2221 -1
1256: 27 672 1263 1264 1270 1577 -1
1257: 27 -1
1258: -1
1259: 27 -1
1260: 672 -1
1261: -1
1262: -1
1263: 1069 1072 -1
1264: -1
1265: -1
1266: -1
1267: -1
1268: -1
1269: 912 -1
1270: 1283 -1
1271: -1
1272: -1
1273: -1
1274: -1
1275: -1
1276: -1
1277: 1069 1072 -1
1278: -1
1279: -1
1280: -1
1281: -1
1282: -1
1283: -1
1284: 538 -1
1285: -1
1286: -1
1287: -1
1288: -1
1289: 1286 1290 1293 1294 1881 -1
1290: -1
1291: -1
1292: -1
1293: -1
1294: 1293 -1
1295: 1760 -1
1296: -1
1297: 61 170 190 271 510 1027 1151 1298 1670 1853 2225 2226 -1
1298: -1
1299: 30 -1
1300: 30 53 55 61 69 82 112 170 176 180 188 191 192 195 196 204 207 208 210 211 212 240 247 255 257 258 261 264 267 270 271 310 480 489 492 495 496 499 500 504 565 715 776 845 878 892 907 1010 1011 1024 1156 1455 1458 1545 1568 1664 1668 1703 1782 1811 1947 2101 2278 -1
1301: 30 1308 -1
1302: 30 1871 -1
1303: 30 37 73 115 118 486 538 717 843 916 972 1308 1569 1871 2190 -1
1304: -1
1305: -1
1306: -1
1307: 289 303 1151 1304 1305 2225 2226 -1
1308: -1
1309: 31 215 238 314 522 1549 -1
1310: 31 215 238 314 522 1549 -1
1311: 31 215 238 314 522 1549 -1
1312: 31 1549 -1
1313: 31 1549 -1
1314: -1
1315: -1
1316: 31 215 238 314 1549 -1
1317: 31 215 238 314 1549 -1
1318: 31 215 238 314 1549 -1
1319: 31 215 238 314 1549 -1
1320: 31 215 238 314 1549 -1
1321: -1
1322: -1
1323: -1
1324: -1
1325: -1
1326: -1
1327: -1
1328: -1
1329: -1
1330: -1
1331: -1
1332: -1
1333: -1
1334: -1
1335: -1
1336: -1
1337: -1
1338: -1
1339: -1
1340: -1
1341: -1
1342: 714 -1
1343: -1
1344: -1
1345: -1
1346: -1
1347: 319 1095 -1
1348: -1
1349: 33 1877 2004 -1
1350: 33 1877 -1
1351: -1
1352: -1
1353: 206 1237 -1
1354: 1097 1558 1887 -1
1355: -1
1356: -1
1357: -1
1358: 173 -1
1359: 173 -1
1360: 173 -1
1361: 263 -1
1362: -1
1363: 249 -1
1364: 294 1356 2028 2029 2030 -1
1365: -1
1366: -1
1367: -1
1368: 912 -1
1369: -1
1370: -1
1371: -1
1372: -1
1373: -1
1374: -1
1375: -1
1376: -1
1377: 265 356 663 849 1240 1601 -1
1378: 42 265 356 1237 1370 -1
1379: -1
1380: -1
1381: -1
1382: -1
1383: -1
1384: 1386 1583 1733 -1
1385: -1
1386: -1
1387: 36 -1
1388: 36 -1
1389: 36 -1
1390: 36 909 1637 2252 -1
1391: 36 -1
1392: 36 -1
1393: 36 1545 -1
1394: 36 701 -1
1395: 36 -1
1396: 36 909 1090 1274 2252 -1
1397: 36 1062 1343 1355 1637 1760 -1
1398: 36 1388 -1
1399: 36 1240 1274 1348 1351 1373 1601 -1
1400: 36 577 909 1540 2004 2252 -1
1401: 36 -1
1402: 36 -1
1403: 36 294 1240 1356 1601 1619 2028 2029 2030 -1
1404: 36 556 -1
1405: 36 843 1637 -1
1406: 36 -1
1407: 36 556 -1
1408: 36 -1
1409: 36 186 846 -1
1410: 36 843 909 1087 2028 2252 -1
1411: 36 577 870 909 1062 1343 1843 2252 -1
1412: 36 -1
1413: 36 -1
1414: 36 711 -1
1415: 36 2004 2178 -1
1416: 36 -1
1417: 36 -1
1418: 36 294 1627 1633 -1
1419: 36 -1
1420: 36 -1
1421: 36 845 -1
1422: 36 -1
1423: 36 1274 -1
1424: -1
1425: 1274 -1
1426: -1
1427: -1
1428: -1
1429: -1
1430: -1
1431: -1
1432: -1
1433: -1
1434: 246 303 509 1006 1034 1043 1132 1534 -1
1435: 37 121 1569 -1
1436: 37 491 1569 -1
1437: 37 1569 -1
1438: 37 1569 -1
1439: 37 84 480 1569 1670 1674 -1
1440: 37 121 1569 -1
1441: 37 121 1569 -1
1442: 37 1569 -1
1443: 37 1569 -1
1444: 37 544 1569 -1
1445: 37 1569 -1
1446: 37 121 1569 -1
1447: 37 1569 -1
1448: 37 121 1569 -1
1449: 37 1569 -1
1450: 37 247 711 1569 -1
1451: 37 247 843 1004 1438 1445 1452 1545 1569 -1
1452: 37 1569 -1
1453: 37 1569 -1
1454: 37 1569 -1
1455: -1
1456: -1
1457: -1
1458: 178 217 345 1022 1085 1157 1353 1460 1534 1610 -1
1459: 38 320 345 524 1085 1462 1463 1464 1467 1468 1556 1577 1858 1859 -1
1460: 38 206 217 266 492 855 1022 1360 1366 1380 1458 1463 1534 1610 2221 -1
1461: 38 206 217 243 307 335 1022 1059 1460 1463 1610 -1
1462: 173 1089 -1
1463: -1
1464: -1
1465: 38 1463 -1
1466: 38 1463 -1
1467: 294 909 1157 1610 2252 -1
1468: 265 1274 1610 1917 -1
1469: -1
1470: -1
1471: -1
1472: -1
1473: -1
1474: -1
1475: -1
1476: -1
1477: -1
1478: -1
1479: -1
1480: -1
1481: -1
1482: 40 403 913 1126 1489 1538 1543 1815 2076 2103 -1
1483: 40 -1
1484: 40 -1
1485: 40 -1
1486: 40 258 -1
1487: 40 -1
1488: 40 -1
1489: -1
1490: 40 51 68 1114 1499 1507 -1
1491: 40 51 1114 1499 1507 -1
1492: -1
1493: -1
1494: -1
1495: -1
1496: -1
1497: -1
1498: -1
1499: -1
1500: -1
1501: -1
1502: -1
1503: 294 1545 -1
1504: -1
1505: -1
1506: -1
1507: -1
1508: -1
1509: 41 1131 1149 1231 1283 1517 1518 1520 1837 1844 2235 -1
1510: 41 -1
1511: 41 -1
1512: 41 -1
1513: 41 -1
1514: 41 -1
1515: 41 384 1663 -1
1516: 41 51 1551 -1
1517: -1
1518: -1
1519: -1
1520: -1
1521: 42 1212 1268 -1
1522: 4 42 245 896 1085 2143 -1
1523: 42 -1
1524: -1
1525: -1
1526: 964 1070 1077 1088 1096 1114 1140 1560 -1
1527: 319 421 1077 1132 1135 1148 1167 1204 1212 1254 1717 -1
1528: 319 1069 1070 1072 1077 1085 1114 1117 1122 1148 -1
1529: 1148 1212 -1
1530: 1212 -1
1531: -1
1532: -1
1533: -1
1534: 337 481 900 1304 1305 2182 -1
1535: -1
1536: -1
1537: 1151 -1
1538: -1
1539: -1
1540: 1400 -1
1541: -1
1542: -1
1543: -1
1544: 172 -1
1545: -1
1546: -1
1547: -1
1548: 285 -1
1549: 46 255 497 503 505 577 -1
1550: 46 185 841 907 1535 1850 1881 -1
1551: 46 841 900 907 1696 1850 -1
1552: 46 285 841 907 1850 -1
1553: 46 841 907 1554 1850 -1
1554: 46 186 841 907 1850 1853 -1
1555: -1
1556: 1093 -1
1557: -1
1558: -1
1559: -1
1560: -1
1561: -1
1562: 48 61 64 65 120 171 175 178 193 544 699 771 848 849 862 1187 1224 1456 1809 2056 -1
1563: 48 296 1456 -1
1564: 48 1018 1456 1519 2004 -1
1565: 48 1456 -1
1566: 48 711 1456 1519 -1
1567: 48 1456 -1
1568: -1
1569: -1
1570: -1
1571: -1
1572: -1
1573: 1069 1072 -1
1574: -1
1575: -1
1576: 49 1091 1095 1117 1283 1573 1574 1575 -1
1577: 49 311 715 1471 1473 1480 1517 1575 2004 -1
1578: 49 1575 -1
1579: 50 1582 -1
1580: 50 -1
1581: 50 -1
1582: -1
1583: -1
1584: -1
1585: -1
1586: -1
1587: -1
1588: 51 -1
1589: 51 -1
1590: 51 -1
1591: 51 -1
1592: 51 -1
1593: 51 -1
1594: 51 -1
1595: 51 -1
1596: 51 -1
1597: 51 -1
1598: 51 -1
1599: 51 -1
1600: 51 173 313 1085 1261 1363 1734 -1
1601: 51 -1
1602: 51 1114 1125 1498 1499 1503 1504 1505 1507 1898 -1
1603: 51 1499 1507 1902 1903 1904 -1
1604: 51 179 626 1113 1127 1128 1129 -1
1605: 51 1114 1503 -1
1606: 51 -1
1607: 51 909 1069 1072 1089 1094 1271 1272 1282 1558 -1
1608: 51 626 656 1128 -1
1609: 51 -1
1610: 51 173 201 700 902 909 1085 1089 1473 1476 1479 1480 2189 -1
1611: 51 263 488 854 1077 1545 2200 -1
1612: 51 841 1850 -1
1613: 51 241 1381 -1
1614: 51 173 241 1094 1261 1374 1376 1481 1583 -1
1615: 51 173 241 1094 1261 1481 1612 1737 -1
1616: 51 209 241 700 854 1085 1094 1261 1494 1497 -1
1617: 51 151 185 241 1117 1121 1122 1168 1210 1261 1268 1271 1282 1631 -1
1618: 51 151 241 1069 1072 1077 1079 1085 1128 1131 1261 1460 1631 1737 1837 1838 1839 1844 -1
1619: 51 173 241 1085 -1
1620: 51 173 241 -1
1621: 51 173 241 -1
1622: 51 241 700 1085 1114 1481 1583 -1
1623: 51 240 241 700 845 854 902 909 1074 1085 1093 1097 1114 1261 1267 1273 1278 1367 1494 1497 1508 2261 -1
1624: 51 151 185 241 909 1069 1072 1085 1093 1094 1097 1114 1164 1172 1210 1261 1268 1273 1274 1481 1508 -1
1625: 51 151 185 241 666 909 1069 1072 1076 1093 1094 1114 1131 1142 1144 1168 1261 1278 1460 1726 1838 1839 -1
1626: 51 185 241 672 1085 1087 1097 1125 1210 1261 1268 1274 1627 1898 1901 -1
1627: 51 74 666 1069 1072 1077 1095 1131 1168 1261 1838 1839 -1
1628: 51 841 1850 -1
1629: 51 -1
1630: 51 241 1069 1072 1085 1261 1274 1497 1631 -1
1631: 51 151 185 241 657 909 1082 1142 1202 1210 1268 1460 -1
1632: 51 1381 -1
1633: 51 170 253 899 902 909 912 964 1069 1072 1077 1082 1087 1094 1098 1131 1140 1164 1165 1166 1167 1169 1172 1175 1178 1179 1187 1202 1212 1253 1267 1278 1410 1467 1508 1837 1838 1839 1844 2060 2102 2252 2261 -1
1634: 51 -1
1635: 51 2246 -1
1636: 51 173 241 249 263 304 1374 1376 1431 1481 1637 -1
1637: 51 241 249 304 1082 1094 1202 1210 1212 1268 1274 1405 1460 1837 1844 -1
1638: 51 241 304 1069 1072 1077 1081 1082 1131 1202 1212 1390 1405 1637 1838 1839 -1
1639: 51 279 1283 1380 -1
1640: 51 2246 -1
1641: 51 173 279 1283 -1
1642: 51 279 -1
1643: 51 173 279 -1
1644: 51 173 279 1380 -1
1645: 51 173 279 2200 -1
1646: 51 279 900 -1
1647: 51 279 -1
1648: 51 1371 1375 1584 1664 1667 -1
1649: 51 1131 1212 -1
1650: 51 -1
1651: 51 -1
1652: 51 -1
1653: 51 -1
1654: 51 -1
1655: 51 -1
1656: 51 -1
1657: 51 279 1283 1380 -1
1658: 51 279 700 854 1121 1122 1283 1494 -1
1659: 51 173 -1
1660: 51 173 263 1094 -1
1661: 1151 1315 -1
1662: 492 497 1237 -1
1663: -1
1664: -1
1665: -1
1666: -1
1667: -1
1668: -1
1669: 52 -1
1670: -1
1671: -1
1672: -1
1673: -1
1674: -1
1675: -1
1676: -1
1677: -1
1678: -1
1679: -1
1680: -1
1681: 53 55 207 301 1745 -1
1682: 53 55 -1
1683: 53 55 -1
1684: 53 55 264 -1
1685: 53 55 61 853 900 -1
1686: 53 64 673 710 1083 1294 1678 1679 1680 1824 1825 1826 -1
1687: 53 335 387 534 673 711 1132 1151 1679 1680 1825 2252 -1
1688: 53 673 -1
1689: 208 1253 1692 -1
1690: 1692 -1
1691: 1692 -1
1692: 54 -1
1693: 54 1068 1718 1722 -1
1694: 54 491 2119 2242 -1
1695: 54 108 183 184 193 211 295 480 510 525 623 711 773 776 806 818 845 849 900 1006 1187 1224 1816 2060 2185 2200 -1
1696: -1
1697: 54 -1
1698: 54 -1
1699: 55 65 699 -1
1700: 55 -1
1701: 55 -1
1702: 55 -1
1703: 55 -1
1704: 55 -1
1705: 55 -1
1706: 55 65 -1
1707: 55 65 -1
1708: -1
1709: -1
1710: 294 1093 1356 2028 2030 -1
1711: -1
1712: -1
1713: -1
1714: 1095 1272 -1
1715: -1
1716: -1
1717: 206 265 1062 1343 -1
1718: 444 672 701 -1
1719: -1
1720: -1
1721: 632 -1
1722: -1
1723: -1
1724: -1
1725: -1
1726: -1
1727: -1
1728: -1
1729: -1
1730: 1731 -1
1731: -1
1732: -1
1733: -1
1734: -1
1735: -1
1736: -1
1737: -1
1738: 491 -1
1739: 302 303 310 326 602 647 650 891 1085 1132 1140 1148 1151 1165 1167 1179 1250 1253 1468 1715 -1
1740: 1140 1175 -1
1741: 60 -1
1742: 61 126 181 194 197 198 199 237 253 262 300 301 840 853 863 864 921 1014 1103 1104 1155 1182 1183 1184 1225 1230 1231 1232 1238 1244 1286 1287 1292 1745 1768 1769 1770 1771 1772 1773 1774 1775 1776 1777 1778 1779 1780 1781 1782 1783 1784 1785 1786 1787 1788 1789 1790 1791 1792 1793 1794 1795 1796 1797 1798 1799 1800 1801 1802 1803 1804 1805 1806 1807 1808 1809 1810 1856 2110 2111 2112 2173 2234 2235 2236 2237 2238 2239 2240 -1
1743: 61 126 181 194 197 198 199 237 253 262 300 840 853 863 864 1014 1103 1104 1155 1182 1183 1184 1225 1230 1231 1232 1238 1244 1286 1287 1292 1745 1767 1769 1770 1771 1772 1773 1774 1775 1776 1777 1778 1779 1780 1781 1782 1783 1784 1785 1786 1787 1788 1789 1790 1791 1792 1793 1794 1795 1796 1797 1798 1799 1800 1802 1803 1804 1805 1806 1807 1808 1809 1810 1856 2110 2111 2112 2234 2235 2236 2237 2238 2239 2240 -1
1744: 61 126 181 194 197 198 199 237 253 262 300 840 853 863 864 1014 1103 1104 1155 1182 1183 1184 1225 1230 1231 1232 1238 1244 1286 1287 1292 1745 1767 1769 1770 1771 1772 1773 1774 1775 1776 1777 1778 1779 1780 1781 1782 1783 1784 1785 1786 1787 1788 1789 1790 1791 1792 1793 1794 1795 1796 1797 1798 1799 1800 1802 1803 1804 1805 1806 1807 1808 1809 1810 1856 2110 2111 2112 2234 2235 2236 2237 2238 2239 2240 -1
1745: 275 842 1545 -1
1746: 61 591 1337 1810 2237 -1
1747: 61 2235 2239 2240 -1
1748: 61 181 853 1806 1856 -1
1749: 61 1792 -1
1750: 61 1004 1151 1288 1775 -1
1751: 61 1774 -1
1752: 61 1534 1783 2111 -1
1753: 61 207 1287 2110 2185 2200 -1
1754: 61 79 108 312 497 504 1544 1546 1796 2110 2112 -1
1755: 61 1769 2055 -1
1756: 61 -1
1757: 61 206 279 1353 1785 -1
1758: 61 64 65 848 1808 2004 -1
1759: 61 -1
1760: 61 152 205 240 265 271 275 337 481 510 659 676 683 869 878 891 897 912 1027 1151 1298 1306 1397 1405 1431 1479 1480 1534 1583 1733 1765 2182 2200 2225 2226 -1
1761: 61 64 65 848 -1
1762: 61 312 1777 -1
1763: 61 195 207 275 287 303 310 312 497 499 503 532 858 891 1011 1132 1245 1304 1305 1306 1326 1745 1800 1811 2234 -1
1764: 61 275 310 337 481 671 1151 1154 1250 1326 1798 2182 2237 -1
1765: 61 203 337 481 1250 1745 1772 2182 2237 -1
1766: 61 1807 -1
1767: 1744 -1
1768: -1
1769: -1
1770: -1
1771: -1
1772: -1
1773: -1
1774: -1
1775: -1
1776: -1
1777: -1
1778: -1
1779: -1
1780: 852 -1
1781: -1
1782: -1
1783: -1
1784: -1
1785: -1
1786: -1
1787: -1
1788: -1
1789: 1004 -1
1790: -1
1791: -1
1792: -1
1793: -1
1794: -1
1795: -1
1796: -1
1797: -1
1798: -1
1799: -1
1800: -1
1801: -1
1802: -1
1803: -1
1804: -1
1805: -1
1806: -1
1807: -1
1808: -1
1809: -1
1810: 1545 -1
1811: -1
1812: -1
1813: -1
1814: 1240 1601 2029 -1
1815: 64 65 275 291 312 502 848 1009 1151 -1
1816: 64 65 848 -1
1817: 64 65 848 1074 -1
1818: 64 65 848 -1
1819: 64 65 848 -1
1820: 64 65 848 -1
1821: 64 65 848 -1
1822: 64 65 519 845 848 1519 2004 -1
1823: 64 65 848 1544 1546 -1
1824: -1
1825: -1
1826: -1
1827: 65 -1
1828: 65 -1
1829: 65 -1
1830: 65 -1
1831: 65 -1
1832: 65 -1
1833: -1
1834: 67 321 475 534 1725 1836 1842 1895 -1
1835: -1
1836: -1
1837: -1
1838: -1
1839: -1
1840: -1
1841: 1845 -1
1842: -1
1843: -1
1844: -1
1845: -1
1846: -1
1847: 556 843 1087 -1
1848: -1
1849: 69 -1
1850: 69 118 171 175 486 699 2190 2200 -1
1851: 69 192 201 209 240 263 285 393 490 495 623 674 841 844 858 869 871 872 878 905 1011 1027 1044 1151 1154 1166 1187 1274 1298 1374 1534 1536 1537 1538 1543 1555 1665 1668 1850 1853 -1
1852: 1810 -1
1853: 181 1103 -1
1854: 1004 -1
1855: 2112 -1
1856: -1
1857: 70 518 1142 1151 -1
1858: -1
1859: -1
1860: 889 -1
1861: -1
1862: -1
1863: -1
1864: -1
1865: -1
1866: 183 186 201 208 257 295 297 491 492 509 556 568 623 675 711 718 844 846 849 900 1005 1006 1043 1097 1187 1298 1322 1415 1536 1543 1663 2225 2226 -1
1867: 169 178 299 335 500 530 674 711 846 1132 1142 1151 1291 1664 1667 2101 2200 2233 -1
1868: 1199 1532 -1
1869: 1470 1471 1473 1480 -1
1870: 1478 1480 -1
1871: 73 134 480 852 -1
1872: 74 1075 -1
1873: 74 1350 1876 1882 1885 1886 -1
1874: 74 1887 -1
1875: 74 129 714 -1
1876: -1
1877: 74 -1
1878: 74 -1
1879: 74 1896 1897 -1
1880: 74 -1
1881: 74 1062 1343 -1
1882: 1062 1343 -1
1883: 74 1062 1343 -1
1884: 74 1062 1343 -1
1885: 1062 1343 -1
1886: -1
1887: 74 -1
1888: 74 -1
1889: 74 1062 1343 -1
1890: 74 1075 1131 1887 -1
1891: 74 -1
1892: 1075 1887 -1
1893: 74 1882 -1
1894: 74 -1
1895: 74 666 1838 -1
1896: -1
1897: -1
1898: -1
1899: -1
1900: -1
1901: -1
1902: -1
1903: -1
1904: -1
1905: -1
1906: -1
1907: -1
1908: -1
1909: 76 1907 1908 1910 -1
1910: 418 672 885 1085 1128 1267 2252 -1
1911: 76 170 192 295 534 536 650 1829 1907 1908 1910 2060 2264 -1
1912: 76 295 1907 1908 1910 -1
1913: 76 1907 1908 -1
1914: 76 183 258 295 900 1151 1907 1908 1911 2264 -1
1915: 77 147 267 1272 1535 -1
1916: 77 247 270 274 843 1015 -1
1917: 77 173 201 856 1094 1370 1458 1545 -1
1918: 77 182 497 1370 1374 2200 -1
1919: 77 856 1370 1583 -1
1920: 77 -1
1921: 190 -1
1922: 718 -1
1923: 84 -1
1924: 84 -1
1925: -1
1926: -1
1927: -1
1928: 79 108 -1
1929: 79 108 191 193 198 207 246 258 295 309 310 482 509 510 519 525 530 534 850 857 861 891 900 1006 1132 1235 1245 1306 1555 2101 2234 -1
1930: 79 108 -1
1931: 79 108 169 488 544 2200 -1
1932: 79 108 169 174 184 195 256 271 279 280 305 311 525 674 700 711 721 786 787 791 842 900 995 1226 1380 1564 1664 1665 1667 1790 1931 -1
1933: 79 1274 -1
1934: 79 108 -1
1935: 79 108 192 243 510 -1
1936: 79 108 -1
1937: 80 -1
1938: -1
1939: 81 -1
1940: 82 285 -1
1941: 82 672 718 964 1107 1126 1130 1619 1942 2082 2252 -1
1942: 82 -1
1943: 909 2252 -1
1944: 909 2252 -1
1945: 82 909 2252 -1
1946: -1
1947: -1
1948: 84 -1
1949: 84 -1
1950: 84 -1
1951: 84 -1
1952: 84 -1
1953: 84 -1
1954: 84 480 1008 1670 1671 1674 -1
1955: 84 186 1087 -1
1956: 84 -1
1957: -1
1958: 206 856 1032 1919 -1
1959: 85 377 1958 1960 2004 2231 2232 -1
1960: 115 337 481 2182 -1
1961: -1
1962: 86 87 120 267 295 377 436 462 571 629 630 684 696 704 749 880 1071 1181 1327 1375 1720 1721 1731 1822 1958 1963 1964 1965 1966 1967 1968 1969 1970 1971 1972 1973 1974 1975 1976 1977 1978 1979 1980 1981 1982 2041 2089 2211 2212 2213 2214 2215 -1
1963: -1
1964: -1
1965: -1
1966: -1
1967: -1
1968: -1
1969: -1
1970: -1
1971: -1
1972: -1
1973: -1
1974: -1
1975: -1
1976: -1
1977: -1
1978: -1
1979: -1
1980: -1
1981: -1
1982: -1
1983: 274 518 534 711 891 924 925 927 928 938 939 940 941 943 944 954 956 958 968 977 983 989 997 998 999 1000 1004 1027 1043 1151 1306 2200 -1
1984: 170 172 180 183 193 207 208 287 289 299 309 310 337 405 481 499 532 580 587 623 849 858 891 900 924 925 927 928 938 939 940 943 944 954 956 958 968 977 983 989 997 998 999 1000 1004 1059 1132 1151 1239 1306 1326 1415 1810 1811 2063 2064 2182 2200 -1
1985: 924 925 927 928 938 939 940 943 944 954 956 958 968 977 983 989 997 998 999 1000 -1
1986: 924 925 927 928 938 939 940 943 944 954 956 958 968 977 983 989 997 998 999 -1
1987: 924 925 927 928 938 939 940 943 944 954 956 958 968 977 983 989 997 998 999 -1
1988: 924 925 927 928 938 939 940 943 944 954 956 958 968 977 983 989 997 998 999 -1
1989: 924 925 927 928 938 939 940 943 944 954 956 958 968 977 983 989 997 998 999 -1
1990: 924 925 927 928 938 939 940 943 944 954 956 958 968 977 983 989 997 998 999 -1
1991: 88 943 1186 1188 1189 1190 1191 -1
1992: 88 1189 2000 -1
1993: 88 943 1188 1189 1191 -1
1994: 88 1189 1190 -1
1995: 88 943 1190 1191 1999 -1
1996: 88 1188 1189 1190 1999 -1
1997: 924 925 927 928 938 939 940 943 944 954 956 958 968 977 983 989 997 998 999 1000 -1
1998: 924 925 927 928 938 939 940 943 944 954 956 958 968 977 983 989 997 998 999 1000 -1
1999: -1
2000: -1
2001: 89 1240 1601 1648 2003 -1
2002: -1
2003: -1
2004: -1
2005: 206 -1
2006: 91 130 265 571 1917 -1
2007: 93 2012 2014 2015 2016 2017 2018 2019 2020 2021 2022 2023 2024 2025 -1
2008: 93 2012 2014 2015 2016 2017 2018 2019 2020 2021 2022 2023 2024 2025 -1
2009: 93 2012 2014 2015 2016 2017 2018 2019 2020 2021 2022 2023 2024 2025 -1
2010: 93 2012 2014 2015 2016 2017 2018 2019 2020 2021 2022 2023 2024 2025 -1
2011: 93 2012 2014 2015 2016 2017 2018 2019 2020 2021 2022 2023 2024 2025 -1
2012: -1
2013: 93 2015 2016 2017 2018 2019 2021 2022 -1
2014: -1
2015: -1
2016: -1
2017: -1
2018: -1
2019: -1
2020: -1
2021: 257 -1
2022: -1
2023: -1
2024: -1
2025: -1
2026: 93 2012 2014 2015 2016 2017 2018 2019 2020 2021 2022 2023 2024 2025 -1
2027: 93 2012 2014 2015 2016 2017 2018 2019 2020 2021 2022 2023 2024 2025 -1
2028: 294 -1
2029: 265 270 483 491 492 495 497 900 1009 1274 1536 1664 -1
2030: 497 700 -1
2031: -1
2032: -1
2033: 2038 -1
2034: 95 2031 2035 2036 2038 -1
2035: -1
2036: -1
2037: -1
2038: -1
2039: 1168 -1
2040: 96 1168 1557 1559 2039 2041 -1
2041: -1
2042: 96 1561 -1
2043: 96 2042 -1
2044: 97 -1
2045: 97 -1
2046: 97 2047 -1
2047: 97 -1
2048: 97 2047 -1
2049: 97 2052 -1
2050: 97 -1
2051: 97 -1
2052: -1
2053: 1187 -1
2054: -1
2055: -1
2056: -1
2057: 171 699 -1
2058: 1187 -1
2059: -1
2060: -1
2061: -1
2062: 108 683 -1
2063: -1
2064: -1
2065: 99 2091 2092 -1
2066: 99 2091 2092 -1
2067: -1
2068: 99 2091 2092 -1
2069: 99 193 393 503 1017 1187 2072 2081 2091 2092 -1
2070: 99 2091 2092 -1
2071: 99 2091 2092 -1
2072: 849 -1
2073: 99 2091 2092 -1
2074: 99 193 2091 2092 -1
2075: 503 544 691 849 1240 1544 1546 1601 -1
2076: 99 2091 2092 -1
2077: 99 2090 2091 2092 -1
2078: 99 2091 2092 -1
2079: 99 844 849 2091 2092 -1
2080: 99 2091 2092 -1
2081: 99 2091 2092 -1
2082: 99 193 2091 2092 -1
2083: 99 2091 2092 -1
2084: 99 2091 2092 -1
2085: 99 2091 2092 -1
2086: 99 1052 1237 1732 2091 2092 -1
2087: 99 2091 2092 -1
2088: 99 2091 2092 -1
2089: 99 2090 2091 2092 -1
2090: 99 2092 -1
2091: -1
2092: 2090 -1
2093: 1187 2200 -1
2094: 100 142 796 -1
2095: 101 -1
2096: 1076 -1
2097: 1128 -1
2098: 103 152 201 205 240 263 285 337 481 530 587 617 648 659 676 684 869 875 889 890 897 900 911 1097 1231 1232 1244 1733 2182 2237 2261 -1
2099: 104 2104 -1
2100: 1467 -1
2101: -1
2102: -1
2103: -1
2104: -1
2105: 395 -1
2106: 105 118 234 395 421 447 486 488 779 1091 1131 1204 1253 1268 1369 1382 1494 1845 2080 2107 2113 2190 2191 2200 -1
2107: 395 577 -1
2108: 105 -1
2109: 105 -1
2110: -1
2111: -1
2112: -1
2113: -1
2114: -1
2115: 106 205 674 701 878 891 1043 1151 1154 1182 1298 1380 2200 2262 -1
2116: 106 -1
2117: -1
2118: 108 -1
2119: 108 492 1933 -1
2120: 2115 -1
2121: 475 1326 -1
2122: -1
2123: 1637 -1
2124: -1
2125: -1
2126: -1
2127: -1
2128: -1
2129: 110 244 303 335 337 481 499 589 671 683 897 1034 1166 1326 1537 1543 1811 2121 2125 2126 2130 2131 2142 2182 -1
2130: -1
2131: -1
2132: 205 671 878 1151 1154 1326 -1
2133: -1
2134: -1
2135: -1
2136: -1
2137: -1
2138: -1
2139: -1
2140: 110 150 545 2120 2121 2122 2123 2124 2125 2126 2127 2128 2130 2131 2133 2134 2135 2136 2137 2138 2139 2141 2142 -1
2141: -1
2142: -1
2143: 112 176 483 489 491 492 497 501 -1
2144: -1
2145: -1
2146: 1428 -1
2147: 113 2149 2150 2151 2152 -1
2148: 113 2149 2150 2151 2152 -1
2149: -1
2150: -1
2151: -1
2152: -1
2153: 114 842 -1
2154: 114 360 493 917 959 1438 1439 1445 1452 1664 1667 1954 2155 2164 2179 -1
2155: -1
2156: 115 -1
2157: 115 -1
2158: 115 -1
2159: 115 -1
2160: 115 -1
2161: 115 -1
2162: 115 -1
2163: 115 -1
2164: 115 1003 -1
2165: 115 852 -1
2166: 115 846 2172 2180 -1
2167: 115 -1
2168: 115 -1
2169: 115 -1
2170: 115 -1
2171: 115 313 2172 -1
2172: 115 174 275 846 2255 -1
2173: 115 1811 -1
2174: 115 -1
2175: 115 502 -1
2176: 115 -1
2177: 115 -1
2178: 115 -1
2179: 115 1062 1343 -1
2180: 115 -1
2181: 115 187 711 849 850 857 900 1544 1546 2101 -1
2182: 115 -1
2183: -1
2184: 861 1824 -1
2185: -1
2186: 116 -1
2187: -1
2188: -1
2189: -1
2190: -1
2191: -1
2192: 118 247 486 2190 -1
2193: 118 486 2190 -1
2194: 118 486 852 1670 2190 -1
2195: 118 486 2190 -1
2196: -1
2197: 118 486 488 2190 -1
2198: 118 122 180 486 488 491 492 1081 1289 1293 1294 1519 1795 2190 2200 2252 -1
2199: 118 295 486 2190 2200 -1
2200: 495 -1
2201: 119 -1
2202: 119 -1
2203: 119 205 648 649 676 875 889 890 895 897 911 1097 1180 1334 1370 1917 -1
2204: 119 -1
2205: 119 550 -1
2206: 119 1098 1418 2284 -1
2207: 120 171 175 246 290 699 711 2208 -1
2208: 120 849 900 1187 1224 1667 -1
2209: 120 1006 -1
2210: 120 749 1071 2211 2212 2213 2214 2215 -1
2211: -1
2212: -1
2213: -1
2214: -1
2215: -1
2216: 1480 -1
2217: 1473 1480 2188 -1
2218: 121 -1
2219: 121 700 843 -1
2220: 121 1667 -1
2221: 121 -1
2222: 1000 1007 1012 1013 -1
2223: 1480 -1
2224: 122 480 510 861 1226 1722 -1
2225: -1
2226: -1
2227: 123 377 1958 -1
2228: 123 841 1850 -1
2229: 191 243 841 1017 1224 1542 1664 1667 1850 -1
2230: 1356 1545 2028 2029 2030 -1
2231: -1
2232: -1
2233: -1
2234: -1
2235: -1
2236: -1
2237: -1
2238: -1
2239: -1
2240: -1
2241: 127 -1
2242: 1093 1355 -1
2243: -1
2244: 500 -1
2245: -1
2246: -1
2247: -1
2248: 130 1356 2029 -1
2249: 130 476 571 1888 2097 2144 2247 2250 -1
2250: -1
2251: 132 -1
2252: 577 880 1688 2251 -1
2253: 133 246 -1
2254: 134 852 -1
2255: 134 972 1183 1519 2172 -1
2256: 189 207 337 481 1140 1151 1175 1740 1835 2182 -1
2257: -1
2258: 475 1093 1128 -1
2259: 138 220 433 1401 1407 -1
2260: 138 480 565 623 -1
2261: 855 2221 -1
2262: -1
2263: -1
2264: -1
2265: 140 193 900 2267 -1
2266: 140 2267 -1
2267: -1
2268: 143 201 208 258 263 271 285 335 337 481 602 659 674 701 844 888 891 905 906 1027 1043 1081 1306 1329 1330 1555 1810 1860 1863 2112 2182 -1
2269: 143 -1
2270: 143 -1
2271: 143 -1
2272: 143 -1
2273: 1132 -1
2274: 144 186 203 211 258 295 299 303 384 393 423 447 470 482 490 509 510 544 623 711 792 844 879 892 900 1005 1006 1047 1151 1187 1239 1259 1322 1398 1410 1415 1428 1432 1467 1536 1539 1547 1667 1846 1882 1952 2061 2067 2200 2226 2233 2275 2276 -1
2275: -1
2276: -1
2277: 145 2278 2279 -1
2278: -1
2279: -1
2280: 146 2028 -1
2281: 146 243 602 659 875 889 895 904 1151 1154 1765 -1
2282: 146 205 2200 2225 2226 -1
2283: 265 -1
2284: -1
2285: -1
2286: -1
2287: -1
2288: 711 -1
2289: 149 -1
2290: 149 -1
2291: 1273 1601 -1
