0: 11 38 82 139 140 141 142 143 144 145 146 147 148 149 150 151 152 153 155 156 157 158 159 160 161 162 163 164 165 166 167 168 169 170 171 172 174 175 176 177 178 179 180 181 199 209 332 364 418 419 422 431 445 560 624 628 629 1165 1169 1170 1205 1781 1902 1948 1977 2000 2018 2171 2310 2314 2329 2333 2356 2490 2498 2501 2505 2506 2509 3384 -1
1: 12 77 82 119 136 186 187 188 191 192 193 194 195 196 197 199 200 201 202 204 205 206 211 212 332 419 445 447 450 962 1169 1170 1173 2464 2469 2494 2501 2511 -1
2: 67 77 82 147 166 186 218 225 230 232 236 241 243 246 275 332 420 655 879 967 979 1048 1127 1135 1169 1170 1477 1914 -1
3: 7 11 20 43 55 77 88 123 133 170 201 233 240 244 245 246 247 248 249 250 251 252 254 255 256 257 258 259 260 261 262 263 264 265 266 267 268 269 270 271 272 273 274 275 276 277 278 279 280 337 339 341 356 412 418 419 422 438 445 449 452 461 463 819 962 975 1007 1023 1126 1134 1143 1169 1170 1256 1263 1300 1471 1779 1875 2411 2448 2465 2496 2500 2501 2509 2796 2797 2799 2800 2911 -1
4: 11 38 82 112 124 136 139 186 236 281 282 283 284 285 286 287 288 289 290 291 292 293 294 295 296 297 298 299 300 301 302 303 304 305 306 307 308 309 310 311 312 313 314 315 316 317 318 319 320 321 322 323 324 332 418 422 443 459 962 1169 1170 2490 2506 2511 3006 3094 3384 -1
5: 56 227 328 329 445 962 1169 1170 3017 -1
6: 149 362 363 364 365 366 1169 -1
7: 1169 -1
8: 230 418 419 420 421 422 423 967 1169 -1
9: 1169 -1
10: 77 82 229 275 332 418 419 426 428 429 430 431 432 433 434 435 436 437 438 439 440 441 442 443 444 445 446 447 449 450 451 452 453 454 455 456 457 458 459 460 461 462 463 967 1170 2486 -1
11: 548 549 550 -1
12: 1 77 82 184 185 186 188 199 230 275 332 419 420 432 459 554 555 560 962 2494 2511 -1
13: 581 582 583 584 585 586 587 589 967 979 -1
14: -1
15: 597 598 967 969 -1
16: -1
17: -1
18: 162 623 624 627 628 629 -1
19: 785 -1
20: 408 472 550 873 875 876 969 977 979 981 989 -1
21: 153 878 879 -1
22: -1
23: -1
24: 961 962 -1
25: -1
26: 11 20 67 77 101 119 123 133 201 266 275 418 419 422 447 590 628 961 971 972 996 997 998 999 1000 1001 1002 1004 1006 1007 1008 1009 1010 1011 1012 1013 1014 1015 1016 1017 1019 1020 1021 1022 1023 1024 1025 1026 1027 1141 1261 1263 1471 1779 2158 2426 2490 2491 2496 2500 2501 2509 2511 2796 2797 2799 2800 -1
27: 55 82 332 344 354 358 1005 1026 1029 1030 1031 1249 -1
28: -1
29: 11 -1
30: 25 560 975 1047 1048 1049 1051 -1
31: -1
32: -1
33: 82 332 1119 1120 -1
34: 967 -1
35: 48 56 186 210 227 436 962 975 1029 1123 1125 1126 1127 1130 1134 1135 1136 1143 2501 2511 3017 -1
36: 1158 -1
37: -1
38: -1
39: 1174 1175 -1
40: 25 967 973 3019 -1
41: 82 332 624 629 1177 -1
42: 967 1178 -1
43: -1
44: 39 1195 -1
45: -1
46: 82 136 149 230 332 350 420 962 975 1126 1134 1143 1201 1203 1207 1212 1213 1214 1216 1218 -1
47: -1
48: -1
49: 11 186 210 275 310 389 418 419 422 443 449 459 833 967 971 975 1001 1130 1218 1251 1252 1255 1259 1262 1263 1264 1265 1268 1269 1270 1570 1571 1577 1578 1581 1877 2473 2485 2494 2497 2501 2503 2508 2511 -1
50: -1
51: -1
52: -1
53: -1
54: 25 -1
55: 25 979 -1
56: -1
57: -1
58: 77 86 119 123 124 133 150 227 233 247 249 252 258 260 275 277 290 363 365 366 418 419 422 432 434 438 449 452 463 472 551 628 973 1047 1051 1204 1298 1471 1537 1538 1539 1540 1541 1542 1543 1544 1545 1546 1547 1548 1549 1550 1552 1553 1554 1556 1557 1558 1559 1560 1561 1562 1563 1564 1565 1566 1817 2500 2501 2509 2511 2513 2514 2516 2795 2796 2797 2799 2800 3049 3052 3060 3351 -1
59: 24 82 188 332 345 459 1123 1463 1568 1569 1570 1571 1572 1573 1574 1575 1576 1577 1578 1580 1581 1582 1583 -1
60: -1
61: -1
62: -1
63: -1
64: -1
65: -1
66: -1
67: -1
68: -1
69: 25 284 967 1803 1804 1806 1807 -1
70: 975 -1
71: -1
72: 1822 -1
73: 973 979 -1
74: -1
75: -1
76: -1
77: 967 971 979 987 1913 1914 -1
78: -1
79: -1
80: -1
81: -1
82: 77 186 243 1126 1134 1143 1255 1575 1582 2056 2064 2382 2473 2485 2486 2489 2492 2493 2494 2495 2497 2498 2501 2502 2503 2504 2505 2506 2507 2508 2509 2511 -1
83: -1
84: -1
85: -1
86: -1
87: -1
88: 2609 -1
89: -1
90: -1
91: 975 -1
92: -1
93: 973 2665 -1
94: -1
95: -1
96: -1
97: 11 985 -1
98: 985 989 -1
99: -1
100: 2735 -1
101: 879 -1
102: -1
103: 959 2786 -1
104: -1
105: 123 628 2500 2793 2794 2795 2796 2797 2799 2801 2802 2803 2804 2944 2945 2958 2959 2967 -1
106: -1
107: -1
108: -1
109: 2955 2956 2964 2969 2970 2971 -1
110: -1
111: -1
112: 977 -1
113: 3022 3023 -1
114: -1
115: 133 249 252 419 447 628 1007 1543 2500 2501 2509 2796 2797 2800 3045 3046 3047 3048 3049 3050 3052 3053 3054 3055 3056 3057 3058 3059 3060 3061 3062 3063 3064 3065 3066 -1
116: -1
117: 969 2511 -1
118: -1
119: 985 -1
120: 284 3019 3094 -1
121: -1
122: -1
123: -1
124: -1
125: -1
126: -1
127: -1
128: -1
129: -1
130: -1
131: 628 1014 3324 3326 3330 3331 3332 3333 3335 3336 3337 3338 3340 3341 3345 3346 3349 3350 3355 3356 3358 -1
132: 969 -1
133: -1
134: -1
135: -1
136: 969 3388 -1
137: -1
138: 0 -1
139: 38 -1
140: -1
141: -1
142: -1
143: -1
144: -1
145: -1
146: -1
147: -1
148: -1
149: -1
150: -1
151: -1
152: -1
153: -1
154: -1
155: -1
156: -1
157: 82 199 209 332 419 624 629 1165 1205 2108 2125 2128 2134 2137 2192 2314 2351 2353 2501 2506 -1
158: -1
159: -1
160: -1
161: -1
162: -1
163: -1
164: -1
165: -1
166: -1
167: -1
168: 2734 -1
169: -1
170: -1
171: -1
172: -1
173: 82 109 274 279 311 332 370 394 443 628 672 1051 1292 1566 2246 2420 2524 2525 2686 2687 2688 2689 2690 2691 2692 2693 2694 2695 2696 2697 2698 2699 2700 2701 2702 2703 2704 2705 2706 2707 2708 2800 2946 3053 -1
174: 1165 -1
175: -1
176: -1
177: -1
178: -1
179: -1
180: -1
181: -1
182: 1 12 24 82 203 270 332 379 559 804 834 959 978 1123 1255 1577 1578 1580 2158 2392 2462 2473 2485 2497 2499 2503 2508 2797 -1
183: 1 12 82 156 195 199 332 556 959 961 962 2494 -1
184: -1
185: -1
186: 284 2490 -1
187: -1
188: -1
189: 552 -1
190: -1
191: -1
192: -1
193: -1
194: -1
195: -1
196: -1
197: -1
198: -1
199: -1
200: -1
201: -1
202: -1
203: 559 -1
204: 959 962 -1
205: -1
206: -1
207: -1
208: -1
209: -1
210: 284 -1
211: -1
212: -1
213: 11 56 193 218 224 227 229 233 237 239 275 282 290 298 306 433 439 442 443 449 456 551 877 962 1008 1912 2389 2498 3017 -1
214: 218 275 1477 -1
215: 197 218 290 1216 1477 -1
216: 218 -1
217: 218 1477 -1
218: 2 14 21 80 215 217 221 222 223 226 228 231 234 235 238 242 306 311 320 401 433 442 593 594 595 640 995 1135 1477 1934 1935 1936 1937 1938 2871 3328 -1
219: 218 -1
220: 218 -1
221: -1
222: -1
223: -1
224: -1
225: -1
226: -1
227: -1
228: -1
229: -1
230: 420 -1
231: -1
232: -1
233: -1
234: -1
235: -1
236: -1
237: -1
238: -1
239: -1
240: -1
241: -1
242: -1
243: -1
244: -1
245: -1
246: -1
247: -1
248: -1
249: -1
250: -1
251: -1
252: -1
253: -1
254: -1
255: -1
256: -1
257: -1
258: -1
259: -1
260: -1
261: -1
262: -1
263: -1
264: -1
265: -1
266: -1
267: -1
268: -1
269: -1
270: -1
271: -1
272: -1
273: -1
274: -1
275: -1
276: -1
277: -1
278: -1
279: -1
280: -1
281: -1
282: -1
283: -1
284: 112 -1
285: -1
286: -1
287: -1
288: -1
289: -1
290: -1
291: -1
292: -1
293: -1
294: -1
295: -1
296: -1
297: -1
298: -1
299: -1
300: -1
301: -1
302: -1
303: -1
304: -1
305: -1
306: -1
307: -1
308: -1
309: -1
310: -1
311: -1
312: -1
313: -1
314: -1
315: -1
316: -1
317: -1
318: -1
319: -1
320: -1
321: -1
322: -1
323: -1
324: -1
325: 5 513 625 626 1778 1783 1784 3334 -1
326: 5 513 625 626 1778 1783 1784 3334 -1
327: 5 513 625 626 1778 1783 1784 3334 -1
328: 5 1783 -1
329: 5 1783 -1
330: -1
331: -1
332: -1
333: -1
334: -1
335: -1
336: -1
337: -1
338: -1
339: -1
340: -1
341: -1
342: -1
343: -1
344: -1
345: -1
346: -1
347: -1
348: -1
349: -1
350: -1
351: -1
352: -1
353: -1
354: -1
355: -1
356: -1
357: -1
358: -1
359: 362 873 -1
360: 702 1815 2156 2860 3384 -1
361: 362 -1
362: -1
363: -1
364: -1
365: 366 -1
366: 11 -1
367: 7 368 370 387 390 392 394 395 398 404 406 407 411 -1
368: 275 304 311 395 663 1292 2793 2910 2941 2945 2946 2955 2958 2965 2971 -1
369: 395 -1
370: 395 -1
371: 7 368 369 370 387 388 389 390 392 393 394 395 396 397 398 399 400 401 403 404 405 406 407 408 409 410 411 412 -1
372: 7 368 369 370 387 388 389 390 392 393 394 395 396 397 398 399 400 401 403 404 405 406 407 408 409 410 411 412 -1
373: 7 141 147 193 233 239 275 311 368 369 370 387 388 389 390 391 392 393 394 395 396 397 398 399 400 401 402 403 404 405 406 407 408 409 410 411 412 435 451 460 462 879 1029 1127 1201 1203 1207 1212 1216 1564 1914 2490 2679 3344 3357 -1
374: 7 369 370 387 389 392 394 396 397 402 403 404 405 406 411 412 -1
375: 7 86 121 122 718 2500 3134 -1
376: 7 86 462 -1
377: 7 -1
378: 7 11 19 20 55 67 72 77 86 109 123 133 147 150 233 247 260 271 275 277 279 418 419 422 449 462 628 678 1014 1021 1204 1539 1557 1562 2500 2501 2796 2797 2911 3384 -1
379: 7 11 25 56 77 186 188 227 275 419 438 447 452 463 623 967 1123 1132 1170 1201 1218 1255 1913 2389 2477 2485 2492 2497 2501 2503 2505 2506 2508 2509 2511 3017 3019 -1
380: 7 11 67 77 82 186 188 195 196 199 209 212 243 310 332 418 419 422 554 962 2310 2389 2501 2505 2509 -1
381: 7 368 370 387 390 392 394 395 398 404 406 407 411 -1
382: 7 368 369 387 388 389 390 391 393 395 396 398 399 400 401 403 404 405 406 407 408 409 410 411 412 -1
383: 7 368 369 370 387 388 389 390 391 392 393 394 395 396 397 398 399 400 401 402 403 404 405 406 407 408 409 410 411 412 -1
384: 7 368 369 370 388 389 390 391 392 393 394 395 396 397 398 399 400 401 402 403 404 405 406 407 408 409 410 411 412 1007 -1
385: 7 159 233 275 306 368 369 370 387 388 389 390 391 392 393 394 395 396 397 398 399 400 401 402 403 404 405 406 407 408 409 410 411 412 433 879 1008 1024 1029 1127 1207 1213 1914 -1
386: 7 368 369 370 387 388 389 390 391 392 393 394 395 396 398 399 400 401 402 403 404 405 406 407 408 409 410 411 412 633 -1
387: -1
388: -1
389: -1
390: -1
391: -1
392: -1
393: -1
394: -1
395: -1
396: -1
397: -1
398: -1
399: -1
400: -1
401: -1
402: -1
403: -1
404: -1
405: -1
406: -1
407: 123 275 419 455 584 624 628 1003 1018 1033 1126 1134 1143 1556 2167 2500 2501 2564 2796 2797 2799 2941 2943 2944 2945 2949 2961 2962 2967 3280 -1
408: -1
409: -1
410: -1
411: -1
412: -1
413: 8 -1
414: 8 65 122 237 246 415 416 417 425 427 448 458 493 836 1714 1715 1716 1717 1718 1719 1720 1721 1722 1723 1724 1725 1726 1727 1728 1729 1730 1731 1732 1733 1734 1735 1736 1737 1738 1739 1740 1741 1742 1743 1744 1745 1746 1747 1748 1749 1750 1751 1752 1753 1754 1755 1756 1757 1758 1759 1878 3137 3146 3148 -1
415: -1
416: -1
417: -1
418: -1
419: -1
420: -1
421: -1
422: -1
423: -1
424: 9 -1
425: -1
426: -1
427: -1
428: -1
429: -1
430: -1
431: -1
432: -1
433: -1
434: -1
435: -1
436: -1
437: -1
438: -1
439: -1
440: -1
441: -1
442: -1
443: -1
444: -1
445: -1
446: -1
447: -1
448: -1
449: -1
450: -1
451: -1
452: -1
453: -1
454: -1
455: -1
456: -1
457: -1
458: -1
459: -1
460: -1
461: -1
462: -1
463: -1
464: 11 -1
465: 11 2500 -1
466: 11 82 148 157 186 201 209 332 418 419 422 624 629 1205 1948 2000 2314 2356 2501 2506 -1
467: 11 82 332 459 -1
468: 11 82 332 419 2501 -1
469: 11 82 246 306 332 401 419 629 632 652 1205 2506 2795 2941 2945 2946 2951 2962 2963 2967 3280 -1
470: 11 624 629 -1
471: -1
472: -1
473: 11 56 77 82 133 186 190 196 229 261 274 275 298 306 332 418 419 423 433 453 556 652 962 984 1913 2389 2494 2495 2509 2531 2799 2944 2948 2967 3017 3064 -1
474: 11 19 72 109 121 122 123 419 628 976 2500 2501 2796 2797 2799 2875 2910 -1
475: 11 112 418 419 422 -1
476: 11 -1
477: 11 -1
478: 11 -1
479: 11 72 109 123 2501 2511 -1
480: 11 -1
481: 11 -1
482: 11 -1
483: 11 -1
484: 11 -1
485: 11 546 -1
486: 11 1268 -1
487: 11 2500 2501 2796 2797 2799 -1
488: 11 -1
489: 11 -1
490: 11 -1
491: 11 -1
492: 11 450 962 3133 3148 -1
493: 11 -1
494: 11 423 -1
495: 11 20 77 449 472 1126 1134 1143 -1
496: 11 38 67 139 186 227 243 275 284 310 379 443 456 459 623 1123 1132 1251 1255 1265 1268 1570 1581 2473 2485 2489 2490 2497 2501 2503 2508 2511 -1
497: 11 186 196 269 290 389 419 459 -1
498: 11 -1
499: 11 20 418 419 422 1263 1268 -1
500: 11 56 186 188 210 389 418 422 962 2490 2493 2494 3006 3017 3019 -1
501: 11 20 237 281 389 418 419 459 1125 1268 1570 1581 2501 -1
502: 11 48 50 51 86 94 119 121 122 123 347 418 419 422 438 452 463 628 724 1126 1128 1134 1143 1267 1292 1471 2389 2481 2489 2490 2500 2501 2509 2796 2797 -1
503: 11 -1
504: 11 1126 1134 1143 -1
505: 11 38 82 109 139 230 243 332 351 352 420 443 970 1126 1134 1143 1201 1206 1212 1213 1216 -1
506: 11 -1
507: 11 65 447 2500 2501 2796 2797 -1
508: 11 -1
509: 11 -1
510: 11 -1
511: 11 82 156 332 419 624 629 2351 2490 2493 2501 -1
512: 11 82 148 150 161 162 172 209 332 419 431 459 624 627 628 629 1205 2314 2505 2736 -1
513: 11 -1
514: 11 -1
515: 11 -1
516: 11 -1
517: 11 -1
518: 11 -1
519: 11 -1
520: 11 -1
521: 11 -1
522: 11 -1
523: 11 -1
524: 11 -1
525: 11 -1
526: 11 -1
527: 11 -1
528: 11 -1
529: 11 -1
530: 11 -1
531: 11 -1
532: 11 -1
533: 11 -1
534: 11 -1
535: 11 -1
536: 11 -1
537: 11 -1
538: 11 -1
539: 11 -1
540: 11 -1
541: 11 -1
542: 11 -1
543: 11 -1
544: -1
545: -1
546: -1
547: 11 -1
548: -1
549: -1
550: -1
551: -1
552: -1
553: -1
554: -1
555: -1
556: -1
557: -1
558: -1
559: -1
560: -1
561: 13 88 438 452 463 718 -1
562: 13 -1
563: 13 -1
564: 13 588 -1
565: 13 588 -1
566: 13 588 -1
567: 13 588 -1
568: 13 588 -1
569: 13 588 -1
570: 13 588 -1
571: 13 588 -1
572: 13 588 -1
573: 13 588 -1
574: 13 588 -1
575: 13 588 -1
576: 13 588 -1
577: 13 588 -1
578: 13 588 -1
579: 13 588 -1
580: 13 588 -1
581: -1
582: -1
583: -1
584: -1
585: -1
586: 585 -1
587: -1
588: -1
589: -1
590: -1
591: -1
592: -1
593: -1
594: -1
595: -1
596: 15 63 1680 1681 -1
597: 598 -1
598: -1
599: 123 150 419 1014 2500 2501 2797 2799 -1
600: 16 -1
601: 17 -1
602: 17 618 -1
603: 17 -1
604: 17 618 -1
605: 17 3336 3338 3341 3346 3350 -1
606: 17 -1
607: 17 -1
608: 17 -1
609: 17 -1
610: 17 -1
611: 17 -1
612: 17 618 -1
613: 17 618 -1
614: 17 618 -1
615: 17 618 -1
616: 17 618 -1
617: 17 618 -1
618: -1
619: -1
620: 619 -1
621: 679 1127 -1
622: -1
623: -1
624: -1
625: -1
626: -1
627: -1
628: -1
629: -1
630: -1
631: 19 632 633 634 635 636 637 638 639 640 641 642 643 644 645 646 647 648 649 650 651 652 653 654 655 656 657 658 659 660 661 662 663 664 665 666 667 668 669 670 671 672 673 674 675 676 677 678 679 680 681 682 683 684 685 686 687 688 689 -1
632: -1
633: -1
634: -1
635: -1
636: -1
637: -1
638: -1
639: -1
640: -1
641: -1
642: -1
643: -1
644: -1
645: -1
646: -1
647: -1
648: -1
649: -1
650: -1
651: -1
652: -1
653: -1
654: -1
655: -1
656: -1
657: -1
658: -1
659: -1
660: -1
661: -1
662: -1
663: -1
664: -1
665: -1
666: -1
667: -1
668: -1
669: -1
670: -1
671: -1
672: -1
673: -1
674: -1
675: -1
676: -1
677: -1
678: -1
679: -1
680: -1
681: -1
682: -1
683: -1
684: -1
685: 2960 -1
686: -1
687: -1
688: -1
689: -1
690: 19 663 2970 -1
691: 19 -1
692: 19 72 109 121 122 123 150 419 628 1126 1134 1143 2501 2797 2799 2911 -1
693: 19 121 122 718 1014 2158 2501 2799 2827 -1
694: 19 51 86 109 123 177 196 246 264 274 275 306 311 426 438 443 444 452 462 463 478 555 561 658 701 785 815 1010 1021 1027 1127 1136 1219 1263 1537 1539 1909 2709 2719 2725 2796 2799 2828 2838 2860 2911 2961 3330 3396 3400 3402 3404 -1
695: 19 -1
696: 19 109 1908 -1
697: 19 122 1049 2960 3146 3148 -1
698: 19 109 -1
699: 19 -1
700: 19 109 706 1908 -1
701: 19 122 1908 2500 -1
702: 19 109 122 718 2500 -1
703: 19 109 122 -1
704: 19 122 706 -1
705: 19 -1
706: 19 109 122 419 718 1908 2500 2830 -1
707: 19 20 51 55 72 77 82 86 88 109 121 122 123 244 252 264 271 275 277 332 370 394 419 438 449 452 463 472 628 785 1003 1014 1018 1026 1033 1250 1262 1471 1537 1539 1579 2490 2500 2501 2796 2797 2799 2911 2970 -1
708: 19 -1
709: 19 82 109 332 -1
710: 19 20 109 438 452 463 1126 1134 1143 2910 -1
711: 19 109 2875 -1
712: 19 82 109 332 419 2875 -1
713: 19 20 718 1126 1134 1143 -1
714: 19 -1
715: 19 51 82 88 109 332 1126 1134 1143 2796 2797 -1
716: 19 121 122 -1
717: 19 109 628 1539 2796 2911 -1
718: 19 109 -1
719: 19 637 974 2945 -1
720: 19 56 112 188 227 281 418 419 422 426 1029 1132 2490 2498 2509 3006 3016 3017 3018 3019 -1
721: 19 72 196 264 271 628 1299 1539 2964 -1
722: 19 -1
723: 19 -1
724: 19 -1
725: 19 -1
726: 19 -1
727: 19 -1
728: 19 -1
729: 19 -1
730: 19 -1
731: 19 -1
732: 19 -1
733: 19 2970 -1
734: 19 743 -1
735: 19 419 624 629 2490 2797 -1
736: 19 -1
737: 19 655 1007 1195 1556 2948 -1
738: 19 -1
739: 19 -1
740: 19 -1
741: 19 1566 2970 -1
742: 19 250 3357 -1
743: 19 -1
744: 19 141 187 275 387 443 456 545 652 658 1143 1292 2945 2958 -1
745: 19 -1
746: 19 -1
747: 19 250 -1
748: 19 -1
749: 19 -1
750: 19 -1
751: 19 -1
752: 19 -1
753: 19 82 332 959 2469 3280 -1
754: 19 82 332 1211 -1
755: 19 72 121 122 123 277 1538 2495 2500 2501 2799 2946 2958 2960 -1
756: 19 -1
757: 19 86 241 260 271 275 277 290 306 449 628 785 1299 1537 1539 1553 1817 2796 -1
758: 19 -1
759: 19 -1
760: 19 -1
761: 19 2717 -1
762: 19 -1
763: 19 -1
764: 19 -1
765: 19 -1
766: 19 -1
767: 19 438 452 463 2564 -1
768: 19 -1
769: 19 -1
770: 19 -1
771: 19 -1
772: 19 -1
773: 19 -1
774: 19 -1
775: 19 1553 -1
776: 19 -1
777: 19 -1
778: 19 419 1252 1262 2501 -1
779: 19 -1
780: 19 -1
781: 19 -1
782: 19 -1
783: 19 -1
784: 19 -1
785: -1
786: 20 82 150 332 419 1126 1134 1143 1204 2500 2796 -1
787: 20 77 119 150 419 628 2158 2500 2501 2796 2797 3323 -1
788: 20 -1
789: 20 50 51 77 84 86 94 121 122 133 236 274 310 418 419 422 449 472 628 1014 1292 1471 2489 2500 2501 2796 2797 3054 -1
790: 20 718 -1
791: 20 150 419 1126 1134 1143 1209 2796 -1
792: 20 77 101 119 133 266 275 418 419 422 438 452 463 549 628 969 975 997 1007 1014 1019 1020 1021 1260 1471 2426 2500 2509 2796 2797 2799 3351 -1
793: 20 123 150 156 418 419 422 628 1251 1573 2500 2501 2796 -1
794: 20 248 255 257 259 426 456 471 472 668 1126 1134 1143 1826 2490 2501 2797 2941 2942 2944 2962 3060 -1
795: 20 -1
796: 20 419 -1
797: 20 82 332 1050 1068 1126 1134 1143 2795 -1
798: 20 419 628 1126 1134 1143 2500 2501 2797 -1
799: 20 123 419 1126 1134 1143 2500 2501 2796 2797 -1
800: 20 123 418 419 422 628 1014 1126 1134 1143 1253 1262 2053 2490 2496 2500 2501 2509 2519 2718 2796 2797 2799 -1
801: 20 82 92 107 273 332 348 412 419 624 628 629 1126 1134 1143 1552 2500 2518 2796 3338 3344 3349 3350 3356 -1
802: 20 123 -1
803: 20 65 123 263 1126 1134 1143 2500 2501 2797 -1
804: 20 1471 2500 2511 -1
805: 20 1126 1134 1143 -1
806: 20 1549 1827 1828 -1
807: 20 64 67 123 201 418 419 422 558 628 804 956 976 982 1007 1014 1047 1049 1067 1126 1134 1143 1174 1300 1471 1779 1780 2490 2499 2500 2501 2509 2511 2795 2796 2797 2799 2800 3063 -1
808: 20 342 1126 1134 1143 -1
809: 20 -1
810: 20 418 419 422 962 1471 2500 2509 -1
811: 20 1126 1134 1143 2500 2501 -1
812: 20 76 123 293 418 419 422 1126 1134 1143 1471 2158 2490 2497 2500 2501 2796 2797 2799 2944 -1
813: 20 241 335 1126 1134 1143 -1
814: 20 150 244 247 291 311 418 419 422 426 449 879 1007 1127 1553 1564 2797 2828 2844 2852 2862 2867 3064 3132 3136 3137 3148 3155 -1
815: 20 438 452 463 -1
816: 20 150 156 418 419 422 1126 1134 1143 1251 2500 2501 2509 2796 -1
817: 20 82 332 1126 1134 1143 1204 1561 -1
818: 20 150 419 434 628 1209 1263 1908 1909 2500 2501 2796 -1
819: 20 86 438 452 463 -1
820: 20 122 123 133 628 706 1908 2500 2501 2796 -1
821: 20 -1
822: 20 150 418 419 422 628 1126 1134 1143 2490 2500 2501 2509 2796 -1
823: 20 150 418 419 422 2501 -1
824: 20 -1
825: 20 1126 1134 1143 -1
826: 20 2500 -1
827: 20 207 419 2509 -1
828: 20 209 389 1125 2509 -1
829: 20 -1
830: 20 67 82 119 188 275 332 349 418 419 422 450 459 1263 1571 2435 2509 -1
831: 20 -1
832: 20 133 389 447 971 2511 -1
833: 20 -1
834: 20 63 67 82 88 110 188 308 311 332 389 418 419 422 475 623 962 974 976 1123 1125 1132 1218 1577 1578 1877 2489 2490 2501 2506 2509 2609 2610 -1
835: 20 -1
836: 20 -1
837: 20 -1
838: 20 -1
839: 20 3329 3338 3344 -1
840: 20 3329 3338 3344 -1
841: 20 -1
842: 20 -1
843: 20 3338 3344 -1
844: 20 -1
845: 20 633 661 -1
846: 20 -1
847: 20 3249 -1
848: 20 -1
849: 20 -1
850: 20 -1
851: 20 -1
852: 20 -1
853: 20 3351 -1
854: 20 -1
855: 20 411 633 661 -1
856: 20 3351 -1
857: 20 -1
858: 20 -1
859: 20 -1
860: 20 141 200 252 267 275 318 462 472 633 873 879 1029 1127 1203 1207 1216 1914 2490 2530 -1
861: 20 233 275 397 1564 -1
862: 20 -1
863: 20 633 -1
864: 20 3335 3351 -1
865: 20 275 3351 -1
866: 20 275 -1
867: 20 275 -1
868: 20 -1
869: 20 -1
870: -1
871: 20 870 874 -1
872: 20 870 874 -1
873: -1
874: -1
875: -1
876: -1
877: -1
878: -1
879: -1
880: 22 -1
881: 22 -1
882: 22 -1
883: 22 -1
884: 23 885 887 888 889 890 891 892 893 894 895 896 897 898 899 900 901 902 903 904 905 906 907 908 909 910 911 912 913 914 915 916 917 918 919 920 921 922 923 924 925 926 927 928 929 930 931 932 933 934 935 936 937 938 939 940 941 942 943 944 945 946 947 948 949 950 951 952 953 -1
885: 955 -1
886: 23 887 888 889 890 891 892 893 894 895 896 897 898 899 900 901 902 903 904 905 906 907 908 909 910 911 912 913 914 915 916 917 918 919 920 921 922 923 924 925 926 927 928 929 930 931 932 933 934 935 936 937 938 939 940 941 942 943 944 945 946 947 948 949 950 951 953 -1
887: -1
888: -1
889: -1
890: -1
891: -1
892: -1
893: -1
894: -1
895: -1
896: -1
897: -1
898: -1
899: -1
900: -1
901: -1
902: -1
903: -1
904: -1
905: -1
906: -1
907: -1
908: -1
909: -1
910: -1
911: -1
912: -1
913: -1
914: -1
915: -1
916: -1
917: -1
918: -1
919: -1
920: -1
921: -1
922: -1
923: -1
924: -1
925: -1
926: -1
927: -1
928: -1
929: -1
930: -1
931: -1
932: -1
933: -1
934: -1
935: -1
936: -1
937: -1
938: -1
939: -1
940: -1
941: -1
942: -1
943: -1
944: -1
945: -1
946: -1
947: -1
948: -1
949: -1
950: -1
951: -1
952: -1
953: -1
954: 23 885 887 888 889 890 891 892 893 894 895 896 897 898 899 900 901 902 903 904 905 906 907 908 909 910 911 912 913 914 915 916 917 918 919 920 921 922 923 924 925 926 927 928 929 930 931 932 933 934 935 936 937 938 939 940 941 942 943 944 945 946 947 948 949 950 951 952 953 -1
955: 23 885 887 888 889 890 891 892 893 894 895 896 897 898 899 900 901 902 903 904 905 906 907 908 909 910 911 912 913 914 915 916 917 918 919 920 921 922 923 924 925 926 927 928 929 930 931 932 933 934 935 936 937 938 939 940 941 942 943 944 945 946 947 948 949 950 951 953 -1
956: -1
957: -1
958: -1
959: -1
960: 24 958 959 -1
961: -1
962: -1
963: 25 966 967 968 969 970 971 972 973 974 975 976 977 978 979 980 981 982 983 984 985 986 987 988 989 990 991 -1
964: 25 979 -1
965: 25 -1
966: -1
967: -1
968: -1
969: -1
970: -1
971: -1
972: -1
973: -1
974: -1
975: -1
976: -1
977: -1
978: -1
979: -1
980: -1
981: -1
982: -1
983: -1
984: -1
985: -1
986: -1
987: -1
988: -1
989: -1
990: -1
991: -1
992: 1005 1030 1031 -1
993: 1005 1030 1031 -1
994: 1005 1030 1031 -1
995: -1
996: -1
997: -1
998: 1011 1019 -1
999: -1
1000: -1
1001: -1
1002: -1
1003: -1
1004: -1
1005: -1
1006: -1
1007: -1
1008: -1
1009: -1
1010: -1
1011: -1
1012: -1
1013: -1
1014: -1
1015: -1
1016: -1
1017: -1
1018: -1
1019: -1
1020: -1
1021: -1
1022: -1
1023: -1
1024: -1
1025: -1
1026: -1
1027: -1
1028: 178 191 197 245 311 1127 -1
1029: -1
1030: -1
1031: -1
1032: -1
1033: -1
1034: 119 123 150 389 418 419 422 628 1014 1026 1047 1051 1174 1471 2490 2496 2500 2501 2509 2795 2796 2797 2799 2800 -1
1035: 28 82 199 275 332 1036 2056 2493 2494 2502 -1
1036: 1035 1037 1038 -1
1037: 28 1035 1036 -1
1038: 28 1036 1037 -1
1039: -1
1040: -1
1041: -1
1042: 29 71 75 96 854 1039 1043 1044 1045 1046 1809 1810 1811 1812 1858 1859 1860 2680 2681 -1
1043: -1
1044: -1
1045: -1
1046: -1
1047: 30 560 -1
1048: -1
1049: -1
1050: -1
1051: -1
1052: 31 1064 1065 1066 1067 1068 1069 1070 1071 1072 1073 1074 1075 1076 1077 1078 1079 1080 1081 1082 1083 1084 1085 1086 1087 1088 1089 1090 1091 -1
1053: 31 1064 1065 1066 1067 1068 1069 1070 1071 1072 1073 1074 1075 1076 1077 1078 1079 1080 1081 1082 1083 1084 1085 1086 1087 1088 1089 1090 1091 -1
1054: 31 1064 1065 1066 1067 1068 1069 1070 1071 1072 1073 1074 1075 1076 1077 1078 1079 1080 1081 1082 1083 1084 1085 1086 1087 1088 1089 1090 1091 -1
1055: 31 1064 1065 1066 1067 1068 1069 1070 1071 1072 1073 1074 1075 1076 1077 1078 1079 1080 1081 1082 1083 1084 1085 1086 1087 1088 1089 1090 1091 -1
1056: 31 1064 1065 1066 1067 1068 1069 1070 1071 1072 1073 1074 1075 1076 1077 1078 1079 1080 1081 1082 1083 1084 1085 1086 1087 1088 1089 1090 1091 -1
1057: 31 -1
1058: 31 -1
1059: 31 -1
1060: 31 1083 -1
1061: 31 1779 -1
1062: 31 1070 -1
1063: 31 67 82 332 628 958 1017 1089 1126 1134 1143 2795 -1
1064: -1
1065: -1
1066: -1
1067: -1
1068: -1
1069: -1
1070: -1
1071: -1
1072: -1
1073: -1
1074: -1
1075: -1
1076: -1
1077: -1
1078: -1
1079: -1
1080: -1
1081: -1
1082: -1
1083: -1
1084: -1
1085: -1
1086: -1
1087: -1
1088: -1
1089: -1
1090: -1
1091: -1
1092: 1093 1112 -1
1093: 32 82 147 201 246 275 298 332 429 461 471 478 632 652 962 1096 1097 1098 1111 1112 1115 1116 1676 2064 2499 2799 2941 2948 2955 2971 3066 3280 3333 -1
1094: 32 1096 1097 1098 1111 1112 1115 1116 -1
1095: 32 1096 1097 1098 1111 1115 1116 1117 -1
1096: -1
1097: 1093 1094 1095 1101 1102 1103 1104 1105 1106 1107 1108 1112 2820 -1
1098: -1
1099: 32 -1
1100: 32 1096 1116 -1
1101: 32 1096 1116 -1
1102: 32 1096 1116 -1
1103: 32 1096 1116 -1
1104: 32 1096 1116 -1
1105: 32 1096 1116 -1
1106: 32 1096 1116 -1
1107: 32 1096 1116 -1
1108: 32 1116 -1
1109: 1093 -1
1110: 32 1094 1116 3344 -1
1111: -1
1112: 32 1116 -1
1113: 32 1116 -1
1114: 32 1116 -1
1115: -1
1116: -1
1117: 1093 1112 -1
1118: 1093 1112 -1
1119: 1120 -1
1120: -1
1121: 1049 1175 2795 2955 2971 -1
1122: 35 130 179 330 342 702 756 808 1815 1899 2510 2837 3314 3316 3317 3318 3319 3321 3322 -1
1123: 1218 -1
1124: -1
1125: -1
1126: -1
1127: -1
1128: -1
1129: -1
1130: -1
1131: -1
1132: -1
1133: -1
1134: -1
1135: -1
1136: -1
1137: -1
1138: -1
1139: -1
1140: -1
1141: -1
1142: -1
1143: -1
1144: 36 1159 1160 1161 1162 -1
1145: 36 77 133 259 419 628 1007 1014 1133 1471 2490 2500 2501 2796 2797 3046 3054 -1
1146: 36 -1
1147: 36 -1
1148: 36 -1
1149: 36 1203 -1
1150: 36 -1
1151: 36 -1
1152: 36 -1
1153: 1158 -1
1154: 1158 -1
1155: 36 1159 1160 1161 1162 -1
1156: 36 1159 1160 1161 1162 -1
1157: 36 1154 1159 1160 1161 1162 -1
1158: -1
1159: -1
1160: -1
1161: -1
1162: -1
1163: 37 -1
1164: 38 48 82 139 158 332 1126 1134 1143 1165 2490 2506 -1
1165: 38 77 139 158 186 332 962 2498 -1
1166: 38 139 -1
1167: 38 -1
1168: 38 -1
1169: 38 -1
1170: 38 -1
1171: 38 -1
1172: 38 -1
1173: 119 975 -1
1174: -1
1175: -1
1176: 322 1553 -1
1177: -1
1178: -1
1179: 43 1182 1192 1193 1194 3095 -1
1180: 43 1182 1192 1193 1194 -1
1181: 43 1182 1192 1193 1194 -1
1182: -1
1183: 43 123 419 628 2500 2501 2796 2797 -1
1184: 43 2501 3054 3063 -1
1185: 43 123 1126 1134 1143 2500 2501 2796 2797 2799 -1
1186: 43 1192 1193 1194 -1
1187: 43 1182 1192 1193 -1
1188: 43 1182 1192 1193 -1
1189: 43 1182 1192 1193 -1
1190: 43 1182 1192 1193 -1
1191: 43 1182 1192 1193 1194 -1
1192: -1
1193: -1
1194: -1
1195: -1
1196: 45 79 1009 1198 1199 1200 1932 1933 3343 -1
1197: 239 1127 1196 -1
1198: -1
1199: -1
1200: -1
1201: -1
1202: -1
1203: -1
1204: -1
1205: -1
1206: -1
1207: -1
1208: -1
1209: -1
1210: -1
1211: -1
1212: -1
1213: -1
1214: -1
1215: -1
1216: -1
1217: 77 194 -1
1218: -1
1219: 1220 1228 1229 1230 1231 1232 1233 1234 1235 1236 1237 1238 1239 1240 1241 -1
1220: 47 401 1219 1221 1227 -1
1221: -1
1222: 1220 1228 1229 1230 1231 1232 1233 1234 1235 1236 1237 1238 1239 1240 1241 -1
1223: 47 1219 1221 1227 -1
1224: 47 179 290 1219 1221 1227 3338 3344 -1
1225: 47 233 306 321 421 1029 1127 1216 1219 1221 1227 1914 -1
1226: 47 1219 1221 1227 -1
1227: 1220 1228 1230 1231 1232 1233 1234 1235 1236 1237 1238 1239 1240 1241 -1
1228: 47 1219 1227 -1
1229: 47 1227 -1
1230: 47 1227 -1
1231: 47 1227 -1
1232: 47 1227 -1
1233: 47 1227 -1
1234: 47 1227 -1
1235: 47 1227 -1
1236: 47 1219 1227 -1
1237: 47 1227 -1
1238: 47 1227 -1
1239: 47 1227 -1
1240: 47 1227 -1
1241: 47 1227 -1
1242: 47 1227 -1
1243: 48 1126 1134 1143 2500 2501 2796 -1
1244: 48 123 150 331 338 419 628 652 1014 1126 1134 1143 2500 2501 2796 2797 2799 -1
1245: 48 1126 1134 1143 -1
1246: 48 119 123 418 419 422 628 1014 1126 1134 1143 1203 2490 2500 2501 2796 2797 2799 3351 -1
1247: 48 418 422 1126 1134 1143 1251 2494 2796 -1
1248: 48 77 1126 1134 1143 2501 2797 -1
1249: 48 -1
1250: -1
1251: -1
1252: -1
1253: -1
1254: 978 -1
1255: 1125 2500 -1
1256: -1
1257: -1
1258: -1
1259: -1
1260: -1
1261: -1
1262: -1
1263: -1
1264: -1
1265: -1
1266: -1
1267: -1
1268: -1
1269: -1
1270: -1
1271: 50 1288 1290 1291 1293 1294 1295 -1
1272: 50 -1
1273: 50 275 472 1292 1554 -1
1274: 50 -1
1275: 50 -1
1276: 50 109 123 159 177 191 628 649 652 678 688 810 1017 1126 1134 1143 1292 1294 2489 2495 2500 2501 2545 2796 2945 2951 2958 2961 2963 -1
1277: 50 1292 2797 -1
1278: 50 303 628 1029 1564 2945 3095 -1
1279: 50 -1
1280: 50 652 2912 2944 2945 2946 2949 2959 2961 2965 -1
1281: 50 109 119 121 122 412 628 730 1292 2500 2796 2911 2942 -1
1282: 50 1292 -1
1283: 50 1292 -1
1284: 50 121 122 1292 -1
1285: 50 1292 -1
1286: 50 1908 2501 2511 -1
1287: 50 1537 2970 -1
1288: -1
1289: -1
1290: -1
1291: -1
1292: -1
1293: -1
1294: -1
1295: -1
1296: 51 -1
1297: 51 -1
1298: -1
1299: -1
1300: -1
1301: -1
1302: -1
1303: -1
1304: -1
1305: -1
1306: -1
1307: -1
1308: -1
1309: -1
1310: -1
1311: -1
1312: -1
1313: -1
1314: -1
1315: -1
1316: -1
1317: -1
1318: -1
1319: -1
1320: -1
1321: -1
1322: -1
1323: -1
1324: -1
1325: -1
1326: -1
1327: -1
1328: -1
1329: -1
1330: -1
1331: -1
1332: -1
1333: -1
1334: -1
1335: -1
1336: -1
1337: -1
1338: -1
1339: -1
1340: -1
1341: -1
1342: -1
1343: -1
1344: -1
1345: -1
1346: -1
1347: -1
1348: -1
1349: -1
1350: -1
1351: -1
1352: -1
1353: -1
1354: -1
1355: -1
1356: -1
1357: -1
1358: -1
1359: -1
1360: -1
1361: -1
1362: -1
1363: -1
1364: -1
1365: -1
1366: -1
1367: -1
1368: -1
1369: -1
1370: -1
1371: -1
1372: -1
1373: -1
1374: -1
1375: -1
1376: -1
1377: -1
1378: -1
1379: -1
1380: -1
1381: -1
1382: -1
1383: -1
1384: -1
1385: -1
1386: -1
1387: -1
1388: -1
1389: -1
1390: -1
1391: -1
1392: -1
1393: -1
1394: -1
1395: -1
1396: -1
1397: -1
1398: -1
1399: -1
1400: -1
1401: -1
1402: -1
1403: -1
1404: -1
1405: -1
1406: -1
1407: -1
1408: -1
1409: -1
1410: -1
1411: -1
1412: -1
1413: -1
1414: -1
1415: -1
1416: -1
1417: -1
1418: -1
1419: -1
1420: -1
1421: -1
1422: -1
1423: -1
1424: -1
1425: -1
1426: -1
1427: -1
1428: -1
1429: -1
1430: -1
1431: -1
1432: -1
1433: -1
1434: -1
1435: -1
1436: -1
1437: 52 1301 1302 1303 1304 1305 1306 1307 1308 1309 1310 1311 1312 1313 1314 1315 1316 1317 1318 1319 1320 1321 1322 1323 1324 1325 1326 1327 1328 1329 1330 1331 1332 1333 1334 1335 1336 1337 1338 1339 1340 1341 1342 1343 1344 1345 1346 1347 1348 1349 1350 1351 1352 1353 1354 1355 1356 1357 1358 1359 1360 1361 1362 1363 1364 1365 1366 1367 1368 1369 1370 1371 1372 1373 1374 1375 1376 1377 1378 1379 1380 1381 1382 1383 1384 1385 1386 1387 1388 1389 1390 1391 1392 1393 1394 1395 1396 1397 1398 1399 1400 1401 1402 1403 1404 1405 1406 1407 1408 1409 1410 1411 1412 1413 1414 1415 1416 1417 1418 1419 1420 1421 1422 1423 1424 1425 1426 1427 1428 1429 1430 1431 1432 1433 1434 1435 1436 1438 1439 1440 1441 -1
1438: -1
1439: -1
1440: -1
1441: -1
1442: 53 1915 3043 -1
1443: -1
1444: -1
1445: 655 -1
1446: 54 -1
1447: 54 -1
1448: 54 -1
1449: 54 1444 -1
1450: -1
1451: -1
1452: 1449 -1
1453: 1446 1447 1448 1454 1455 -1
1454: 54 1443 1444 1445 1451 1453 -1
1455: 54 1443 1444 1445 1450 1451 1453 -1
1456: 55 658 -1
1457: 55 -1
1458: 55 178 -1
1459: 55 193 239 433 1127 1461 1462 -1
1460: 55 -1
1461: -1
1462: -1
1463: 56 3017 -1
1464: 56 82 227 332 423 437 554 556 962 3017 -1
1465: 56 188 227 437 3017 -1
1466: 56 227 2158 3017 -1
1467: 56 189 209 227 418 422 555 623 959 1268 2490 2501 3017 -1
1468: 56 227 3017 -1
1469: 56 124 186 227 453 623 1268 1570 1581 2501 3017 -1
1470: 56 82 227 332 555 556 962 3017 -1
1471: 56 227 3017 -1
1472: 56 227 1913 3017 -1
1473: 56 227 1472 3017 -1
1474: 56 3017 -1
1475: 56 227 3017 -1
1476: 56 186 227 459 478 3017 3134 -1
1477: 56 227 3017 -1
1478: -1
1479: 56 1478 3017 -1
1480: 1499 1501 -1
1481: 1501 -1
1482: 1501 -1
1483: 1501 -1
1484: 1501 -1
1485: 1499 1501 -1
1486: 1501 -1
1487: 57 1480 1481 1482 1483 1484 1485 1486 1488 1489 1490 1491 1494 1495 1496 1498 1500 1501 1507 1508 1509 1510 1511 1512 1513 1514 1515 1518 1519 1520 1521 1522 1523 1524 1525 1526 1527 1528 1529 1530 1531 1532 1533 1534 1535 -1
1488: 1501 -1
1489: 1492 1499 1501 -1
1490: 1501 -1
1491: 1501 -1
1492: 57 1480 1481 1482 1483 1484 1485 1486 1488 1489 1490 1491 1494 1495 1496 1498 1500 1501 1507 1508 1509 1510 1511 1512 1513 1514 1515 1518 1519 1520 1521 1522 1523 1524 1525 1526 1527 1528 1529 1530 1531 1532 1533 1534 1535 -1
1493: 57 1480 1481 1482 1483 1484 1485 1486 1488 1489 1490 1491 1492 1494 1495 1496 1498 1500 1507 1508 1509 1510 1511 1512 1513 1514 1515 1518 1519 1520 1521 1522 1523 1524 1525 1526 1527 1528 1529 1530 1531 1532 1533 1534 1535 -1
1494: 1492 1501 -1
1495: 1501 -1
1496: 1501 -1
1497: 57 1480 1481 1482 1483 1484 1485 1486 1488 1489 1490 1491 1494 1495 1496 1498 1500 1501 1507 1508 1509 1510 1511 1512 1513 1514 1515 1518 1519 1520 1521 1522 1523 1524 1525 1526 1527 1528 1529 1530 1531 1532 1533 1534 1535 -1
1498: 1501 -1
1499: 57 1480 1481 1482 1483 1484 1485 1486 1488 1489 1490 1491 1492 1494 1495 1496 1498 1500 1501 1507 1508 1509 1510 1511 1512 1513 1514 1515 1518 1519 1520 1521 1522 1523 1524 1525 1526 1527 1528 1529 1530 1531 1532 1533 1534 1535 1779 3051 3280 -1
1500: 1501 -1
1501: 57 1480 1481 1482 1483 1484 1485 1486 1488 1489 1490 1491 1494 1495 1496 1498 1500 1507 1508 1509 1510 1511 1512 1513 1514 1515 1518 1519 1520 1521 1522 1523 1524 1525 1526 1527 1528 1529 1530 1531 1532 1533 1534 1535 -1
1502: 1501 -1
1503: 1501 -1
1504: 1501 -1
1505: 1501 -1
1506: 1501 -1
1507: 1501 -1
1508: 1501 -1
1509: 1501 -1
1510: 1501 -1
1511: 1499 1501 -1
1512: 1501 -1
1513: 1501 -1
1514: 1501 -1
1515: 1492 1499 1501 -1
1516: 1501 -1
1517: 1501 -1
1518: -1
1519: -1
1520: -1
1521: -1
1522: -1
1523: -1
1524: -1
1525: -1
1526: -1
1527: -1
1528: -1
1529: -1
1530: -1
1531: -1
1532: -1
1533: -1
1534: -1
1535: -1
1536: 58 -1
1537: -1
1538: -1
1539: -1
1540: -1
1541: -1
1542: -1
1543: -1
1544: 3056 -1
1545: -1
1546: -1
1547: -1
1548: -1
1549: -1
1550: -1
1551: 275 302 303 304 419 551 1545 1556 -1
1552: 275 -1
1553: -1
1554: -1
1555: 1268 1577 1578 -1
1556: -1
1557: -1
1558: -1
1559: -1
1560: -1
1561: -1
1562: -1
1563: -1
1564: -1
1565: -1
1566: -1
1567: 624 629 -1
1568: 230 345 420 1126 1134 1143 -1
1569: -1
1570: 1581 -1
1571: -1
1572: -1
1573: -1
1574: -1
1575: 186 -1
1576: -1
1577: -1
1578: -1
1579: -1
1580: 190 959 -1
1581: -1
1582: -1
1583: -1
1584: 60 1587 1588 1589 1590 1591 1592 1593 1594 1595 1596 1597 -1
1585: 60 1587 1588 1589 1590 1591 1592 1593 1594 1595 1596 1597 -1
1586: 60 1587 1588 1589 1590 1591 1592 1593 1594 1595 1596 1597 -1
1587: -1
1588: -1
1589: -1
1590: -1
1591: -1
1592: -1
1593: -1
1594: -1
1595: -1
1596: -1
1597: -1
1598: 61 -1
1599: 1675 1677 1678 -1
1600: -1
1601: -1
1602: -1
1603: -1
1604: -1
1605: -1
1606: -1
1607: -1
1608: -1
1609: -1
1610: -1
1611: -1
1612: -1
1613: -1
1614: -1
1615: -1
1616: -1
1617: -1
1618: -1
1619: -1
1620: -1
1621: -1
1622: -1
1623: -1
1624: -1
1625: -1
1626: -1
1627: -1
1628: -1
1629: -1
1630: -1
1631: -1
1632: -1
1633: -1
1634: -1
1635: -1
1636: -1
1637: -1
1638: -1
1639: -1
1640: -1
1641: -1
1642: -1
1643: -1
1644: -1
1645: -1
1646: -1
1647: -1
1648: -1
1649: -1
1650: -1
1651: -1
1652: -1
1653: -1
1654: -1
1655: -1
1656: -1
1657: -1
1658: -1
1659: -1
1660: -1
1661: -1
1662: -1
1663: -1
1664: -1
1665: -1
1666: -1
1667: 62 1599 1600 1601 1602 1603 1604 1605 1606 1607 1608 1609 1610 1611 1612 1613 1614 1615 1616 1617 1618 1619 1620 1621 1622 1623 1624 1625 1626 1627 1628 1629 1630 1631 1632 1633 1634 1635 1636 1637 1638 1639 1640 1641 1642 1643 1644 1645 1646 1647 1648 1649 1650 1651 1652 1653 1654 1655 1656 1657 1658 1659 1660 1661 1662 1663 1664 1665 1669 -1
1668: 1675 -1
1669: 1675 -1
1670: -1
1671: -1
1672: -1
1673: -1
1674: 1675 -1
1675: 62 1599 1600 1601 1602 1603 1604 1605 1606 1607 1608 1609 1610 1611 1612 1613 1614 1615 1616 1617 1618 1619 1620 1621 1622 1623 1624 1625 1626 1627 1628 1629 1630 1631 1632 1633 1634 1635 1636 1637 1638 1639 1640 1641 1642 1643 1644 1645 1646 1647 1648 1649 1650 1651 1652 1653 1654 1655 1656 1657 1658 1659 1660 1661 1662 1663 1664 1665 1668 1670 1671 1672 1673 1674 1676 -1
1676: -1
1677: 62 1127 1599 1600 1601 1602 1603 1604 1605 1606 1607 1608 1609 1610 1611 1612 1613 1614 1615 1616 1617 1618 1619 1620 1621 1622 1623 1624 1625 1626 1627 1628 1629 1630 1631 1632 1633 1634 1635 1636 1637 1638 1639 1640 1641 1642 1643 1644 1645 1646 1647 1648 1649 1650 1651 1652 1653 1654 1655 1656 1657 1658 1659 1660 1661 1662 1663 1664 1665 1666 1668 1670 1671 1672 1673 1674 1675 1676 1678 -1
1678: 62 1599 1600 1601 1602 1603 1604 1605 1606 1607 1608 1609 1610 1611 1612 1613 1614 1615 1616 1617 1618 1619 1620 1621 1622 1623 1624 1625 1626 1627 1628 1629 1630 1631 1632 1633 1634 1635 1636 1637 1638 1639 1640 1641 1642 1643 1644 1645 1646 1647 1648 1649 1650 1651 1652 1653 1654 1655 1656 1657 1658 1659 1660 1661 1662 1663 1664 1665 1666 1667 1668 1670 1671 1672 1673 1674 1675 1676 1677 -1
1679: 62 1599 1600 1601 1602 1603 1604 1605 1606 1607 1608 1609 1610 1611 1612 1613 1614 1615 1616 1617 1618 1619 1620 1621 1622 1623 1624 1625 1626 1627 1628 1629 1630 1631 1632 1633 1634 1635 1636 1637 1638 1639 1640 1641 1642 1643 1644 1645 1646 1647 1648 1649 1650 1651 1652 1653 1654 1655 1656 1657 1658 1659 1660 1661 1662 1663 1664 1665 1666 1667 1668 1670 1671 1672 1673 1674 1675 1676 1677 -1
1680: -1
1681: -1
1682: -1
1683: -1
1684: 64 77 123 418 419 422 628 1014 1020 1047 1051 1126 1134 1143 1174 1266 1471 2500 2501 2509 2517 2795 2796 2797 2801 2803 -1
1685: 64 67 123 249 336 340 418 419 422 628 1047 1051 1126 1134 1143 1174 1471 2496 2499 2500 2501 2795 2796 2797 2799 2800 3058 -1
1686: 64 73 1126 1134 1143 2500 2501 -1
1687: 64 -1
1688: 64 -1
1689: 64 139 230 297 364 365 455 597 1119 1570 1682 1683 -1
1690: 1691 -1
1691: 65 1690 1714 1715 1716 1717 1718 1719 1720 1721 1722 1723 1724 1725 1726 1727 1728 1729 1730 1731 1732 1733 1734 1735 1736 1737 1738 1739 1740 1741 1742 1743 1744 1745 1746 1747 1748 1749 1750 1751 1752 1753 1755 1756 1757 1758 1759 -1
1692: 65 122 1750 -1
1693: 65 -1
1694: 65 122 1750 -1
1695: 65 82 123 332 333 1051 1126 1134 1143 2500 2501 2797 2799 -1
1696: 65 -1
1697: 65 123 150 419 2500 2501 -1
1698: 65 -1
1699: 65 123 2500 2501 2797 2799 -1
1700: 65 -1
1701: 65 123 246 2500 2501 2797 -1
1702: 65 -1
1703: 65 -1
1704: 65 1126 1134 1143 2500 2501 2797 -1
1705: 65 -1
1706: 65 119 123 246 419 1137 2500 2501 2796 2797 2800 3054 -1
1707: 65 -1
1708: 65 258 2500 2501 -1
1709: 65 -1
1710: 65 1014 1051 2501 3054 3058 -1
1711: 65 -1
1712: 65 -1
1713: 65 122 1714 1715 1716 1717 1718 1719 1720 1721 1722 1723 1724 1725 1726 1727 1728 1729 1730 1731 1732 1733 1734 1735 1736 1737 1738 1739 1740 1741 1742 1743 1744 1745 1746 1747 1748 1749 1750 1751 1752 1753 1754 1755 1756 1757 1758 1759 -1
1714: -1
1715: -1
1716: -1
1717: -1
1718: -1
1719: -1
1720: -1
1721: -1
1722: -1
1723: -1
1724: -1
1725: -1
1726: -1
1727: -1
1728: -1
1729: -1
1730: -1
1731: -1
1732: -1
1733: -1
1734: -1
1735: -1
1736: -1
1737: -1
1738: -1
1739: -1
1740: -1
1741: -1
1742: -1
1743: -1
1744: -1
1745: -1
1746: -1
1747: -1
1748: -1
1749: -1
1750: -1
1751: -1
1752: -1
1753: -1
1754: -1
1755: -1
1756: -1
1757: -1
1758: -1
1759: -1
1760: 66 1761 1762 1763 1764 1765 1766 1767 1768 1769 1770 1771 1772 1773 1774 1775 1776 2395 -1
1761: -1
1762: -1
1763: -1
1764: -1
1765: -1
1766: -1
1767: -1
1768: -1
1769: -1
1770: -1
1771: 1777 -1
1772: -1
1773: -1
1774: -1
1775: -1
1776: -1
1777: 66 -1
1778: 1123 1777 2509 -1
1779: 67 -1
1780: 67 -1
1781: 67 186 199 209 275 310 418 419 422 628 1029 1123 1125 1132 1135 1251 1263 1268 1577 1578 2310 2373 2392 2489 2490 2496 2498 2499 2501 2506 2509 2510 -1
1782: 67 -1
1783: 67 -1
1784: 67 -1
1785: 67 2970 -1
1786: 67 260 -1
1787: 68 1788 1789 1790 1791 1792 1793 1795 1796 1797 1798 1799 1800 1801 1802 -1
1788: -1
1789: -1
1790: -1
1791: -1
1792: -1
1793: -1
1794: -1
1795: -1
1796: -1
1797: -1
1798: -1
1799: -1
1800: -1
1801: -1
1802: -1
1803: -1
1804: -1
1805: 112 -1
1806: -1
1807: -1
1808: 71 75 96 1809 1810 1811 1812 1858 1859 1860 2680 2681 -1
1809: -1
1810: -1
1811: -1
1812: -1
1813: 658 -1
1814: 72 252 271 1138 3351 -1
1815: 72 166 237 453 1908 -1
1816: 72 119 121 122 123 150 166 260 271 274 275 301 418 419 422 434 443 628 1126 1134 1143 1251 1539 2490 2501 2515 2796 2797 2911 -1
1817: -1
1818: 72 109 -1
1819: 72 1817 1821 -1
1820: 72 1817 1821 -1
1821: -1
1822: -1
1823: 73 -1
1824: 73 123 1831 2500 2501 2796 2797 -1
1825: 73 2501 -1
1826: -1
1827: -1
1828: -1
1829: -1
1830: -1
1831: -1
1832: 74 1850 1851 1852 1853 1854 1855 1856 1857 -1
1833: 74 -1
1834: 74 -1
1835: 74 -1
1836: 74 -1
1837: 74 -1
1838: 74 1850 1851 1852 1853 1854 1855 1856 1857 -1
1839: 74 -1
1840: 74 1850 1851 1852 1853 1854 1855 1856 1857 -1
1841: 74 1851 1852 1853 1854 1855 1856 1857 -1
1842: 74 1850 1851 1852 1853 1854 1855 1856 1857 -1
1843: 74 1850 1851 1852 1853 1854 1855 1856 1857 -1
1844: 74 1850 1851 1852 1853 1854 1855 1856 1857 -1
1845: 74 1850 1851 1852 1853 1854 1855 1856 1857 -1
1846: 74 1850 1851 1852 1853 1854 1855 1856 1857 -1
1847: 74 1850 1851 1852 1853 1854 1855 1856 1857 -1
1848: 74 1850 1851 1852 1853 1854 1855 1856 1857 -1
1849: 74 1850 1851 1852 1853 1854 1855 1856 1857 -1
1850: -1
1851: -1
1852: -1
1853: -1
1854: -1
1855: -1
1856: -1
1857: -1
1858: -1
1859: -1
1860: -1
1861: -1
1862: 76 -1
1863: 76 -1
1864: 76 628 1126 1134 1140 1143 2158 2500 2501 2797 -1
1865: 76 -1
1866: 76 1861 1868 1869 -1
1867: 76 1861 1868 1869 2584 -1
1868: -1
1869: -1
1870: 82 109 136 186 201 206 207 212 332 561 706 969 1029 1263 1875 1913 2465 2511 -1
1871: 77 82 119 188 196 208 212 332 827 959 962 1126 1134 1135 1143 1875 2465 2501 -1
1872: 77 82 186 207 212 332 959 962 -1
1873: 77 194 -1
1874: 77 82 186 188 196 207 212 281 332 959 962 1471 1913 -1
1875: 77 212 959 962 1893 -1
1876: 77 212 -1
1877: 77 186 332 459 1123 2489 -1
1878: 77 194 457 -1
1879: 77 2500 -1
1880: 77 123 419 1014 1033 1126 1134 1143 2500 2501 2796 2797 -1
1881: 77 1009 1207 -1
1882: 77 -1
1883: 77 -1
1884: 77 -1
1885: 77 478 1908 2500 -1
1886: 77 -1
1887: 77 438 452 463 -1
1888: 77 -1
1889: 77 -1
1890: 77 141 -1
1891: 77 82 166 186 229 243 275 332 418 419 422 459 630 689 2501 2506 -1
1892: 77 82 332 -1
1893: 77 1875 2465 -1
1894: 77 438 452 463 472 -1
1895: 77 1893 -1
1896: 77 -1
1897: 77 1893 -1
1898: 77 -1
1899: 77 -1
1900: 77 418 419 422 -1
1901: 77 82 167 332 -1
1902: 77 438 452 463 -1
1903: 77 -1
1904: 77 471 -1
1905: 77 156 270 418 419 422 624 629 973 1471 2351 2490 2493 2494 2501 3384 -1
1906: 77 82 332 418 419 422 2501 3384 -1
1907: 77 82 166 332 418 419 422 471 624 628 629 3384 -1
1908: 379 1913 3134 -1
1909: -1
1910: 959 -1
1911: -1
1912: -1
1913: -1
1914: -1
1915: -1
1916: 78 1919 1920 1921 1922 1923 1924 1925 1926 1927 1928 1929 1930 1931 -1
1917: 78 1919 1920 1921 1922 1923 1924 1925 1926 1927 1928 1929 1930 1931 -1
1918: 78 1919 1920 1921 1922 1923 1924 1925 1926 1927 1928 1929 1930 1931 -1
1919: -1
1920: -1
1921: -1
1922: -1
1923: -1
1924: -1
1925: -1
1926: -1
1927: -1
1928: -1
1929: -1
1930: -1
1931: -1
1932: -1
1933: -1
1934: -1
1935: -1
1936: -1
1937: -1
1938: -1
1939: 81 1940 1943 1944 -1
1940: 81 1939 1944 -1
1941: 81 -1
1942: 81 -1
1943: 81 1939 1940 1944 -1
1944: 1939 1940 1943 -1
1945: 82 332 -1
1946: 82 332 3339 -1
1947: 82 332 624 629 -1
1948: 82 269 332 418 419 624 629 2490 2501 3384 -1
1949: 82 332 -1
1950: 82 270 332 624 629 2493 -1
1951: 82 332 624 629 -1
1952: 82 332 -1
1953: 82 332 -1
1954: 82 332 689 -1
1955: 82 332 624 629 2493 2494 -1
1956: 82 332 418 3384 -1
1957: 82 332 423 554 2494 -1
1958: 82 332 418 419 422 624 629 2493 2501 3384 -1
1959: 82 332 -1
1960: 82 161 297 332 418 422 624 629 1017 1029 1174 1556 2570 2795 2945 2950 2954 2959 2967 3280 3384 -1
1961: 82 332 2493 -1
1962: 82 332 -1
1963: 82 332 1177 -1
1964: 82 332 -1
1965: 82 199 270 332 419 624 629 873 2128 2501 2506 -1
1966: 82 332 -1
1967: 82 332 624 629 2493 2494 2499 2501 -1
1968: 82 156 332 418 422 624 629 973 2494 2501 -1
1969: 82 332 418 422 624 629 1262 3384 -1
1970: 82 332 419 624 629 2501 -1
1971: 82 332 2493 2736 -1
1972: 82 332 -1
1973: 82 332 -1
1974: 82 332 -1
1975: 82 332 2506 -1
1976: 82 332 2501 3384 -1
1977: 82 332 -1
1978: 82 332 3344 -1
1979: 82 332 624 629 -1
1980: 82 332 419 624 629 2501 3384 -1
1981: 82 332 419 624 629 2493 -1
1982: 82 332 -1
1983: 82 270 332 2493 -1
1984: 82 332 624 629 -1
1985: 82 332 624 629 2490 -1
1986: 82 332 418 419 422 624 629 2490 2493 2494 2501 2506 -1
1987: 82 332 -1
1988: 82 332 2493 -1
1989: 82 332 -1
1990: 82 332 419 624 629 2493 2501 3384 -1
1991: 82 199 270 332 624 629 2056 2493 2502 -1
1992: 82 332 418 419 422 2501 -1
1993: 82 332 624 629 2506 -1
1994: 82 332 -1
1995: 82 332 624 629 2494 -1
1996: 82 332 -1
1997: 82 156 332 418 422 2494 -1
1998: 82 332 -1
1999: 82 332 419 624 629 2501 -1
2000: 82 332 624 629 2493 3344 -1
2001: 82 332 624 629 2493 2501 3384 -1
2002: 82 332 -1
2003: 82 332 2490 -1
2004: 82 332 418 419 422 624 629 2493 2501 -1
2005: 82 332 624 629 -1
2006: 82 332 -1
2007: 82 332 2493 -1
2008: 82 156 332 624 629 973 2493 2494 2499 -1
2009: 82 332 2493 -1
2010: 82 332 -1
2011: 82 332 624 629 -1
2012: 82 332 624 629 974 2493 2494 -1
2013: 82 156 332 652 -1
2014: 82 167 290 297 332 422 546 1213 2493 2494 -1
2015: 82 332 -1
2016: 82 332 -1
2017: 82 332 624 629 -1
2018: 82 156 332 2493 -1
2019: 82 332 419 2501 2509 3384 -1
2020: 82 332 418 419 422 974 2490 2493 2501 2509 3347 3384 -1
2021: 82 332 -1
2022: 82 332 624 629 -1
2023: 82 332 -1
2024: 82 123 154 156 167 178 193 199 270 275 304 332 370 390 393 394 419 421 544 624 628 629 672 1007 1008 1126 1134 1143 1207 1553 1557 1559 1708 1794 2351 2490 2493 2500 2501 2506 2511 2564 2573 2574 2796 2797 2799 2948 3064 3332 3344 3397 -1
2025: 82 332 418 419 422 624 629 2493 2494 2501 3384 -1
2026: 82 332 -1
2027: 82 199 332 419 624 629 973 2351 2493 2501 -1
2028: 82 332 624 629 2493 2494 -1
2029: 82 332 -1
2030: 82 156 332 624 629 2493 -1
2031: 82 332 -1
2032: 82 332 418 422 624 629 2490 2493 2501 3384 -1
2033: 82 270 332 2506 -1
2034: 82 243 332 -1
2035: 82 332 2490 3384 -1
2036: 82 332 -1
2037: 82 332 -1
2038: 82 332 3384 -1
2039: 82 332 418 419 422 624 629 2493 2501 -1
2040: 82 332 419 -1
2041: 82 332 -1
2042: 82 332 -1
2043: 82 332 -1
2044: 82 332 -1
2045: 82 332 -1
2046: 82 150 199 332 419 2000 2403 2487 2490 2493 2501 -1
2047: 82 332 624 629 2493 2494 3384 -1
2048: 82 332 418 419 422 477 624 629 -1
2049: 82 332 -1
2050: 82 332 -1
2051: 82 240 332 624 629 2493 2494 2501 2506 3384 -1
2052: 82 156 332 418 419 422 624 629 2490 2493 2501 -1
2053: 82 332 -1
2054: 82 332 -1
2055: 82 332 422 624 629 -1
2056: 82 332 -1
2057: 82 332 2056 2502 -1
2058: 82 290 332 3329 3338 3339 3344 3357 -1
2059: 82 332 -1
2060: 332 -1
2061: 82 332 -1
2062: 332 -1
2063: 82 332 2499 -1
2064: 82 332 -1
2065: 82 2056 2502 -1
2066: 82 275 332 -1
2067: 82 332 -1
2068: 82 332 -1
2069: 82 332 -1
2070: 82 332 1211 -1
2071: 82 332 1211 -1
2072: 82 332 471 980 2506 -1
2073: 82 332 1211 -1
2074: 82 332 652 1211 -1
2075: 82 332 549 624 629 1211 -1
2076: 82 332 1211 2420 -1
2077: 82 332 1211 -1
2078: 82 332 2506 -1
2079: 82 332 -1
2080: 82 191 288 290 332 423 447 471 624 629 1087 1135 1203 1211 1268 1292 1556 1779 2495 2952 2959 3056 3280 -1
2081: 82 332 1211 2420 -1
2082: 82 332 -1
2083: 82 332 -1
2084: 82 167 263 275 332 628 637 1049 1174 1203 1779 2795 2802 2945 2960 2962 2967 3341 -1
2085: 82 332 -1
2086: 82 332 624 629 1211 -1
2087: 82 332 -1
2088: 82 246 270 332 -1
2089: 82 332 2506 3330 -1
2090: 82 332 624 629 1211 2148 2403 2487 -1
2091: 82 332 -1
2092: 82 274 332 974 1289 1292 1539 1828 1830 2351 2945 2958 2959 2968 3280 -1
2093: 82 332 -1
2094: 82 156 332 624 629 1211 2403 2487 2506 -1
2095: 82 332 -1
2096: 82 332 1211 2403 2487 2950 2959 -1
2097: 82 332 2506 -1
2098: 82 332 -1
2099: 82 332 -1
2100: 82 332 -1
2101: 82 332 1211 -1
2102: 82 332 2442 -1
2103: 82 332 -1
2104: 82 332 -1
2105: 82 332 -1
2106: 82 332 1211 -1
2107: 82 109 123 193 246 275 311 313 316 332 443 456 549 555 628 861 958 960 1000 1047 1135 1908 2495 2500 2501 2796 2803 2941 2944 2946 2948 2950 2953 2961 3096 3249 3280 -1
2108: 82 332 1193 -1
2109: 82 332 -1
2110: 82 332 -1
2111: 82 332 -1
2112: 82 332 3051 -1
2113: 82 332 -1
2114: 82 332 1211 -1
2115: 82 332 419 624 629 1126 1134 1143 1211 2403 2487 2501 2506 -1
2116: 82 332 -1
2117: 82 332 -1
2118: 82 332 -1
2119: 82 332 1211 2506 2720 -1
2120: 82 332 -1
2121: 82 332 1211 -1
2122: 82 332 -1
2123: 82 332 1211 -1
2124: 82 332 2420 2442 -1
2125: 82 332 -1
2126: 82 332 1211 -1
2127: 82 332 1211 -1
2128: 82 332 -1
2129: 82 332 1211 -1
2130: 82 332 1211 -1
2131: 82 332 -1
2132: 82 332 652 2351 -1
2133: 82 186 246 255 257 316 332 555 623 652 672 962 1015 1016 1017 1051 1123 1125 1131 1135 1195 1577 1578 2501 2507 2948 2958 2960 2961 2967 -1
2134: 82 198 332 1542 -1
2135: 82 332 1211 -1
2136: 82 332 624 629 1211 -1
2137: 82 178 332 624 629 1211 2403 2487 2499 3280 -1
2138: 82 332 -1
2139: 82 332 -1
2140: 82 332 -1
2141: 82 332 2403 2487 -1
2142: 82 332 -1
2143: 82 332 2420 -1
2144: 82 332 2420 2506 -1
2145: 82 316 332 2945 -1
2146: 82 332 624 629 1211 2403 2487 2490 -1
2147: 332 -1
2148: 82 332 -1
2149: 82 332 1211 -1
2150: 82 121 122 332 2500 2796 2945 -1
2151: 82 332 -1
2152: 82 332 -1
2153: 82 332 -1
2154: 82 332 357 1126 1134 1143 1211 2420 2506 -1
2155: 82 332 423 2389 -1
2156: 82 332 423 450 623 624 629 2160 -1
2157: 82 332 450 624 629 -1
2158: 82 332 446 623 962 -1
2159: 82 332 -1
2160: 82 150 332 423 2156 2494 3236 -1
2161: 82 332 2494 -1
2162: 82 188 332 -1
2163: 82 332 -1
2164: 82 332 -1
2165: 82 164 332 1205 2171 -1
2166: 82 332 -1
2167: 82 332 -1
2168: 82 151 155 165 332 2179 -1
2169: 82 123 230 275 276 288 332 420 423 447 478 622 1049 1084 1131 1177 1262 1265 1268 1270 1292 1869 2331 2351 2495 2500 2501 2717 2721 2724 2795 2796 2942 2943 2948 2949 3054 3280 -1
2170: 82 275 332 -1
2171: 82 332 -1
2172: 82 253 332 1203 2946 -1
2173: 82 332 -1
2174: 82 332 -1
2175: 82 332 -1
2176: 82 332 -1
2177: 82 332 -1
2178: 82 332 -1
2179: 82 150 155 332 1251 2168 2495 2501 2734 -1
2180: 82 332 2253 -1
2181: 82 332 -1
2182: 82 332 -1
2183: 332 -1
2184: 82 332 -1
2185: 82 332 -1
2186: 82 166 241 263 332 1174 2795 -1
2187: 82 332 -1
2188: 82 332 -1
2189: 82 332 624 629 -1
2190: 82 332 -1
2191: 332 -1
2192: 82 332 -1
2193: 82 332 -1
2194: 82 332 -1
2195: 82 332 471 -1
2196: 332 -1
2197: 82 332 -1
2198: 82 332 -1
2199: 82 332 -1
2200: 82 301 332 652 1040 1041 2958 -1
2201: 82 332 -1
2202: 82 332 -1
2203: 82 332 -1
2204: 82 332 -1
2205: 82 275 332 1539 2963 3064 -1
2206: 82 332 1090 1289 2795 3391 -1
2207: 82 332 -1
2208: 82 332 -1
2209: 82 332 -1
2210: 82 332 -1
2211: 82 332 1047 -1
2212: 82 332 -1
2213: 82 332 1126 1134 1143 2500 2501 2797 -1
2214: 82 123 332 2501 2796 2799 -1
2215: 82 332 -1
2216: 82 332 1126 1134 1143 -1
2217: 82 332 3345 -1
2218: 82 332 -1
2219: 82 332 -1
2220: 82 332 -1
2221: 82 332 -1
2222: 82 332 -1
2223: 82 332 -1
2224: 82 332 -1
2225: 82 332 -1
2226: 82 332 -1
2227: 82 332 2501 -1
2228: 82 332 -1
2229: 82 332 -1
2230: 82 332 -1
2231: 82 332 -1
2232: 82 232 332 628 1204 1557 -1
2233: 82 137 332 1126 1134 1143 3390 -1
2234: 82 332 -1
2235: 82 332 -1
2236: 82 275 332 655 1292 2795 2945 2958 2960 2962 -1
2237: 82 332 2501 2797 2799 -1
2238: 82 332 -1
2239: 82 332 -1
2240: 82 332 1126 1134 1143 1203 1300 2500 -1
2241: 82 332 -1
2242: 82 332 -1
2243: 82 332 -1
2244: 82 109 332 2875 -1
2245: 82 332 2501 -1
2246: 82 332 -1
2247: 82 332 -1
2248: 82 332 2501 -1
2249: 82 332 -1
2250: 82 332 -1
2251: 82 332 -1
2252: 82 332 2501 -1
2253: 82 332 -1
2254: 82 332 -1
2255: 82 332 -1
2256: 82 332 -1
2257: 82 332 -1
2258: 82 332 -1
2259: 82 332 -1
2260: 82 332 -1
2261: 82 332 -1
2262: 82 332 442 2948 -1
2263: 82 332 1126 1134 1143 -1
2264: 82 332 -1
2265: 82 332 -1
2266: 332 -1
2267: 82 332 411 -1
2268: 82 332 -1
2269: 82 332 -1
2270: 82 332 -1
2271: 82 332 -1
2272: 82 332 -1
2273: 82 332 -1
2274: 82 332 -1
2275: 82 332 -1
2276: 82 332 2889 -1
2277: 82 332 -1
2278: 82 332 -1
2279: 82 332 2959 -1
2280: 82 332 -1
2281: 82 332 2885 -1
2282: 82 332 -1
2283: 82 332 -1
2284: 82 332 628 1019 -1
2285: 82 156 188 192 206 332 556 623 959 961 962 1126 1134 1143 -1
2286: 82 332 -1
2287: 82 332 623 972 978 1123 1268 1570 1571 1581 2501 2961 -1
2288: 82 332 -1
2289: 82 332 -1
2290: 82 332 -1
2291: 82 332 -1
2292: 82 332 -1
2293: 82 332 -1
2294: 82 332 624 629 -1
2295: 82 332 -1
2296: 82 332 -1
2297: 82 332 -1
2298: 82 332 1557 -1
2299: 82 332 -1
2300: 82 332 -1
2301: 82 332 419 429 628 1262 2501 2796 -1
2302: 82 332 -1
2303: 82 109 166 246 298 332 662 1049 1087 1292 1483 2795 2860 2941 2945 3280 -1
2304: 82 332 -1
2305: 82 332 1017 3344 -1
2306: 82 109 332 443 2795 2960 -1
2307: 82 332 -1
2308: 82 332 -1
2309: 82 332 -1
2310: 82 332 -1
2311: 82 141 150 153 157 332 418 419 422 450 624 629 2108 2351 2353 2501 2506 -1
2312: 82 332 -1
2313: 82 332 -1
2314: 82 332 624 629 -1
2315: 82 150 186 332 450 624 627 628 629 2333 2489 2501 -1
2316: 82 332 2493 -1
2317: 82 332 -1
2318: 82 332 -1
2319: 82 332 -1
2320: 82 240 332 624 629 -1
2321: 82 332 624 629 2509 3384 -1
2322: 82 141 332 624 629 2506 -1
2323: 82 332 -1
2324: 82 332 -1
2325: 82 332 -1
2326: 82 332 -1
2327: 82 332 624 629 -1
2328: 82 332 -1
2329: 82 332 334 811 1210 1215 -1
2330: 82 332 3384 -1
2331: 82 332 2723 2727 2960 2969 -1
2332: 82 332 -1
2333: 82 332 560 962 2315 2489 2501 -1
2334: 82 276 332 -1
2335: 82 332 -1
2336: 82 332 -1
2337: 82 150 157 332 2353 2501 2506 -1
2338: 82 169 332 433 456 2958 -1
2339: 82 332 2494 -1
2340: 82 332 2021 -1
2341: 82 150 332 -1
2342: 82 332 -1
2343: 82 332 -1
2344: 82 332 -1
2345: 82 332 -1
2346: 82 332 -1
2347: 82 332 -1
2348: 82 332 -1
2349: 82 157 261 332 419 555 624 629 631 652 1135 1165 1205 2110 2356 2501 2942 2945 2950 2953 2958 2967 2993 3304 3339 3364 -1
2350: 82 332 -1
2351: 82 332 -1
2352: 82 332 3095 -1
2353: 82 332 1175 -1
2354: 82 150 332 418 419 422 1126 1134 1143 2500 2501 -1
2355: 82 332 1020 -1
2356: 82 332 -1
2357: 82 332 -1
2358: 82 332 -1
2359: 82 156 332 2490 -1
2360: 82 199 332 2506 -1
2361: 82 332 2958 -1
2362: 82 332 624 629 -1
2363: 82 332 459 624 629 -1
2364: 82 332 -1
2365: 82 332 -1
2366: 82 332 418 419 422 -1
2367: 82 209 332 624 629 -1
2368: 82 156 332 -1
2369: 82 332 -1
2370: 82 332 419 -1
2371: 82 332 -1
2372: 82 332 -1
2373: 82 109 121 122 123 275 332 459 624 628 629 1040 1041 2501 2797 2799 2911 -1
2374: 82 332 -1
2375: 82 147 156 240 246 332 441 2495 2571 2924 2941 2950 2951 2967 3280 -1
2376: 332 450 -1
2377: 332 419 971 2373 -1
2378: 82 310 332 -1
2379: 82 332 459 624 629 -1
2380: 332 418 419 422 450 -1
2381: 82 332 1577 1578 -1
2382: 82 186 332 1125 -1
2383: 82 332 -1
2384: 82 332 962 -1
2385: 82 199 332 -1
2386: 82 332 1268 -1
2387: 82 332 422 -1
2388: 82 332 -1
2389: 82 332 -1
2390: 82 332 962 -1
2391: 82 332 -1
2392: 82 230 332 420 1268 -1
2393: 82 332 -1
2394: 82 332 -1
2395: 82 332 -1
2396: 82 332 -1
2397: 82 156 332 -1
2398: 332 -1
2399: 82 156 332 2494 -1
2400: 82 332 -1
2401: 82 332 2495 -1
2402: 82 230 332 420 962 1130 1251 1262 1577 1578 2494 2501 -1
2403: 332 -1
2404: 82 332 2493 2494 -1
2405: 82 332 -1
2406: 82 332 434 962 -1
2407: 82 332 2493 2494 -1
2408: 82 156 332 457 962 980 2494 -1
2409: 82 332 962 -1
2410: 82 332 2493 2494 -1
2411: 82 332 2452 -1
2412: 82 230 332 420 422 628 962 2501 -1
2413: 82 156 188 199 201 230 316 332 420 441 957 959 962 980 1071 1178 1195 1218 1268 1269 2495 2499 2500 2511 2540 2786 2799 2946 2960 3280 3325 -1
2414: 82 332 434 2493 -1
2415: 82 332 -1
2416: 82 156 332 -1
2417: 82 332 -1
2418: 82 332 -1
2419: 82 332 418 422 -1
2420: 82 270 332 2056 2064 2494 2502 -1
2421: 82 332 -1
2422: 82 332 -1
2423: 82 156 332 418 422 2494 -1
2424: 82 332 459 -1
2425: 82 230 332 420 2501 -1
2426: 82 332 -1
2427: 82 332 1080 -1
2428: 82 332 -1
2429: 82 332 -1
2430: 82 156 297 332 652 1577 1578 1893 2493 2494 2500 2511 -1
2431: 82 332 958 -1
2432: 82 332 -1
2433: 82 332 -1
2434: 332 -1
2435: 82 149 186 188 210 230 332 364 420 422 434 459 623 636 962 1126 1134 1143 1218 1251 1255 1262 1265 1571 1577 1578 2473 2485 2489 2494 2497 2498 2501 2503 2505 2508 -1
2436: 82 332 -1
2437: 82 332 -1
2438: 82 332 -1
2439: 82 240 332 2493 -1
2440: 332 623 -1
2441: 82 332 1126 1134 1143 -1
2442: 82 332 -1
2443: 82 332 1134 -1
2444: 82 136 210 332 959 962 3388 -1
2445: 82 230 332 420 962 1218 -1
2446: 82 127 149 186 193 230 307 332 355 364 420 560 962 970 1132 2474 2488 2489 2501 3131 3280 3295 -1
2447: 82 230 332 420 422 970 978 1218 1268 2493 2501 -1
2448: 82 149 186 332 363 365 366 962 969 1126 1134 1143 2500 2797 -1
2449: 82 332 -1
2450: 82 332 962 2494 -1
2451: 82 332 962 971 977 1125 1265 1581 2489 2494 2501 -1
2452: 82 332 -1
2453: 82 230 332 420 1570 1581 -1
2454: 82 332 -1
2455: 82 230 332 420 459 962 1252 -1
2456: 82 332 2407 -1
2457: 82 188 332 959 962 -1
2458: 82 212 246 325 332 419 959 2495 2941 2948 2962 -1
2459: 82 332 962 -1
2460: 82 332 -1
2461: 82 332 624 629 2469 -1
2462: 82 332 -1
2463: 82 188 207 212 332 447 959 962 2466 -1
2464: 332 -1
2465: 82 207 332 447 -1
2466: 82 332 624 629 2463 -1
2467: 82 188 201 332 419 957 959 962 2501 -1
2468: 82 332 957 -1
2469: 82 332 -1
2470: 82 332 959 962 -1
2471: 82 332 -1
2472: 82 332 -1
2473: 82 332 -1
2474: 82 332 -1
2475: 82 332 -1
2476: 82 332 962 -1
2477: 212 332 959 962 -1
2478: 82 207 332 446 962 2158 -1
2479: 82 332 959 -1
2480: 82 332 -1
2481: 82 207 212 332 959 962 -1
2482: 82 332 -1
2483: 82 156 186 193 266 332 419 422 457 624 629 662 962 982 1125 1130 1265 1268 1269 1807 2495 2500 2501 2941 2952 -1
2484: 82 332 -1
2485: 82 332 623 -1
2486: -1
2487: -1
2488: -1
2489: -1
2490: -1
2491: 1268 2500 -1
2492: -1
2493: -1
2494: -1
2495: -1
2496: -1
2497: 2500 -1
2498: -1
2499: -1
2500: -1
2501: -1
2502: -1
2503: 2500 -1
2504: -1
2505: -1
2506: -1
2507: -1
2508: 2500 -1
2509: -1
2510: 186 418 422 623 1123 1251 1268 1577 1578 2490 2501 2509 -1
2511: -1
2512: 306 -1
2513: -1
2514: -1
2515: -1
2516: -1
2517: -1
2518: -1
2519: -1
2520: 83 2521 2522 2523 -1
2521: -1
2522: -1
2523: -1
2524: 84 2527 2528 2529 2530 2531 2532 2533 2534 2535 2536 2537 2538 2539 2540 2541 2542 2543 2544 2545 2546 2547 2548 2549 2550 2551 2552 2553 2554 2555 2556 2557 2558 2559 2560 2561 2562 2563 2564 2565 2566 2567 2568 2569 2570 2571 2572 2573 2574 2575 -1
2525: 84 2527 2528 2529 2530 2531 2532 2533 2534 2535 2536 2537 2538 2539 2540 2541 2542 2543 2544 2545 2546 2547 2548 2549 2550 2551 2552 2553 2554 2555 2556 2557 2558 2559 2560 2561 2562 2563 2564 2565 2566 2567 2568 2569 2570 2571 2572 2573 2574 2575 -1
2526: -1
2527: -1
2528: -1
2529: -1
2530: -1
2531: -1
2532: -1
2533: -1
2534: -1
2535: -1
2536: -1
2537: -1
2538: -1
2539: -1
2540: -1
2541: -1
2542: -1
2543: -1
2544: -1
2545: -1
2546: -1
2547: -1
2548: -1
2549: -1
2550: -1
2551: -1
2552: -1
2553: -1
2554: -1
2555: -1
2556: -1
2557: -1
2558: -1
2559: -1
2560: -1
2561: -1
2562: -1
2563: -1
2564: -1
2565: -1
2566: -1
2567: -1
2568: -1
2569: -1
2570: -1
2571: -1
2572: -1
2573: -1
2574: -1
2575: -1
2576: 85 -1
2577: -1
2578: -1
2579: -1
2580: -1
2581: 86 2582 -1
2582: -1
2583: -1
2584: -1
2585: 86 252 275 304 392 426 472 628 785 1292 1298 1546 -1
2586: 86 -1
2587: 86 -1
2588: 2581 -1
2589: 86 2577 2578 2579 2580 2581 2582 2583 2588 -1
2590: 2581 -1
2591: 2581 -1
2592: 2581 -1
2593: 2581 -1
2594: 2581 -1
2595: 87 2607 -1
2596: 87 -1
2597: 87 -1
2598: 87 -1
2599: 87 -1
2600: 87 -1
2601: 87 -1
2602: 87 -1
2603: 456 3055 -1
2604: 87 2607 -1
2605: 87 2607 -1
2606: 87 2607 -1
2607: -1
2608: 88 2610 2611 2613 2614 -1
2609: 88 2612 -1
2610: -1
2611: -1
2612: -1
2613: -1
2614: -1
2615: 343 -1
2616: -1
2617: -1
2618: -1
2619: -1
2620: -1
2621: -1
2622: -1
2623: -1
2624: -1
2625: -1
2626: -1
2627: -1
2628: -1
2629: -1
2630: -1
2631: -1
2632: -1
2633: -1
2634: -1
2635: -1
2636: -1
2637: -1
2638: -1
2639: 89 343 2615 2616 2617 2618 2619 2620 2621 2622 2623 2624 2625 2626 2627 2628 2629 2630 2631 2632 2633 2634 2635 2636 2637 2638 -1
2640: -1
2641: 90 2640 -1
2642: 91 2643 2644 -1
2643: -1
2644: -1
2645: 2657 -1
2646: -1
2647: -1
2648: -1
2649: -1
2650: -1
2651: 92 107 2501 3054 3329 3344 -1
2652: 92 107 -1
2653: 92 107 -1
2654: 92 107 1014 2501 3054 3329 3331 3333 3344 -1
2655: 92 107 3357 -1
2656: 92 107 119 2501 3054 3323 3327 3329 3339 3342 3344 3347 3348 3352 3353 3354 3357 3359 -1
2657: 2645 2658 -1
2658: 92 107 1021 2646 2647 2648 2649 2650 2813 2814 2815 2816 2817 -1
2659: 93 346 -1
2660: 2665 -1
2661: -1
2662: 93 2660 2661 2663 2664 2666 -1
2663: -1
2664: -1
2665: -1
2666: 2665 -1
2667: 94 -1
2668: 94 -1
2669: 94 -1
2670: 94 1292 -1
2671: 94 628 785 3346 -1
2672: 94 -1
2673: -1
2674: -1
2675: 1559 -1
2676: 95 2673 2674 -1
2677: 95 2673 2674 -1
2678: 95 2673 2674 -1
2679: -1
2680: -1
2681: -1
2682: 97 306 658 1127 3050 -1
2683: 190 1268 -1
2684: -1
2685: -1
2686: 98 2684 2685 2711 2712 -1
2687: 98 2684 2685 2711 2712 -1
2688: 98 2684 2685 2711 2712 -1
2689: 98 2684 2685 2711 2712 -1
2690: 98 2684 2685 2711 2712 -1
2691: 98 2684 2685 2711 2712 -1
2692: 98 2684 2685 2711 2712 -1
2693: 98 2684 2685 2711 2712 -1
2694: 98 2684 2685 2711 2712 -1
2695: 98 2684 2685 2711 2712 -1
2696: 98 2684 2685 2711 2712 -1
2697: 98 2684 2685 2711 2712 -1
2698: 98 2684 2685 2711 2712 -1
2699: 98 2684 2685 2711 2712 -1
2700: 98 2684 2685 2711 2712 -1
2701: 98 2684 2685 2711 2712 -1
2702: 98 2684 2685 2711 2712 -1
2703: 98 2684 2685 2711 2712 -1
2704: 98 2684 2685 2711 2712 -1
2705: 98 2684 2685 2711 2712 -1
2706: 98 2685 2711 2712 -1
2707: 98 2684 2685 2711 2712 -1
2708: 98 2684 2685 2711 2712 -1
2709: -1
2710: 98 442 1203 2155 2684 2709 2711 2712 2716 2821 2844 3387 -1
2711: -1
2712: -1
2713: 98 555 2121 2711 2712 2722 -1
2714: 98 2709 2711 2712 -1
2715: -1
2716: -1
2717: -1
2718: -1
2719: -1
2720: -1
2721: -1
2722: -1
2723: -1
2724: -1
2725: -1
2726: -1
2727: 99 2715 2723 2730 2731 2732 -1
2728: -1
2729: 99 2715 2726 2728 2730 2731 2732 -1
2730: -1
2731: 2727 -1
2732: -1
2733: 100 -1
2734: -1
2735: -1
2736: -1
2737: 101 178 592 998 2749 2750 2751 -1
2738: 101 2749 2750 2751 -1
2739: 101 1019 2426 2500 2501 2797 2799 -1
2740: 101 591 1020 2426 2501 -1
2741: 101 2426 2500 2501 -1
2742: 101 -1
2743: 101 -1
2744: 101 628 1006 1019 1269 2500 3346 -1
2745: 101 2500 -1
2746: 101 628 997 1019 2426 2500 -1
2747: 101 1019 2426 2500 3346 -1
2748: 101 1019 2944 2948 -1
2749: -1
2750: -1
2751: -1
2752: 102 -1
2753: 102 2782 -1
2754: 102 2782 -1
2755: 102 2782 -1
2756: 102 2782 -1
2757: 102 2782 -1
2758: 102 2782 -1
2759: 102 2782 -1
2760: 102 2782 -1
2761: 102 2782 -1
2762: 102 2782 -1
2763: 102 2782 -1
2764: 102 2782 -1
2765: 102 2782 -1
2766: 102 2782 -1
2767: 102 2782 -1
2768: 102 2782 -1
2769: 102 2782 -1
2770: 102 -1
2771: 102 -1
2772: 102 -1
2773: 102 2782 -1
2774: 102 -1
2775: 102 -1
2776: 102 -1
2777: 102 2782 -1
2778: 102 2782 -1
2779: 102 2782 -1
2780: 102 2782 -1
2781: 102 2782 -1
2782: -1
2783: 103 -1
2784: -1
2785: 2786 -1
2786: -1
2787: 104 150 418 419 422 1126 1134 1143 1202 2490 2500 2501 2788 2789 2791 2792 2796 -1
2788: -1
2789: -1
2790: 419 624 629 2493 -1
2791: -1
2792: -1
2793: -1
2794: -1
2795: -1
2796: -1
2797: -1
2798: 284 -1
2799: -1
2800: -1
2801: -1
2802: -1
2803: -1
2804: -1
2805: 2811 2812 -1
2806: 106 2805 3080 -1
2807: 106 2805 3080 -1
2808: 106 2805 3080 -1
2809: 106 2805 3080 -1
2810: 106 2805 3080 -1
2811: 106 2805 3080 -1
2812: 106 2805 3080 -1
2813: -1
2814: -1
2815: -1
2816: -1
2817: -1
2818: 108 -1
2819: 108 -1
2820: -1
2821: 109 -1
2822: 109 -1
2823: 109 -1
2824: 109 155 177 178 239 275 298 311 322 418 422 433 640 658 1262 2734 -1
2825: 109 -1
2826: 109 -1
2827: 109 -1
2828: 109 237 -1
2829: 109 -1
2830: 109 706 1252 2500 -1
2831: 109 -1
2832: 109 122 2500 -1
2833: 109 1556 2495 3131 3280 -1
2834: 109 -1
2835: 109 1908 -1
2836: 109 -1
2837: 109 230 353 420 1126 1134 1143 1908 -1
2838: 109 -1
2839: 109 1263 1908 3158 -1
2840: 109 -1
2841: 109 561 701 1265 1908 2427 2828 2835 2838 2846 3134 -1
2842: 109 1908 2500 -1
2843: 109 478 561 980 2489 -1
2844: 109 136 478 550 561 879 970 1029 1263 1870 1908 1911 2511 2828 3157 -1
2845: 109 -1
2846: 109 -1
2847: 109 206 -1
2848: 109 -1
2849: 109 122 2500 -1
2850: 109 -1
2851: 109 447 -1
2852: 109 1908 -1
2853: 109 -1
2854: 109 1908 -1
2855: 109 1908 -1
2856: 109 -1
2857: 109 -1
2858: 109 -1
2859: 109 -1
2860: 109 237 478 1908 3384 -1
2861: 109 237 1908 -1
2862: 109 186 1029 1908 -1
2863: 109 172 177 178 187 191 239 245 246 263 267 274 275 298 306 311 316 321 419 426 433 442 443 453 462 471 545 551 553 624 629 640 652 658 702 1029 1135 1461 1462 1815 2501 2820 2945 2946 2967 3344 3384 -1
2864: 109 -1
2865: 109 -1
2866: 109 -1
2867: 109 -1
2868: 109 -1
2869: 109 -1
2870: 109 -1
2871: 109 -1
2872: 109 2846 -1
2873: 109 -1
2874: 109 -1
2875: 109 -1
2876: 109 2875 -1
2877: 109 -1
2878: 109 -1
2879: 109 1126 1134 1143 2875 -1
2880: 109 628 2875 -1
2881: 109 -1
2882: 109 -1
2883: 109 -1
2884: 109 -1
2885: 109 -1
2886: 109 -1
2887: 109 -1
2888: 109 -1
2889: 109 -1
2890: 109 -1
2891: 109 -1
2892: 109 -1
2893: 109 3280 -1
2894: 109 297 418 422 1268 2499 2500 2721 -1
2895: 109 -1
2896: 109 246 433 2564 2945 2958 -1
2897: 109 1262 1571 1577 1578 -1
2898: 109 -1
2899: 109 429 1048 1268 1289 1292 2495 2945 2954 2958 2959 2961 -1
2900: 109 -1
2901: 109 -1
2902: 109 146 191 984 1097 1112 1127 1195 1292 2957 -1
2903: 109 -1
2904: 109 -1
2905: 109 -1
2906: 109 628 2965 -1
2907: 109 3346 -1
2908: 109 -1
2909: 109 1268 1570 1581 -1
2910: 109 -1
2911: 109 -1
2912: 109 271 -1
2913: 109 453 3021 -1
2914: 109 -1
2915: 109 -1
2916: 109 -1
2917: 109 -1
2918: 109 -1
2919: 109 -1
2920: 109 -1
2921: 109 -1
2922: 109 -1
2923: 109 -1
2924: 109 -1
2925: 109 -1
2926: 109 -1
2927: 109 2928 -1
2928: 109 -1
2929: 109 678 1007 1029 2935 2936 -1
2930: 109 -1
2931: 109 678 2936 -1
2932: 109 -1
2933: 109 -1
2934: 109 -1
2935: 109 -1
2936: 109 678 -1
2937: 109 275 678 1029 2935 2936 -1
2938: 678 -1
2939: 109 678 2495 -1
2940: 109 1007 2936 -1
2941: -1
2942: -1
2943: -1
2944: -1
2945: -1
2946: -1
2947: -1
2948: -1
2949: -1
2950: -1
2951: -1
2952: -1
2953: -1
2954: -1
2955: -1
2956: -1
2957: -1
2958: -1
2959: -1
2960: -1
2961: -1
2962: -1
2963: -1
2964: -1
2965: -1
2966: 2912 -1
2967: -1
2968: -1
2969: -1
2970: -1
2971: -1
2972: 110 -1
2973: 110 -1
2974: 110 -1
2975: 110 -1
2976: 110 -1
2977: 110 -1
2978: 110 -1
2979: 110 -1
2980: 110 -1
2981: 110 -1
2982: 110 -1
2983: 110 -1
2984: 110 -1
2985: 110 112 284 293 309 310 972 2490 2511 3014 -1
2986: 110 972 3016 -1
2987: 110 -1
2988: 110 -1
2989: 110 -1
2990: 110 -1
2991: 110 -1
2992: 111 129 134 2998 2999 3000 3309 3310 3311 3367 3368 3369 -1
2993: 111 2998 2999 3000 -1
2994: 111 129 134 232 555 778 2231 2373 2998 2999 3000 3309 3310 3311 3367 3368 3369 -1
2995: 111 2998 2999 3000 -1
2996: 111 2998 2999 3000 -1
2997: 111 2998 2999 3000 -1
2998: -1
2999: -1
3000: -1
3001: 112 2498 -1
3002: 112 419 -1
3003: 112 -1
3004: 112 -1
3005: 112 -1
3006: 112 -1
3007: 112 -1
3008: 112 299 313 -1
3009: 112 308 3016 -1
3010: 112 -1
3011: 112 -1
3012: 112 -1
3013: 112 3006 -1
3014: 112 284 310 -1
3015: 112 281 3006 3019 3094 -1
3016: 112 -1
3017: 112 -1
3018: 112 -1
3019: 112 -1
3020: 112 310 -1
3021: -1
3022: -1
3023: -1
3024: 114 3034 3038 3039 3040 3041 3042 -1
3025: 114 3038 3039 3040 3041 3042 -1
3026: 114 3038 3039 3040 3041 3042 -1
3027: 114 3038 3039 3040 3041 3042 -1
3028: 114 3038 3039 3040 3041 3042 -1
3029: 114 3038 3039 3040 3041 3042 -1
3030: 114 3038 3039 3040 3041 3042 -1
3031: 114 3038 3039 3040 3041 3042 -1
3032: 114 3038 3039 3040 3041 3042 -1
3033: 114 3038 3039 3040 3041 3042 -1
3034: 3024 -1
3035: 3024 3025 3026 3027 3028 3029 3030 3031 3032 3033 3036 -1
3036: 114 3038 3039 3040 3041 3042 -1
3037: 114 3024 3025 3026 3027 3028 3029 3030 3031 3032 3033 3034 3036 3038 3039 3040 3041 3042 -1
3038: -1
3039: -1
3040: -1
3041: -1
3042: -1
3043: -1
3044: 728 2158 2796 -1
3045: -1
3046: -1
3047: -1
3048: -1
3049: -1
3050: -1
3051: -1
3052: -1
3053: -1
3054: -1
3055: -1
3056: -1
3057: -1
3058: -1
3059: -1
3060: -1
3061: -1
3062: -1
3063: -1
3064: -1
3065: -1
3066: -1
3067: -1
3068: 116 -1
3069: 116 169 275 280 296 318 449 461 545 627 628 652 655 1032 1292 1566 2219 2526 2795 2941 2945 3067 3077 3389 3390 3395 -1
3070: 116 3067 3069 3077 -1
3071: 116 3067 3069 3077 -1
3072: 116 3067 3069 3077 -1
3073: 116 3067 3069 3077 -1
3074: 116 3067 3069 3077 -1
3075: 116 -1
3076: 116 3067 3069 3077 -1
3077: -1
3078: 141 176 233 274 390 418 419 422 432 442 450 632 652 653 655 670 1017 1203 1268 1564 1829 2495 2944 2947 2952 3232 3280 -1
3079: 118 -1
3080: 118 -1
3081: 119 123 418 419 422 447 1203 1257 2490 2496 2500 2501 2796 2797 2799 -1
3082: 119 419 802 1126 1134 1143 2158 2490 2500 2501 2509 2796 2797 2799 -1
3083: 119 -1
3084: 119 -1
3085: 119 -1
3086: 119 -1
3087: 119 1263 2511 -1
3088: 119 123 419 1026 1126 1134 1143 2490 2500 2501 2509 2796 2797 2799 -1
3089: 119 3090 3091 -1
3090: -1
3091: -1
3092: 310 3006 -1
3093: 549 -1
3094: -1
3095: -1
3096: 121 122 2500 2501 -1
3097: 121 122 2500 -1
3098: 121 122 1258 1292 2501 3054 -1
3099: 121 122 2500 -1
3100: 121 122 2500 -1
3101: 121 122 2500 2910 -1
3102: 121 122 -1
3103: 121 122 -1
3104: 122 -1
3105: 122 -1
3106: 122 -1
3107: 122 -1
3108: 122 -1
3109: 122 -1
3110: 122 -1
3111: 122 -1
3112: 122 -1
3113: 122 -1
3114: 122 -1
3115: 122 -1
3116: 122 -1
3117: 122 -1
3118: 122 -1
3119: 122 -1
3120: 122 -1
3121: 122 -1
3122: 122 -1
3123: 122 -1
3124: 122 -1
3125: 122 -1
3126: 122 -1
3127: 122 -1
3128: 122 -1
3129: 122 1021 1204 1263 1549 1553 1557 1564 1909 2500 2796 2961 3160 -1
3130: 122 -1
3131: 122 2500 -1
3132: 122 443 472 1909 1912 -1
3133: 122 2500 -1
3134: 122 1908 2500 -1
3135: 122 -1
3136: 122 2500 -1
3137: 122 -1
3138: 122 -1
3139: 122 418 422 434 1262 1908 2500 -1
3140: 122 -1
3141: 122 -1
3142: 122 -1
3143: 122 -1
3144: 122 2500 -1
3145: 122 2500 -1
3146: 122 457 2500 -1
3147: 122 -1
3148: 122 2500 -1
3149: 122 237 2500 -1
3150: 122 -1
3151: 122 1908 2500 -1
3152: 122 -1
3153: 122 2500 -1
3154: 122 237 2835 -1
3155: 122 -1
3156: 122 -1
3157: 122 -1
3158: 122 2500 -1
3159: 122 -1
3160: 122 2500 -1
3161: 122 -1
3162: 122 2500 -1
3163: 122 -1
3164: 123 419 1208 2500 2501 2796 2797 3392 -1
3165: 123 2500 2501 2796 -1
3166: 123 150 156 418 419 422 1251 2495 2501 2796 -1
3167: 123 2500 2501 2796 2799 -1
3168: 123 419 557 1047 2490 2500 2501 2796 2797 -1
3169: 123 2500 2501 2797 2799 -1
3170: 123 628 2500 2501 2796 2797 2799 -1
3171: 123 150 418 419 422 628 1251 2500 2501 2509 2796 -1
3172: 123 419 2500 2501 2797 -1
3173: 123 -1
3174: 123 161 512 2500 2501 2796 2797 2799 -1
3175: 123 150 418 419 422 2501 2796 -1
3176: 123 419 640 1126 1129 1134 1143 1292 1293 2500 2501 2796 2797 2799 -1
3177: 123 -1
3178: 123 2501 -1
3179: 123 419 2500 2501 2797 -1
3180: 123 419 628 1126 1134 1143 2490 2500 2501 2508 2796 2797 -1
3181: 123 976 2797 -1
3182: 123 655 674 1219 2500 2501 2797 2941 2945 2949 2954 3051 3337 -1
3183: 123 2501 2509 2511 -1
3184: 123 419 628 2500 2501 2796 2797 2799 -1
3185: 123 628 1126 1134 1143 2501 2797 2799 3338 -1
3186: 123 419 2500 2501 2797 -1
3187: 123 419 628 1126 1134 1143 2500 2501 2796 2797 2799 -1
3188: 123 2501 2796 -1
3189: 123 150 243 418 419 422 628 1126 1134 1143 2500 2501 2509 2796 -1
3190: 123 419 628 1124 2500 2501 2796 2797 3324 -1
3191: 123 652 1126 1134 1143 2501 2796 -1
3192: 123 247 419 628 976 1126 1134 1139 1143 1204 1264 2500 2501 2796 2797 2799 3054 -1
3193: 123 418 422 2500 2501 2796 -1
3194: 123 670 1142 1288 2500 2501 2784 2796 2797 2799 3054 -1
3195: 123 419 1204 1557 2500 2501 2797 -1
3196: 123 2501 -1
3197: 123 150 418 419 422 628 1126 1134 1143 1209 1262 2500 2501 2796 -1
3198: 123 150 419 2500 2501 -1
3199: 123 628 976 2500 2501 2796 -1
3200: 123 2500 2501 2796 2797 -1
3201: 123 229 419 1126 1134 1143 2500 2501 2509 2796 2797 -1
3202: 123 419 628 1126 1134 1143 2500 2501 2509 2650 2796 2797 2817 -1
3203: 123 419 1204 1471 1539 2490 2500 2501 2796 2797 2950 3388 -1
3204: 123 2501 2797 -1
3205: 123 418 422 1126 1134 1143 2797 -1
3206: 123 419 1047 2500 2501 2795 2796 2797 -1
3207: 123 1126 1134 1143 2500 2501 2796 2797 3054 3338 3344 -1
3208: 123 419 2501 2797 -1
3209: 123 419 1126 1134 1143 2500 2501 2797 2799 2803 -1
3210: 123 275 628 2500 2501 2797 2799 2955 2971 3338 -1
3211: 123 628 2500 2501 2796 -1
3212: 123 419 1014 1026 1126 1134 1143 2500 2501 2796 2797 2799 -1
3213: 123 2501 -1
3214: 124 243 1913 -1
3215: 124 -1
3216: 124 -1
3217: 124 549 -1
3218: 124 -1
3219: 124 1022 1537 -1
3220: 124 -1
3221: 141 166 246 275 291 421 456 555 815 878 1024 1127 2140 2709 2719 3351 -1
3222: 3232 -1
3223: 125 3233 -1
3224: 125 -1
3225: -1
3226: 125 3233 -1
3227: -1
3228: 125 3222 3233 3234 -1
3229: 125 3233 -1
3230: 125 3233 3235 -1
3231: 125 -1
3232: 125 3222 3233 3234 3235 -1
3233: -1
3234: -1
3235: -1
3236: -1
3237: 126 -1
3238: 127 1268 -1
3239: 127 -1
3240: 82 127 191 201 275 298 322 332 422 461 546 624 629 652 1051 1125 1135 1203 1268 1269 1577 1578 1878 2490 2499 2501 2533 2795 2946 2960 2967 3280 3325 -1
3241: 127 -1
3242: 127 -1
3243: 127 -1
3244: 127 -1
3245: 127 -1
3246: 127 2495 -1
3247: 127 -1
3248: 127 -1
3249: 127 246 624 629 959 1091 3131 3280 -1
3250: 127 -1
3251: 127 -1
3252: 127 239 246 1127 1263 3295 -1
3253: 127 206 2495 3295 -1
3254: 127 3295 -1
3255: 127 3295 -1
3256: 127 3295 -1
3257: 127 3295 -1
3258: 127 3295 -1
3259: 127 3295 -1
3260: 127 3295 -1
3261: 127 2495 3295 -1
3262: 127 3295 -1
3263: 127 2965 3295 -1
3264: 127 3295 -1
3265: 127 3295 -1
3266: 127 246 3295 -1
3267: 127 3295 -1
3268: 127 3295 -1
3269: 127 3295 -1
3270: 127 3295 -1
3271: 127 3295 -1
3272: 127 3295 -1
3273: 127 263 3295 -1
3274: 127 3295 -1
3275: 127 3295 -1
3276: 127 3295 -1
3277: 127 3295 -1
3278: 127 3295 -1
3279: 127 3295 -1
3280: 127 3295 -1
3281: 127 3295 -1
3282: 127 3295 -1
3283: 127 3295 -1
3284: 127 3295 -1
3285: 127 3295 -1
3286: 127 286 1559 3284 3288 3295 -1
3287: 127 3295 -1
3288: 127 3286 3295 -1
3289: 127 3295 -1
3290: 127 1263 3295 -1
3291: 127 3295 -1
3292: 127 3295 -1
3293: 127 316 3295 -1
3294: 127 3295 -1
3295: -1
3296: -1
3297: -1
3298: -1
3299: -1
3300: -1
3301: 128 3296 3297 3298 3299 3300 -1
3302: -1
3303: -1
3304: 129 3309 3310 3311 -1
3305: -1
3306: 129 3309 3310 3311 -1
3307: 129 3309 3310 3311 -1
3308: 129 134 3302 3303 3305 3309 3310 3311 3367 3368 3369 -1
3309: -1
3310: -1
3311: -1
3312: -1
3313: -1
3314: 130 3312 3313 3316 3317 3318 3319 3320 3321 3322 -1
3315: 130 3316 3317 3318 3319 3321 3322 -1
3316: -1
3317: -1
3318: -1
3319: -1
3320: -1
3321: -1
3322: -1
3323: -1
3324: -1
3325: -1
3326: -1
3327: -1
3328: -1
3329: -1
3330: -1
3331: -1
3332: -1
3333: -1
3334: -1
3335: -1
3336: -1
3337: -1
3338: -1
3339: -1
3340: -1
3341: -1
3342: -1
3343: -1
3344: -1
3345: -1
3346: -1
3347: -1
3348: -1
3349: -1
3350: -1
3351: -1
3352: -1
3353: -1
3354: -1
3355: -1
3356: -1
3357: -1
3358: -1
3359: -1
3360: 275 462 -1
3361: 1912 -1
3362: 133 250 2500 -1
3363: 133 252 275 472 1471 2501 -1
3364: 134 3367 3368 3369 -1
3365: 134 3302 3303 3305 3367 3368 3369 -1
3366: 134 3302 3303 3305 3367 3368 3369 -1
3367: -1
3368: -1
3369: -1
3370: 135 -1
3371: -1
3372: 135 1126 1134 1143 1556 1561 -1
3373: 135 -1
3374: 135 3226 3228 3230 3231 3371 3375 3376 3381 -1
3375: -1
3376: -1
3377: 135 3371 3375 3376 3381 -1
3378: 135 3225 3226 3227 3228 3229 3230 3231 3371 3375 3376 3381 -1
3379: 135 3225 3226 3228 3229 3230 3231 3371 3375 3376 3381 -1
3380: 135 3225 3226 3228 3229 3230 3231 3371 3375 3376 3381 -1
3381: -1
3382: 136 -1
3383: 136 -1
3384: 136 284 -1
3385: 136 -1
3386: 136 -1
3387: -1
3388: -1
3389: -1
3390: -1
3391: -1
3392: -1
3393: -1
3394: -1
3395: -1
3396: -1
3397: -1
3398: -1
3399: -1
3400: -1
3401: -1
3402: -1
3403: -1
3404: -1
3405: 137 3389 3390 3403 -1
3406: 137 628 1300 2500 3389 3390 3403 -1
3407: 137 3390 -1
3408: 137 3280 3389 3390 3393 3394 3395 3397 -1
3409: 137 3389 3397 3398 3399 3401 -1
