0: 182 183 184 185 186 187 188 189 190 191 192 193 194 195 196 197 198 199 200 201 202 203 204 205 206 207 368 872 1635 2540 -1
1: 208 -1
2: 103 216 217 218 221 223 224 225 226 227 228 229 230 235 236 237 238 239 240 241 242 243 246 247 248 249 250 251 252 253 2281 2283 2298 2301 2306 2315 2317 2348 2352 2353 2354 2356 2358 2359 2360 2361 2362 2713 2892 2895 2899 -1
3: 256 257 258 259 260 262 263 264 265 267 268 269 270 271 272 273 274 276 277 278 279 280 281 282 283 284 285 286 287 288 289 290 291 292 293 294 295 296 297 298 299 300 302 303 446 448 449 551 552 558 559 566 568 570 872 1081 1089 1091 1092 2251 -1
4: 103 132 218 219 220 228 229 231 233 234 244 245 305 306 307 308 309 310 311 312 313 314 315 316 317 318 319 320 321 322 324 325 326 1042 1897 2281 2283 2301 2302 2304 2305 2306 2315 2317 2331 2334 2339 2346 2351 2352 2353 2355 2358 2360 2361 2362 2696 2700 2702 2703 2704 2705 2706 2707 2708 2709 2710 2711 2715 2893 2895 2897 2899 -1
5: 167 328 329 330 331 333 334 335 336 337 338 339 341 342 343 344 345 346 347 348 1268 3121 3122 3123 3125 3126 3127 3128 3129 3130 3131 3132 3133 3134 3135 3136 3137 3138 3139 3141 3143 3144 3145 3146 3147 3148 3149 3150 3151 3153 3154 3155 3156 3157 3158 3159 3160 3161 3162 -1
6: 86 349 354 355 356 357 358 359 360 361 362 363 364 365 368 369 372 373 374 375 376 377 378 381 382 383 384 385 386 387 389 390 391 392 393 394 395 396 397 398 401 402 2076 2077 2079 -1
7: 411 412 413 421 422 428 429 430 437 438 439 444 445 446 447 448 449 456 558 563 1095 1631 1864 1866 2020 2996 -1
8: 174 457 458 459 460 461 462 463 464 465 466 467 468 469 471 472 473 474 476 477 478 479 480 481 482 483 485 486 487 488 489 490 491 492 493 639 2816 -1
9: 494 495 496 497 498 499 500 501 502 503 504 505 506 507 508 509 510 511 512 513 514 515 517 518 519 520 521 522 523 524 525 526 527 528 530 531 532 533 534 535 536 537 538 539 540 541 542 -1
10: 268 281 297 368 449 545 546 547 548 549 550 551 552 553 554 555 556 557 558 559 560 561 562 563 564 565 566 567 568 569 570 571 572 573 574 575 576 577 725 794 929 1042 1186 1190 1191 1635 1999 2000 2034 2410 2422 2557 2560 2590 2591 2592 2593 2648 2982 2989 -1
11: 578 580 581 582 583 585 586 587 588 589 590 591 592 593 594 595 596 597 598 599 600 601 602 603 604 605 606 -1
12: 608 610 611 612 613 614 615 616 617 618 619 620 621 622 623 624 626 -1
13: 628 630 631 632 634 635 638 639 641 648 650 2764 -1
14: 654 655 656 657 658 659 660 661 662 663 664 665 666 667 668 672 673 674 675 676 677 678 680 681 683 684 685 686 687 688 689 690 691 697 698 699 700 701 702 703 704 705 -1
15: 707 709 710 711 712 714 715 716 721 722 723 724 725 726 727 3178 -1
16: 387 393 619 729 730 731 732 733 734 735 736 737 738 739 740 741 742 743 744 745 746 747 748 749 750 751 752 753 754 -1
17: 365 374 620 623 756 757 758 759 760 761 762 763 764 765 766 767 768 769 770 771 772 773 774 775 776 777 -1
18: 313 778 779 780 781 782 783 784 785 786 787 788 789 790 791 792 793 794 795 796 797 798 799 800 801 802 803 804 805 806 807 808 809 -1
19: 810 811 812 813 814 815 816 817 818 819 820 822 823 824 825 826 827 828 829 830 831 832 833 834 835 836 837 838 -1
20: 840 841 842 843 844 846 847 848 849 850 851 852 853 854 855 856 857 858 859 -1
21: 866 867 868 869 870 871 872 873 875 876 877 878 880 881 883 884 885 886 887 888 -1
22: 889 890 891 892 893 894 895 896 897 898 899 900 901 902 903 904 905 906 907 908 909 910 911 912 913 914 915 -1
23: 916 917 918 919 920 921 922 923 924 925 926 -1
24: 927 928 929 930 931 932 933 934 935 936 937 938 939 940 941 942 943 944 945 946 -1
25: 947 948 949 1001 1062 1063 1064 1065 1066 1067 1068 1069 1070 1071 1072 1073 1074 1076 1077 1078 1634 1647 1852 2936 -1
26: 257 278 280 286 293 302 411 561 589 950 951 952 953 954 955 956 957 958 959 960 961 962 963 964 965 966 973 976 1674 2087 3116 -1
27: 257 268 278 280 291 293 430 449 554 555 559 561 569 571 575 589 590 595 599 600 601 606 709 710 722 950 951 956 961 968 969 970 971 975 976 977 981 989 991 995 1085 1180 1315 1317 1640 1644 1673 1674 2087 2137 3116 3175 -1
28: 589 601 602 603 972 973 974 975 976 977 978 979 980 981 982 983 984 985 986 987 988 989 990 991 992 993 994 995 996 1180 1439 2456 -1
29: 998 999 1001 1002 1004 1005 1006 1007 1008 1009 1010 1011 1012 1013 1014 1015 1016 -1
30: 1017 1018 1019 1020 1021 1022 1023 1024 1025 1026 1027 1028 1029 1031 1032 1033 1034 1036 1037 1038 1039 1040 1041 1042 1043 1044 1045 1046 1047 1048 1049 1050 1051 1052 1053 1054 1055 1056 1057 -1
31: 79 1059 1060 1061 1062 1063 1064 1065 1066 1067 1068 1069 1070 1071 1072 1073 1074 1076 1077 1078 1079 -1
32: 422 449 456 559 563 1080 1081 1082 1083 1084 1085 1087 1088 1089 1090 1091 1092 1093 1095 -1
33: 1097 1098 1099 1100 1101 1102 1103 1104 1105 -1
34: 1106 1107 1108 1109 1110 1111 1112 1113 1114 1115 1116 1117 1118 1119 1120 1121 1123 1124 1125 1126 1127 1128 1129 1130 1131 1132 1133 1134 1135 1136 1137 1138 1139 1140 1141 1142 1143 1144 1145 1146 1147 1148 1149 1150 1151 1152 1414 -1
35: 298 386 413 430 449 558 709 872 1153 1154 1155 1159 1160 1161 1162 1163 1165 1166 1169 1170 1175 1176 1177 1186 1412 1673 1899 2216 2250 3163 -1
36: 265 638 762 774 976 1178 1179 1180 1181 1182 1183 1260 1315 1317 1394 1674 2355 2648 2937 2958 2962 -1
37: 1184 1185 1186 1187 1188 1189 1190 1191 1193 1194 1195 1197 1198 1199 1200 1201 1202 1203 1204 -1
38: 893 1206 1207 1208 1209 1210 1211 1212 1213 1214 1215 1216 1217 1218 1219 1220 1221 -1
39: 862 866 877 887 1225 1226 1227 1228 1229 1230 1231 1232 1233 1234 1235 1236 1237 1238 1239 -1
40: 1242 1243 1245 1246 1247 -1
41: 940 1248 1249 1250 1251 1252 1253 1254 1255 1256 1257 1258 1259 1260 1261 1262 1263 -1
42: 1264 1265 1266 1267 1268 1269 1270 1271 1272 1273 -1
43: 1278 1279 1280 1281 1282 1283 1284 1285 1286 1287 1288 1289 1290 1291 1292 1293 1294 1295 1296 1297 1298 -1
44: 1304 1305 1306 1307 1313 1314 1315 1316 1317 1318 -1
45: 1319 1320 1321 1322 1323 1324 1325 1326 1327 1328 1329 1330 -1
46: 1332 1333 1334 1336 1337 1338 1339 1340 1342 1343 1344 1345 1346 1347 -1
47: 1349 -1
48: 1358 1359 1360 1368 1376 1377 1380 1381 -1
49: 1382 1383 1384 1385 1386 1387 1388 1389 -1
50: 1391 1392 1394 1395 1396 1399 1400 1401 1402 1404 1407 1408 1409 1410 -1
51: 268 444 449 562 566 1411 1412 1413 1414 -1
52: 182 867 870 878 1417 1418 1419 1420 1421 1422 1423 1424 1425 1654 2365 2370 2590 3168 3169 -1
53: 1426 1427 1428 1429 1430 1431 1432 1433 1434 1435 1436 1437 1438 1439 1440 1441 1640 2590 2684 2687 2913 2958 -1
54: 470 471 476 771 1442 1443 1444 1445 1446 1447 -1
55: 1616 1620 1621 1622 -1
56: 1624 1625 1626 1627 1628 1629 1630 1631 -1
57: 1632 1633 1634 1635 -1
58: 1315 1317 1636 1637 1638 1639 1640 1641 1642 1643 1644 1645 -1
59: 1646 1647 1648 1649 1650 1651 1652 1653 1654 1655 1656 -1
60: 1657 1658 -1
61: 1660 1664 1665 1666 1667 1668 1669 1670 1671 1672 1673 1674 1675 -1
62: 1291 1676 1677 1678 1679 1680 1681 -1
63: 1682 1683 1684 1685 -1
64: 1723 -1
65: 1730 1731 1732 1733 1734 -1
66: 1738 1739 1742 1747 1749 1753 1754 1778 1793 1800 1801 1803 1807 1808 1809 1810 1811 1812 1813 1814 1815 1816 1818 1819 1820 1821 1822 1823 1824 1825 1827 1828 1829 1830 1831 1832 1833 1834 1835 1836 1837 1838 1839 1840 1841 1842 1843 1844 1845 1846 1847 1848 1850 1851 1852 1853 1854 1855 2109 -1
67: 446 872 1858 1863 1864 1865 1866 1870 -1
68: 1873 1874 1875 1876 1877 1878 1879 1880 -1
69: -1
70: 1898 1899 1900 -1
71: 1911 1912 1913 1914 1915 1916 1917 1918 1919 1920 1921 1922 -1
72: 1923 1924 1925 1926 -1
73: 447 716 1305 1316 1640 1665 1669 1674 1928 1929 1930 1931 1932 1933 1934 1936 1937 1938 1939 1940 1941 1942 1943 1944 2427 2467 -1
74: 1947 1948 1949 1950 1951 -1
75: 1956 1957 1958 1959 1967 1968 -1
76: 887 1227 1978 1980 1981 1982 1983 -1
77: 173 1986 1987 1988 1989 1990 1991 1992 1993 1996 1997 3181 3182 3184 3185 3188 -1
78: 182 1999 2000 2001 -1
79: 293 497 512 642 784 867 870 875 876 878 889 896 911 918 987 1002 1180 1227 1231 1239 1315 1317 1394 1640 1749 1835 1908 2003 2004 2053 2365 2377 2581 2582 2583 2589 2590 2689 2690 2717 2721 2722 2725 2958 3174 3175 -1
80: 2006 2007 2009 2010 2011 -1
81: 268 449 566 1412 1413 2020 -1
82: 2021 2022 2023 2024 2025 -1
83: 2027 2028 2030 2031 2033 2034 2035 2036 2037 2038 2039 2040 -1
84: 2042 2043 2044 2045 2046 -1
85: 176 2048 2049 2050 2051 2052 2053 2054 2055 2056 2057 2058 2059 2060 2061 2062 2063 2064 2065 2066 2067 2069 2070 2071 -1
86: 6 75 349 352 353 359 362 363 364 366 367 370 371 372 373 379 380 384 385 388 392 399 400 402 1953 1954 1955 1960 1961 1962 1963 1964 1965 1966 2072 2073 2074 2075 2078 2079 2080 -1
87: 2081 2082 2083 2084 2085 2086 2087 2088 2089 2090 2091 2092 2093 2094 2095 2096 2097 2098 2099 2100 2101 2102 2103 2104 2105 2106 2107 2108 2109 2110 -1
88: 2114 2118 2119 2120 2121 2122 2125 -1
89: 449 563 568 2129 2130 2131 2132 2133 2134 2135 2136 2137 2138 2139 2140 2141 2142 2143 2144 2145 2146 2148 2149 2150 2151 2152 2153 2154 2155 2156 2157 2158 -1
90: 674 675 2159 2160 2161 2162 2163 2164 2165 2166 2167 2168 2169 2170 2171 2172 2173 2174 2175 2176 2177 2178 2179 2180 2181 2182 2183 2184 2185 -1
91: 2190 2192 2193 2194 2195 2197 2198 -1
92: 182 396 627 633 643 653 661 699 856 930 1213 1426 1430 1431 1433 1437 1440 1639 1640 1642 1864 1939 2029 2087 2170 2199 2200 2201 2202 2203 2204 2205 2206 2213 2215 2422 2467 2571 2575 2590 2738 2942 2944 2958 2965 -1
93: 413 2206 2207 2208 2209 2210 2211 2212 2213 -1
94: 564 616 638 930 948 1066 2093 2215 2216 2217 2218 2220 -1
95: 2221 -1
96: 2222 2223 2224 2225 2226 2227 2228 2229 2230 2231 2232 -1
97: 2234 2235 2236 2237 2238 2239 2240 2241 -1
98: 2243 2249 2250 2251 2252 -1
99: 2257 2258 2259 2260 2261 2262 2264 2265 2266 2267 2268 -1
100: 2269 2270 2271 2272 2273 2274 -1
101: 2276 -1
102: 476 2277 2278 2279 2280 -1
103: 182 191 293 297 411 497 626 676 699 784 794 796 797 856 867 868 870 878 918 987 988 1055 1096 1169 1180 1184 1197 1198 1227 1335 1419 1439 1643 1654 1673 1827 1864 1899 1936 2137 2166 2196 2213 2327 2332 2344 2346 2350 2352 2353 2354 2355 2358 2359 2360 2361 2362 2370 2458 2461 2512 2558 2590 2740 2759 2902 2909 2911 2916 2958 2959 2960 3170 3209 3210 -1
104: 2365 2367 2368 2369 2370 2371 2372 2373 2374 2376 2377 2378 -1
105: 2381 2382 2386 2387 2388 -1
106: 2395 2396 2397 2398 2399 2400 -1
107: 368 2409 2410 2417 2421 2422 2423 -1
108: -1
109: 1640 2426 2427 -1
110: 2428 2429 2430 2431 2432 2433 -1
111: 918 1431 1436 2434 2446 2454 2455 2456 2457 2458 2459 2460 2461 2590 -1
112: 1300 1302 1303 1304 1307 1312 2463 2466 2467 2470 -1
113: 620 2494 2495 2496 2497 2498 2499 2500 2501 2502 3170 -1
114: 2506 2507 2508 -1
115: 182 257 288 330 368 396 462 589 602 603 606 629 637 640 642 649 656 709 721 740 784 792 869 876 878 881 885 921 922 923 973 991 1021 1032 1034 1056 1066 1180 1181 1235 1431 1634 1640 1647 1720 1827 1864 1865 1899 1930 1931 1937 1939 2003 2022 2023 2024 2027 2031 2034 2087 2213 2426 2467 2511 2513 2515 2516 2517 2518 2574 2590 2648 2738 2740 2911 2930 2958 2989 3074 3174 3190 3194 -1
116: 2519 2520 2521 2522 2523 -1
117: 2524 2525 2526 2527 2528 2529 2530 2531 -1
118: 940 1863 2532 2533 2534 2535 2536 2537 2538 -1
119: 2539 2540 -1
120: 337 2542 2545 2546 -1
121: 182 235 291 293 297 330 333 357 368 374 389 459 485 551 585 602 603 633 638 643 709 714 716 725 727 762 764 772 774 784 794 801 870 903 907 918 921 930 932 944 945 960 976 985 987 988 994 1042 1055 1124 1127 1134 1163 1180 1190 1249 1255 1258 1367 1394 1421 1431 1433 1439 1634 1637 1640 1647 1669 1832 1863 1908 1913 1939 1999 2000 2022 2083 2087 2145 2190 2201 2204 2213 2215 2220 2229 2240 2396 2409 2426 2427 2461 2491 2519 2525 2528 2560 2565 2572 2590 2648 2657 2667 2717 2725 2728 2743 2752 2759 2930 2934 2936 2937 2982 2999 3074 3092 3111 3170 3176 3177 3180 -1
122: 229 512 873 2034 2053 2091 2233 2368 2429 2538 2581 2583 2741 2742 2743 -1
123: 640 642 2589 2590 2591 2592 2593 2738 3174 -1
124: -1
125: 2648 2649 -1
126: 2650 2651 2652 2655 -1
127: 2656 2657 2658 2659 2660 2661 2662 2663 -1
128: 123 217 290 467 475 488 493 549 582 583 620 638 711 721 727 784 787 792 794 798 801 802 803 812 850 859 867 868 870 878 885 917 921 974 975 977 987 997 1042 1055 1056 1169 1180 1181 1225 1282 1292 1296 1315 1317 1322 1395 1426 1430 1431 1432 1433 1435 1439 1640 1646 1647 1653 1656 1669 1673 1809 1864 1939 1999 2022 2023 2024 2027 2034 2087 2193 2194 2206 2213 2217 2218 2233 2427 2432 2458 2459 2467 2497 2513 2519 2536 2590 2649 2667 2668 2669 2674 2679 2689 2690 2712 2738 2743 2752 2902 2909 2911 2958 2959 2965 2998 3074 3109 3120 3168 3169 3170 3222 3224 -1
129: 2680 2681 2682 2683 2684 2685 2686 2687 2688 -1
130: 1852 2689 2690 2743 -1
131: 965 2693 2694 2695 -1
132: 2701 2711 2712 2713 2714 -1
133: 872 2716 -1
134: 2717 2718 2719 2720 2721 2722 -1
135: 2053 2725 2726 2727 2902 2909 -1
136: 2728 -1
137: 2729 2738 2739 2740 2741 2742 2743 2744 2745 2746 2747 -1
138: 2751 2752 2756 2758 2759 -1
139: 2348 2352 2361 -1
140: 634 2651 2763 2764 2765 -1
141: 2767 2768 -1
142: 2779 2788 2789 2794 2795 2796 2797 2798 2799 2808 2809 2812 -1
143: 2834 2865 2868 -1
144: 2890 2891 -1
145: 1021 1637 2901 2902 2906 2907 2908 2909 -1
146: 2911 2912 2913 2914 2915 2916 2917 -1
147: 290 699 2034 2929 2930 2932 2933 2934 2935 2936 2937 2938 -1
148: 2942 2943 2944 -1
149: -1
150: 2958 2959 2960 2961 2962 2963 2964 2966 2967 -1
151: 2968 2969 2970 2971 2972 2973 2974 2975 -1
152: 2978 2979 2980 2981 2982 2983 2984 2985 -1
153: 2986 2987 2988 2989 -1
154: 2990 2992 2993 2994 2995 2996 -1
155: 330 -1
156: 2997 2998 2999 3000 -1
157: 186 265 293 368 567 582 636 642 786 792 794 801 808 812 820 855 870 871 880 976 1166 1180 1315 1317 1394 1405 1431 1433 1640 1647 1673 1674 1827 1933 1939 2024 2029 2034 2213 2216 2564 2590 2592 2593 2738 2743 2797 2798 2958 2965 3013 3014 3170 -1
158: 3017 3018 3019 -1
159: 3020 3021 -1
160: 2796 3022 3023 3024 3025 3026 3027 3028 3029 3030 3031 3032 3033 3034 3035 3036 3038 3039 -1
161: -1
162: 3062 3063 3064 -1
163: 3103 3111 3112 -1
164: 2689 2690 3113 3114 3115 3116 -1
165: 3117 3118 -1
166: 269 272 293 319 323 368 381 396 462 497 502 503 512 514 536 543 559 582 586 587 599 600 601 606 627 629 637 639 640 642 643 649 661 699 711 714 715 716 725 726 762 774 784 787 788 792 794 795 801 802 803 805 809 820 868 877 878 880 882 883 885 886 918 937 948 974 975 976 978 985 987 988 991 995 1000 1001 1003 1046 1169 1180 1227 1233 1234 1235 1236 1237 1280 1322 1328 1430 1431 1439 1633 1640 1641 1647 1656 1665 1673 1674 1754 1819 1852 1864 1930 1936 1939 1991 2023 2024 2027 2031 2034 2063 2192 2196 2213 2215 2359 2365 2367 2368 2370 2378 2409 2426 2456 2458 2459 2467 2545 2574 2590 2591 2648 2680 2738 2739 2742 2743 2747 2808 2958 2962 2964 2969 3020 3039 3074 3111 3112 3119 3170 3181 3185 -1
167: 2394 3124 3140 3142 3152 -1
168: 3163 3164 3165 -1
169: 3166 3167 -1
170: 182 512 616 1042 1445 1640 2022 2216 2410 2648 2989 3020 3168 3169 3170 -1
171: 1641 3174 3175 -1
172: 3178 3179 3180 -1
173: 77 1994 3181 3182 3183 3184 3185 3186 3187 3188 -1
174: 467 476 -1
175: 3207 3208 -1
176: 3209 3210 -1
177: 2996 3215 -1
178: 3216 3217 3218 -1
179: 3219 3220 -1
180: 3222 3223 3224 -1
181: 0 238 240 249 262 293 497 559 569 638 838 921 925 1346 1368 1385 1740 1755 2083 2084 2087 2528 2531 2541 2543 -1
182: -1
183: -1
184: -1
185: -1
186: -1
187: -1
188: -1
189: -1
190: -1
191: -1
192: -1
193: -1
194: -1
195: -1
196: -1
197: -1
198: -1
199: -1
200: -1
201: -1
202: -1
203: -1
204: -1
205: -1
206: -1
207: -1
208: -1
209: 2 320 -1
210: 2 320 -1
211: 2 320 -1
212: 2 320 -1
213: 2 320 -1
214: 2 229 235 236 247 307 314 319 320 1899 2355 2892 -1
215: 2 320 -1
216: -1
217: -1
218: -1
219: -1
220: -1
221: -1
222: -1
223: -1
224: -1
225: -1
226: -1
227: -1
228: -1
229: -1
230: -1
231: -1
232: 1899 -1
233: -1
234: -1
235: -1
236: -1
237: -1
238: -1
239: -1
240: -1
241: -1
242: -1
243: -1
244: -1
245: -1
246: -1
247: -1
248: -1
249: -1
250: -1
251: -1
252: -1
253: -1
254: 3 261 266 275 300 328 331 333 345 -1
255: 3 -1
256: -1
257: -1
258: -1
259: -1
260: -1
261: -1
262: 66 222 239 598 955 979 980 1156 1171 1739 1740 1741 1742 1745 1747 1748 1749 1754 1778 1792 1793 1800 1801 1806 1807 1808 1809 1813 1815 1818 1819 1825 1826 1827 1829 1830 1832 1833 1835 1836 1837 1840 1841 1842 1845 1846 1847 1852 1853 1854 1855 2008 2043 2087 2210 2701 2738 2990 -1
263: -1
264: -1
265: -1
266: -1
267: -1
268: -1
269: -1
270: -1
271: -1
272: -1
273: -1
274: -1
275: -1
276: -1
277: -1
278: -1
279: -1
280: -1
281: -1
282: -1
283: -1
284: -1
285: -1
286: -1
287: -1
288: -1
289: -1
290: -1
291: -1
292: -1
293: -1
294: -1
295: -1
296: 2996 -1
297: -1
298: -1
299: -1
300: -1
301: 508 512 521 -1
302: -1
303: -1
304: 4 -1
305: -1
306: -1
307: -1
308: -1
309: -1
310: -1
311: -1
312: -1
313: -1
314: -1
315: -1
316: -1
317: -1
318: -1
319: -1
320: -1
321: -1
322: -1
323: -1
324: -1
325: -1
326: -1
327: 5 333 2392 2547 -1
328: -1
329: -1
330: -1
331: -1
332: -1
333: -1
334: -1
335: -1
336: -1
337: -1
338: -1
339: -1
340: -1
341: -1
342: -1
343: -1
344: -1
345: -1
346: -1
347: -1
348: -1
349: 6 75 352 353 366 367 370 371 379 380 388 399 400 1953 1954 1955 1960 1961 1962 1963 1964 1965 1966 2072 2073 2074 -1
350: 6 2073 -1
351: 6 371 2073 2074 -1
352: -1
353: -1
354: -1
355: -1
356: -1
357: -1
358: -1
359: -1
360: -1
361: -1
362: -1
363: -1
364: -1
365: -1
366: -1
367: -1
368: -1
369: -1
370: -1
371: -1
372: -1
373: -1
374: -1
375: -1
376: -1
377: -1
378: -1
379: -1
380: -1
381: -1
382: -1
383: -1
384: -1
385: -1
386: -1
387: -1
388: -1
389: -1
390: -1
391: -1
392: -1
393: -1
394: -1
395: -1
396: -1
397: -1
398: -1
399: -1
400: -1
401: -1
402: -1
403: 7 404 405 407 408 409 410 414 415 416 417 418 419 420 423 424 425 426 427 431 432 433 434 435 436 440 441 442 443 450 451 452 453 454 455 2137 -1
404: 422 -1
405: -1
406: 556 -1
407: 446 559 -1
408: 422 -1
409: 446 1864 -1
410: -1
411: -1
412: -1
413: -1
414: -1
415: 422 -1
416: -1
417: -1
418: -1
419: -1
420: -1
421: -1
422: -1
423: -1
424: 422 -1
425: -1
426: -1
427: -1
428: -1
429: -1
430: -1
431: -1
432: -1
433: -1
434: -1
435: -1
436: 1082 -1
437: -1
438: -1
439: -1
440: -1
441: -1
442: 294 422 438 -1
443: -1
444: -1
445: 1865 -1
446: -1
447: -1
448: -1
449: -1
450: -1
451: 422 -1
452: 422 -1
453: -1
454: -1
455: 273 422 430 447 -1
456: -1
457: -1
458: -1
459: -1
460: -1
461: -1
462: -1
463: -1
464: 463 -1
465: -1
466: -1
467: -1
468: -1
469: -1
470: -1
471: -1
472: -1
473: -1
474: -1
475: -1
476: -1
477: -1
478: -1
479: -1
480: -1
481: -1
482: -1
483: -1
484: 471 475 480 491 492 -1
485: -1
486: -1
487: -1
488: -1
489: -1
490: -1
491: 475 480 492 -1
492: -1
493: -1
494: -1
495: -1
496: -1
497: -1
498: -1
499: -1
500: -1
501: -1
502: -1
503: -1
504: -1
505: -1
506: -1
507: -1
508: -1
509: -1
510: -1
511: -1
512: -1
513: -1
514: -1
515: -1
516: 368 2497 3209 3210 -1
517: -1
518: -1
519: -1
520: -1
521: -1
522: -1
523: -1
524: -1
525: -1
526: -1
527: -1
528: -1
529: -1
530: -1
531: -1
532: -1
533: -1
534: -1
535: 229 269 532 571 636 886 961 969 971 987 1000 1020 1180 1388 1827 2053 2585 2589 2590 2674 2717 2721 2722 2958 3168 3169 -1
536: -1
537: -1
538: 387 393 716 -1
539: -1
540: -1
541: -1
542: 512 514 -1
543: -1
544: 10 182 368 411 582 585 600 602 603 642 802 822 989 1186 1187 1189 1190 1191 1194 1197 1198 1202 1212 1243 1251 1315 1317 1431 1640 2240 2270 2370 2493 2525 2532 2648 2738 2739 2931 3063 -1
545: -1
546: 969 -1
547: -1
548: -1
549: -1
550: -1
551: -1
552: -1
553: -1
554: -1
555: -1
556: -1
557: -1
558: 552 -1
559: -1
560: -1
561: -1
562: 1866 -1
563: -1
564: -1
565: -1
566: -1
567: -1
568: -1
569: -1
570: -1
571: -1
572: -1
573: -1
574: -1
575: -1
576: -1
577: -1
578: 11 -1
579: 11 584 -1
580: -1
581: -1
582: -1
583: -1
584: -1
585: -1
586: -1
587: -1
588: -1
589: -1
590: -1
591: -1
592: -1
593: -1
594: -1
595: -1
596: -1
597: -1
598: 1747 1827 1836 1855 -1
599: -1
600: -1
601: -1
602: -1
603: -1
604: -1
605: -1
606: -1
607: 12 -1
608: -1
609: 357 389 -1
610: 621 -1
611: -1
612: -1
613: -1
614: -1
615: -1
616: -1
617: -1
618: -1
619: -1
620: -1
621: -1
622: -1
623: -1
624: -1
625: -1
626: -1
627: -1
628: -1
629: -1
630: -1
631: -1
632: -1
633: -1
634: -1
635: -1
636: -1
637: -1
638: -1
639: -1
640: -1
641: -1
642: -1
643: 2651 -1
644: 632 635 -1
645: 632 635 -1
646: 627 -1
647: 2994 -1
648: -1
649: -1
650: -1
651: 14 90 652 670 671 679 692 693 694 695 696 -1
652: -1
653: -1
654: -1
655: -1
656: -1
657: -1
658: -1
659: -1
660: -1
661: -1
662: -1
663: -1
664: -1
665: -1
666: -1
667: -1
668: -1
669: -1
670: -1
671: -1
672: -1
673: -1
674: -1
675: -1
676: -1
677: -1
678: -1
679: -1
680: -1
681: -1
682: 705 2165 2179 -1
683: -1
684: -1
685: -1
686: -1
687: -1
688: -1
689: 678 -1
690: -1
691: -1
692: -1
693: -1
694: -1
695: -1
696: -1
697: -1
698: -1
699: -1
700: -1
701: -1
702: 2229 -1
703: -1
704: -1
705: -1
706: 15 1905 -1
707: 15 713 717 718 719 720 728 -1
708: 15 -1
709: -1
710: -1
711: -1
712: -1
713: -1
714: -1
715: -1
716: -1
717: -1
718: -1
719: -1
720: -1
721: -1
722: -1
723: -1
724: -1
725: -1
726: -1
727: -1
728: -1
729: -1
730: -1
731: -1
732: -1
733: -1
734: -1
735: -1
736: -1
737: -1
738: -1
739: -1
740: -1
741: -1
742: -1
743: -1
744: -1
745: 747 -1
746: -1
747: -1
748: -1
749: -1
750: -1
751: -1
752: -1
753: -1
754: -1
755: 17 368 -1
756: -1
757: -1
758: -1
759: -1
760: -1
761: -1
762: -1
763: -1
764: -1
765: -1
766: -1
767: -1
768: -1
769: -1
770: -1
771: -1
772: -1
773: -1
774: 762 -1
775: -1
776: -1
777: -1
778: -1
779: -1
780: -1
781: -1
782: -1
783: -1
784: -1
785: -1
786: -1
787: -1
788: -1
789: -1
790: -1
791: -1
792: -1
793: -1
794: -1
795: -1
796: -1
797: 799 -1
798: -1
799: -1
800: -1
801: -1
802: -1
803: -1
804: -1
805: -1
806: -1
807: -1
808: -1
809: 792 -1
810: -1
811: -1
812: -1
813: -1
814: -1
815: -1
816: -1
817: -1
818: -1
819: -1
820: -1
821: -1
822: -1
823: 459 466 482 485 -1
824: -1
825: -1
826: -1
827: -1
828: -1
829: -1
830: -1
831: 394 460 462 465 468 471 479 483 762 772 774 859 1261 1633 2532 2537 2591 -1
832: -1
833: -1
834: -1
835: -1
836: -1
837: -1
838: -1
839: 857 -1
840: -1
841: -1
842: -1
843: -1
844: 669 793 794 2034 -1
845: 857 -1
846: -1
847: -1
848: -1
849: -1
850: -1
851: -1
852: -1
853: 948 -1
854: -1
855: -1
856: -1
857: -1
858: -1
859: -1
860: 21 -1
861: -1
862: -1
863: -1
864: 21 -1
865: 21 113 619 853 861 863 1342 1417 1422 1423 1681 1806 1830 1840 1854 2155 2479 2487 2488 2489 2490 2491 2937 3036 3068 -1
866: -1
867: -1
868: -1
869: -1
870: -1
871: -1
872: -1
873: -1
874: -1
875: -1
876: -1
877: -1
878: 867 870 -1
879: 1227 -1
880: -1
881: -1
882: -1
883: -1
884: 1227 -1
885: -1
886: -1
887: -1
888: -1
889: -1
890: -1
891: -1
892: -1
893: -1
894: -1
895: -1
896: -1
897: 910 -1
898: -1
899: -1
900: -1
901: -1
902: -1
903: -1
904: -1
905: -1
906: -1
907: -1
908: -1
909: -1
910: -1
911: 896 -1
912: -1
913: -1
914: -1
915: 906 -1
916: 917 921 922 923 924 925 926 -1
917: -1
918: -1
919: -1
920: -1
921: -1
922: -1
923: -1
924: -1
925: -1
926: -1
927: -1
928: -1
929: -1
930: -1
931: -1
932: -1
933: -1
934: -1
935: -1
936: -1
937: -1
938: -1
939: -1
940: -1
941: -1
942: -1
943: -1
944: -1
945: -1
946: -1
947: -1
948: -1
949: -1
950: -1
951: -1
952: -1
953: 368 551 951 -1
954: -1
955: -1
956: -1
957: -1
958: -1
959: -1
960: -1
961: -1
962: 131 -1
963: -1
964: 951 -1
965: -1
966: -1
967: 257 278 291 293 368 541 551 710 722 951 961 971 1085 1180 1674 1747 -1
968: -1
969: -1
970: -1
971: -1
972: -1
973: -1
974: -1
975: -1
976: -1
977: -1
978: -1
979: -1
980: 462 659 673 1031 1180 2213 2958 -1
981: -1
982: -1
983: -1
984: -1
985: -1
986: 985 -1
987: -1
988: -1
989: -1
990: -1
991: -1
992: -1
993: -1
994: -1
995: -1
996: -1
997: -1
998: -1
999: -1
1000: -1
1001: -1
1002: -1
1003: -1
1004: -1
1005: -1
1006: -1
1007: 1005 -1
1008: -1
1009: -1
1010: -1
1011: -1
1012: -1
1013: -1
1014: -1
1015: -1
1016: -1
1017: -1
1018: -1
1019: -1
1020: -1
1021: -1
1022: -1
1023: -1
1024: -1
1025: -1
1026: -1
1027: -1
1028: -1
1029: -1
1030: -1
1031: -1
1032: -1
1033: -1
1034: -1
1035: -1
1036: -1
1037: -1
1038: -1
1039: -1
1040: -1
1041: -1
1042: -1
1043: -1
1044: -1
1045: -1
1046: -1
1047: -1
1048: -1
1049: -1
1050: -1
1051: -1
1052: -1
1053: -1
1054: -1
1055: -1
1056: -1
1057: -1
1058: 1075 -1
1059: -1
1060: -1
1061: -1
1062: -1
1063: -1
1064: -1
1065: -1
1066: -1
1067: -1
1068: -1
1069: -1
1070: -1
1071: -1
1072: -1
1073: -1
1074: -1
1075: -1
1076: -1
1077: -1
1078: -1
1079: -1
1080: -1
1081: -1
1082: -1
1083: -1
1084: -1
1085: -1
1086: 497 -1
1087: -1
1088: -1
1089: -1
1090: -1
1091: -1
1092: -1
1093: -1
1094: -1
1095: -1
1096: -1
1097: -1
1098: -1
1099: -1
1100: -1
1101: -1
1102: -1
1103: -1
1104: -1
1105: -1
1106: -1
1107: -1
1108: -1
1109: -1
1110: -1
1111: -1
1112: -1
1113: -1
1114: -1
1115: -1
1116: -1
1117: -1
1118: -1
1119: -1
1120: -1
1121: -1
1122: -1
1123: -1
1124: -1
1125: -1
1126: -1
1127: -1
1128: -1
1129: -1
1130: -1
1131: -1
1132: -1
1133: -1
1134: -1
1135: -1
1136: -1
1137: -1
1138: -1
1139: -1
1140: -1
1141: -1
1142: -1
1143: -1
1144: -1
1145: -1
1146: -1
1147: -1
1148: -1
1149: -1
1150: -1
1151: -1
1152: -1
1153: -1
1154: -1
1155: -1
1156: -1
1157: 558 -1
1158: 430 -1
1159: -1
1160: -1
1161: -1
1162: -1
1163: -1
1164: -1
1165: -1
1166: -1
1167: -1
1168: 430 1166 1858 -1
1169: -1
1170: 2250 -1
1171: -1
1172: -1
1173: -1
1174: 1166 1170 2251 -1
1175: -1
1176: -1
1177: 1173 -1
1178: -1
1179: -1
1180: -1
1181: -1
1182: -1
1183: -1
1184: -1
1185: -1
1186: -1
1187: -1
1188: -1
1189: -1
1190: -1
1191: -1
1192: -1
1193: -1
1194: -1
1195: 1192 -1
1196: -1
1197: -1
1198: -1
1199: -1
1200: -1
1201: -1
1202: -1
1203: -1
1204: -1
1205: 38 -1
1206: -1
1207: 1218 -1
1208: -1
1209: -1
1210: -1
1211: -1
1212: -1
1213: -1
1214: -1
1215: -1
1216: -1
1217: -1
1218: -1
1219: -1
1220: -1
1221: -1
1222: 1978 -1
1223: 39 -1
1224: 39 -1
1225: -1
1226: -1
1227: -1
1228: -1
1229: -1
1230: -1
1231: 1227 -1
1232: -1
1233: -1
1234: -1
1235: -1
1236: -1
1237: -1
1238: -1
1239: -1
1240: 40 270 2512 -1
1241: 40 -1
1242: -1
1243: -1
1244: -1
1245: -1
1246: -1
1247: -1
1248: -1
1249: -1
1250: -1
1251: -1
1252: -1
1253: -1
1254: -1
1255: -1
1256: -1
1257: -1
1258: -1
1259: -1
1260: -1
1261: -1
1262: -1
1263: -1
1264: -1
1265: -1
1266: -1
1267: -1
1268: -1
1269: -1
1270: -1
1271: -1
1272: -1
1273: -1
1274: 43 -1
1275: 43 1346 1616 1630 2366 2370 2375 -1
1276: 43 80 105 191 569 822 1055 1135 1280 1282 1286 1681 2005 2012 2087 2370 2379 2380 2381 2382 2383 2384 2385 2536 2657 -1
1277: 1281 -1
1278: -1
1279: -1
1280: -1
1281: -1
1282: -1
1283: -1
1284: -1
1285: -1
1286: -1
1287: -1
1288: -1
1289: -1
1290: -1
1291: -1
1292: -1
1293: -1
1294: -1
1295: -1
1296: -1
1297: -1
1298: -1
1299: -1
1300: -1
1301: 2469 -1
1302: -1
1303: -1
1304: -1
1305: 1316 -1
1306: -1
1307: -1
1308: -1
1309: -1
1310: -1
1311: -1
1312: -1
1313: -1
1314: -1
1315: -1
1316: -1
1317: -1
1318: -1
1319: 1326 -1
1320: -1
1321: -1
1322: -1
1323: -1
1324: -1
1325: -1
1326: -1
1327: -1
1328: -1
1329: -1
1330: -1
1331: 46 -1
1332: -1
1333: -1
1334: -1
1335: -1
1336: 138 722 792 794 796 797 1253 1332 1339 1344 1345 1720 -1
1337: -1
1338: -1
1339: -1
1340: -1
1341: 1332 1333 2751 2757 -1
1342: 627 642 1419 1665 1673 1674 1681 2370 -1
1343: -1
1344: -1
1345: -1
1346: -1
1347: -1
1348: -1
1349: -1
1350: 48 1351 1352 1353 1354 1355 1356 1357 1361 1362 1363 1364 1365 1366 1369 1370 1371 1372 1373 1374 1375 1378 1379 -1
1351: -1
1352: -1
1353: -1
1354: -1
1355: -1
1356: -1
1357: -1
1358: -1
1359: -1
1360: -1
1361: -1
1362: -1
1363: -1
1364: -1
1365: -1
1366: -1
1367: -1
1368: -1
1369: -1
1370: -1
1371: -1
1372: -1
1373: -1
1374: -1
1375: -1
1376: -1
1377: -1
1378: -1
1379: -1
1380: -1
1381: -1
1382: -1
1383: -1
1384: -1
1385: -1
1386: -1
1387: -1
1388: -1
1389: -1
1390: 1391 1392 1399 1400 1401 1402 1405 1407 1408 -1
1391: -1
1392: -1
1393: -1
1394: -1
1395: -1
1396: -1
1397: 1391 1392 1399 1400 1401 1402 1407 1408 -1
1398: -1
1399: -1
1400: -1
1401: -1
1402: -1
1403: -1
1404: -1
1405: -1
1406: -1
1407: -1
1408: 1393 1394 1396 1397 1398 1403 1406 -1
1409: -1
1410: -1
1411: -1
1412: -1
1413: -1
1414: -1
1415: 52 -1
1416: 52 -1
1417: -1
1418: -1
1419: -1
1420: -1
1421: -1
1422: -1
1423: -1
1424: -1
1425: -1
1426: -1
1427: -1
1428: -1
1429: -1
1430: -1
1431: -1
1432: -1
1433: -1
1434: -1
1435: -1
1436: -1
1437: -1
1438: -1
1439: -1
1440: 1437 -1
1441: -1
1442: -1
1443: -1
1444: -1
1445: -1
1446: -1
1447: -1
1448: 1451 1616 1617 1622 -1
1449: 55 108 1448 1451 1455 1456 1457 1458 1459 1460 1461 1462 1463 1464 1465 1466 1467 1468 1469 1470 1471 1472 1473 1474 1475 1476 1477 1478 1479 1480 1481 1482 1483 1484 1485 1486 1487 1488 1489 1490 1491 1492 1493 1494 1495 1496 1497 1498 1499 1500 1501 1502 1503 1504 1505 1506 1507 1508 1509 1510 1511 1512 1513 1514 1515 1516 1517 1518 1519 1520 1521 1522 1523 1524 1525 1526 1527 1528 1529 1530 1531 1532 1533 1534 1535 1536 1537 1538 1539 1540 1541 1542 1543 1544 1545 1546 1547 1548 1549 1550 1551 1552 1553 1554 1555 1556 1557 1558 1559 1560 1561 1562 1563 1564 1565 1566 1567 1568 1569 1570 1571 1572 1573 1574 1575 1576 1577 1578 1579 1580 1581 1582 1583 1584 1585 1586 1587 1588 1589 1590 1591 1592 1593 1594 1595 1596 1597 1598 1599 1600 1601 1602 1603 1604 1605 1606 1607 1608 1609 1610 1611 1612 1613 1618 1619 1623 2424 -1
1450: 55 108 1456 1457 1458 1459 1460 1461 1462 1463 1464 1465 1466 1467 1468 1469 1470 1471 1472 1473 1474 1475 1476 1477 1478 1479 1480 1481 1482 1483 1484 1485 1486 1487 1488 1489 1490 1491 1492 1493 1494 1495 1496 1497 1498 1499 1500 1501 1502 1503 1504 1505 1506 1507 1508 1509 1510 1511 1512 1513 1514 1515 1516 1517 1518 1519 1520 1521 1522 1523 1524 1525 1526 1527 1528 1529 1530 1531 1532 1533 1534 1535 1536 1537 1538 1539 1540 1541 1542 1543 1544 1545 1546 1547 1548 1549 1550 1551 1552 1553 1554 1555 1556 1557 1558 1559 1560 1561 1562 1563 1564 1565 1566 1567 1568 1569 1570 1571 1572 1573 1574 1575 1576 1577 1578 1579 1580 1581 1582 1583 1584 1585 1586 1587 1588 1589 1590 1591 1592 1593 1594 1595 1596 1597 1598 1599 1600 1601 1602 1603 1604 1605 1606 1607 1608 1609 1610 1611 1612 1613 1618 2424 -1
1451: 55 108 1456 1457 1458 1459 1460 1461 1462 1463 1464 1465 1466 1467 1468 1469 1470 1471 1472 1473 1474 1475 1476 1477 1478 1479 1480 1481 1482 1483 1484 1485 1486 1487 1488 1489 1490 1491 1492 1493 1494 1495 1496 1497 1498 1499 1500 1501 1502 1503 1504 1505 1506 1507 1508 1509 1510 1511 1512 1513 1514 1515 1516 1517 1518 1519 1520 1521 1522 1523 1524 1525 1526 1527 1528 1529 1530 1531 1532 1533 1534 1535 1536 1537 1538 1539 1540 1541 1542 1543 1544 1545 1546 1547 1548 1549 1550 1551 1552 1553 1554 1555 1556 1557 1558 1559 1560 1561 1562 1563 1564 1565 1566 1567 1568 1569 1570 1571 1572 1573 1574 1575 1576 1577 1578 1579 1580 1581 1582 1583 1584 1585 1586 1587 1588 1589 1590 1591 1592 1593 1594 1595 1596 1597 1598 1599 1600 1601 1602 1603 1604 1605 1606 1607 1608 1609 1610 1611 1612 1613 1618 2424 -1
1452: 55 108 1456 1457 1458 1459 1460 1461 1462 1463 1464 1465 1466 1467 1468 1469 1470 1471 1472 1473 1474 1475 1476 1477 1478 1479 1480 1481 1482 1483 1484 1485 1486 1487 1488 1489 1490 1491 1492 1493 1494 1495 1496 1497 1498 1499 1500 1501 1502 1503 1504 1505 1506 1507 1508 1509 1510 1511 1512 1513 1514 1515 1516 1517 1518 1519 1520 1521 1522 1523 1524 1525 1526 1527 1528 1529 1530 1531 1532 1533 1534 1535 1536 1537 1538 1539 1540 1541 1542 1543 1544 1545 1546 1547 1548 1549 1550 1551 1552 1553 1554 1555 1556 1557 1558 1559 1560 1561 1562 1563 1564 1565 1566 1567 1568 1569 1570 1571 1572 1573 1574 1575 1576 1577 1578 1579 1580 1581 1582 1583 1584 1585 1586 1587 1588 1589 1590 1591 1592 1593 1594 1595 1596 1597 1598 1599 1600 1601 1602 1603 1604 1605 1606 1607 1608 1609 1610 1611 1612 1613 1618 2424 -1
1453: 55 108 1456 1457 1458 1459 1460 1461 1462 1463 1464 1465 1466 1467 1468 1469 1470 1471 1472 1473 1474 1475 1476 1477 1478 1479 1480 1481 1482 1483 1484 1485 1486 1487 1488 1489 1490 1491 1492 1493 1494 1495 1496 1497 1498 1499 1500 1501 1502 1503 1504 1505 1506 1507 1508 1509 1510 1511 1512 1513 1514 1515 1516 1517 1518 1519 1520 1521 1522 1523 1524 1525 1526 1527 1528 1529 1530 1531 1532 1533 1534 1535 1536 1537 1538 1539 1540 1541 1542 1543 1544 1545 1546 1547 1548 1549 1550 1551 1552 1553 1554 1555 1556 1557 1558 1559 1560 1561 1562 1563 1564 1565 1566 1567 1568 1569 1570 1571 1572 1573 1574 1575 1576 1577 1578 1579 1580 1581 1582 1583 1584 1585 1586 1587 1588 1589 1590 1591 1592 1593 1594 1595 1596 1597 1598 1599 1600 1601 1602 1603 1604 1605 1606 1607 1608 1609 1610 1611 1612 1613 1618 2424 -1
1454: 55 108 1456 1457 1458 1459 1460 1461 1462 1463 1464 1465 1466 1467 1468 1469 1470 1471 1472 1473 1474 1475 1476 1477 1478 1479 1480 1481 1482 1483 1484 1485 1486 1487 1488 1489 1490 1491 1492 1493 1494 1495 1496 1497 1498 1499 1500 1501 1502 1503 1504 1505 1506 1507 1508 1509 1510 1511 1512 1513 1514 1515 1516 1517 1518 1519 1520 1521 1522 1523 1524 1525 1526 1527 1528 1529 1530 1531 1532 1533 1534 1535 1536 1537 1538 1539 1540 1541 1542 1543 1544 1545 1546 1547 1548 1549 1550 1551 1552 1553 1554 1555 1556 1557 1558 1559 1560 1561 1562 1563 1564 1565 1566 1567 1568 1569 1570 1571 1572 1573 1574 1575 1576 1577 1578 1579 1580 1581 1582 1583 1584 1585 1586 1587 1588 1589 1590 1591 1592 1593 1594 1595 1596 1597 1598 1599 1600 1601 1602 1603 1604 1605 1606 1607 1608 1609 1610 1611 1612 1613 1618 2424 -1
1455: -1
1456: -1
1457: -1
1458: -1
1459: -1
1460: -1
1461: -1
1462: -1
1463: -1
1464: -1
1465: -1
1466: -1
1467: -1
1468: -1
1469: -1
1470: -1
1471: -1
1472: -1
1473: -1
1474: -1
1475: -1
1476: -1
1477: -1
1478: -1
1479: -1
1480: -1
1481: -1
1482: -1
1483: -1
1484: -1
1485: -1
1486: -1
1487: -1
1488: -1
1489: -1
1490: -1
1491: -1
1492: -1
1493: -1
1494: -1
1495: -1
1496: -1
1497: -1
1498: -1
1499: -1
1500: -1
1501: -1
1502: -1
1503: -1
1504: -1
1505: -1
1506: -1
1507: -1
1508: -1
1509: -1
1510: -1
1511: -1
1512: -1
1513: -1
1514: -1
1515: -1
1516: -1
1517: -1
1518: -1
1519: -1
1520: -1
1521: -1
1522: -1
1523: -1
1524: -1
1525: -1
1526: -1
1527: -1
1528: -1
1529: -1
1530: -1
1531: -1
1532: -1
1533: -1
1534: -1
1535: -1
1536: -1
1537: -1
1538: -1
1539: -1
1540: -1
1541: -1
1542: -1
1543: -1
1544: -1
1545: -1
1546: -1
1547: -1
1548: -1
1549: -1
1550: -1
1551: -1
1552: -1
1553: -1
1554: -1
1555: -1
1556: -1
1557: -1
1558: -1
1559: -1
1560: -1
1561: -1
1562: -1
1563: -1
1564: -1
1565: -1
1566: -1
1567: -1
1568: -1
1569: -1
1570: -1
1571: -1
1572: -1
1573: -1
1574: -1
1575: -1
1576: -1
1577: -1
1578: -1
1579: -1
1580: -1
1581: -1
1582: -1
1583: -1
1584: -1
1585: -1
1586: -1
1587: -1
1588: -1
1589: -1
1590: -1
1591: -1
1592: -1
1593: -1
1594: -1
1595: -1
1596: -1
1597: -1
1598: -1
1599: -1
1600: -1
1601: -1
1602: -1
1603: -1
1604: -1
1605: -1
1606: -1
1607: -1
1608: -1
1609: -1
1610: -1
1611: -1
1612: -1
1613: -1
1614: 55 1618 -1
1615: 55 2424 -1
1616: -1
1617: -1
1618: -1
1619: -1
1620: -1
1621: -1
1622: -1
1623: -1
1624: -1
1625: -1
1626: -1
1627: -1
1628: -1
1629: -1
1630: -1
1631: -1
1632: -1
1633: -1
1634: -1
1635: -1
1636: -1
1637: -1
1638: -1
1639: -1
1640: -1
1641: -1
1642: -1
1643: -1
1644: -1
1645: -1
1646: -1
1647: -1
1648: -1
1649: -1
1650: -1
1651: -1
1652: -1
1653: -1
1654: -1
1655: -1
1656: -1
1657: -1
1658: -1
1659: 61 -1
1660: 61 -1
1661: 61 1660 1664 2213 -1
1662: 61 293 639 641 711 712 716 1156 1637 1665 1673 2427 2743 3175 -1
1663: 61 -1
1664: -1
1665: -1
1666: -1
1667: -1
1668: -1
1669: -1
1670: -1
1671: -1
1672: -1
1673: -1
1674: -1
1675: -1
1676: -1
1677: -1
1678: -1
1679: -1
1680: -1
1681: -1
1682: -1
1683: -1
1684: -1
1685: -1
1686: 792 809 1692 1719 1720 1725 -1
1687: -1
1688: -1
1689: 64 801 802 806 1030 1686 1687 1688 1717 -1
1690: 64 1686 1687 1688 -1
1691: 64 1686 1687 1688 -1
1692: 64 1686 1687 1688 1722 -1
1693: 64 1686 1687 1688 -1
1694: 64 1686 1687 1688 -1
1695: 64 1686 1687 1688 1721 -1
1696: 64 1686 1687 1688 -1
1697: 64 1686 1687 1688 -1
1698: 64 297 1284 1677 1686 1687 1688 1718 -1
1699: 64 1686 1687 1688 -1
1700: 64 1686 1687 1688 -1
1701: 64 1686 1687 1688 -1
1702: 64 1686 1687 1688 -1
1703: 64 1686 1687 1688 -1
1704: 64 1686 1687 1688 -1
1705: 64 1686 1687 1688 -1
1706: 64 1686 1687 1688 -1
1707: 64 1686 1687 1688 -1
1708: 64 1686 1687 1688 -1
1709: 64 1686 1687 1688 -1
1710: 64 1686 1687 1688 -1
1711: 64 1686 1687 1688 -1
1712: 64 340 638 802 1035 1686 1687 1688 2181 3028 3029 3033 3116 -1
1713: 64 1686 1687 1688 -1
1714: 64 1686 1687 1688 -1
1715: 64 1686 1687 1688 -1
1716: 64 1686 1687 1688 -1
1717: 64 1686 1687 1688 -1
1718: -1
1719: -1
1720: 1724 -1
1721: -1
1722: -1
1723: -1
1724: -1
1725: -1
1726: 262 549 569 572 575 779 951 978 1346 1740 1819 1852 2044 2087 2093 2657 2765 -1
1727: -1
1728: 65 -1
1729: 65 84 1726 1727 -1
1730: -1
1731: -1
1732: -1
1733: -1
1734: -1
1735: -1
1736: 66 -1
1737: 66 -1
1738: 66 -1
1739: 66 -1
1740: 66 1742 1748 -1
1741: 66 1742 1840 1842 1854 -1
1742: 66 1244 1739 1740 1741 1749 1753 1754 1800 1827 1829 3168 3169 -1
1743: 66 103 228 1739 1740 1742 1748 1800 1801 1827 1829 1840 1854 2281 2283 2306 2315 2317 2928 -1
1744: 66 -1
1745: 66 1806 1807 1840 1854 -1
1746: 66 -1
1747: 66 1742 1748 1749 1754 1827 1840 1854 -1
1748: 66 239 1801 1808 1820 1827 1830 1840 1845 1850 1854 2990 -1
1749: 66 1742 1747 1827 1843 -1
1750: 66 1836 1849 -1
1751: 66 1739 1741 1742 1748 1749 1754 1800 1807 1819 1829 -1
1752: 66 1742 1747 1749 1806 1808 1809 1814 1819 1827 1830 1835 1837 1838 1839 1840 1842 1844 1852 1853 1854 2701 2990 3113 -1
1753: 66 1739 1742 1747 1749 1800 1813 1818 1819 1827 1829 1830 1835 1837 1840 1842 1843 1847 1851 1854 -1
1754: 66 512 711 995 1180 1261 1439 1674 1742 1748 2034 2426 2689 2690 -1
1755: 66 -1
1756: 66 2031 2034 -1
1757: 66 -1
1758: 66 638 1764 2093 2516 2654 -1
1759: 66 -1
1760: 66 332 779 1685 1806 1840 1850 1854 2087 2093 2544 -1
1761: 66 801 1740 -1
1762: 66 1748 2093 2657 3109 -1
1763: 66 1764 -1
1764: 66 2093 -1
1765: 66 1748 1806 1852 -1
1766: 66 286 564 638 779 1845 2087 2093 2178 -1
1767: 66 2053 -1
1768: 66 -1
1769: 66 638 1742 1806 -1
1770: 66 -1
1771: 66 -1
1772: 66 1840 -1
1773: 66 1764 -1
1774: 66 1764 -1
1775: 66 -1
1776: 66 -1
1777: 66 -1
1778: 66 -1
1779: 66 -1
1780: 66 262 549 575 638 1742 1745 1748 1808 1819 1835 1855 2087 -1
1781: 66 182 338 498 549 795 1055 1271 1322 1669 1806 1807 1808 1820 1830 1840 1847 1854 2029 2087 2410 2525 2590 2745 2916 -1
1782: 66 1180 1741 1828 1830 1834 1840 1846 1850 1854 -1
1783: 66 182 302 313 485 561 620 710 711 721 722 725 726 727 738 772 821 1042 1166 1245 1267 1296 1315 1317 1419 1633 1645 1647 1656 1665 1673 1675 1745 1801 1806 1814 1819 1825 1830 1831 1835 1838 1840 1845 1854 1939 1982 2022 2220 2228 2520 2523 2695 2738 2752 2759 3115 3170 -1
1784: 66 1738 1811 1812 1822 1823 1824 -1
1785: 66 -1
1786: 66 1735 1803 1808 1809 1814 1825 1830 1840 1844 1854 -1
1787: 66 1735 1778 1808 1814 1816 1819 1825 1828 1830 1834 1835 1836 1837 1840 1843 1845 1848 1852 1854 -1
1788: 66 103 182 293 368 381 396 512 565 608 611 615 622 625 658 716 721 762 773 774 784 896 907 911 948 996 1021 1042 1059 1061 1064 1065 1066 1067 1069 1073 1074 1079 1180 1186 1191 1210 1225 1230 1235 1315 1317 1430 1431 1656 1681 1803 1806 1949 1999 2000 2022 2023 2024 2053 2093 2178 2213 2240 2338 2362 2370 2433 2458 2558 2648 2667 2668 2913 2934 2936 2937 2958 2989 3020 3170 -1
1789: 66 1808 1809 1815 1819 1825 1827 1830 1840 1842 1844 1847 1851 1852 1853 1854 1855 -1
1790: 66 1346 1664 1674 1735 1787 1801 1808 1816 1819 1835 -1
1791: 66 1738 1742 1754 1803 1811 1812 1822 1823 1824 1827 1840 1841 -1
1792: 66 1742 1827 -1
1793: 66 1742 1749 1801 1808 1825 1835 -1
1794: 66 1735 1808 1809 1813 1816 1827 1828 1832 1834 1835 1839 1840 1844 1847 1854 -1
1795: 66 302 1847 -1
1796: 1830 1840 1854 2990 -1
1797: 66 1180 1735 1738 1778 1801 1803 1808 1811 1812 1814 1816 1819 1822 1823 1824 1830 1833 1835 1840 1848 1851 1853 1854 1855 -1
1798: 66 239 638 1807 1813 1819 1827 1839 2087 -1
1799: 66 1827 1835 -1
1800: 66 987 1809 1819 1835 1853 -1
1801: 66 1797 1808 1827 -1
1802: 66 1806 -1
1803: 66 1809 -1
1804: 66 -1
1805: 1738 1790 1803 1811 1812 1814 1822 1823 1824 -1
1806: 66 1741 1742 1745 1747 1749 1801 1826 1827 1837 1845 1850 1855 -1
1807: -1
1808: -1
1809: -1
1810: -1
1811: -1
1812: -1
1813: -1
1814: -1
1815: -1
1816: 1852 -1
1817: 1832 -1
1818: 1749 1753 1778 1801 1826 1827 1840 1848 1854 -1
1819: -1
1820: -1
1821: -1
1822: -1
1823: -1
1824: -1
1825: -1
1826: -1
1827: 1742 1747 1801 1830 1840 1845 1851 1854 -1
1828: -1
1829: 1742 1748 1754 -1
1830: -1
1831: -1
1832: -1
1833: -1
1834: -1
1835: -1
1836: -1
1837: -1
1838: -1
1839: -1
1840: -1
1841: -1
1842: -1
1843: -1
1844: -1
1845: -1
1846: -1
1847: -1
1848: -1
1849: -1
1850: -1
1851: -1
1852: -1
1853: -1
1854: -1
1855: 2008 -1
1856: 67 562 1157 1164 1414 1857 1859 1860 1862 1867 1868 1869 1871 1872 -1
1857: -1
1858: -1
1859: -1
1860: -1
1861: 298 -1
1862: -1
1863: -1
1864: -1
1865: -1
1866: -1
1867: -1
1868: -1
1869: -1
1870: -1
1871: -1
1872: -1
1873: -1
1874: -1
1875: -1
1876: -1
1877: -1
1878: -1
1879: -1
1880: -1
1881: 88 876 1230 1232 1348 1887 1978 2087 2115 2116 2117 2123 -1
1882: 1232 -1
1883: -1
1884: -1
1885: -1
1886: -1
1887: 69 -1
1888: 69 -1
1889: -1
1890: -1
1891: 69 -1
1892: 69 -1
1893: 69 -1
1894: 69 224 676 874 888 1882 1883 1884 1886 1889 1890 2387 2543 2676 2756 3081 -1
1895: 69 -1
1896: 70 78 182 191 204 217 235 238 256 279 288 290 368 381 387 393 396 477 498 529 564 565 582 611 613 616 620 625 626 629 637 640 642 649 653 688 701 721 772 784 792 802 803 809 855 867 868 869 870 876 878 881 883 885 887 902 912 917 918 920 922 940 948 1001 1005 1007 1042 1059 1060 1061 1064 1065 1066 1067 1069 1073 1079 1141 1150 1172 1180 1185 1186 1190 1191 1194 1197 1198 1235 1287 1296 1312 1315 1317 1324 1394 1419 1431 1633 1634 1647 1656 1673 1677 1847 1854 1875 1939 1949 1991 1999 2000 2022 2023 2024 2031 2034 2093 2171 2200 2213 2216 2220 2228 2229 2233 2240 2279 2410 2500 2514 2524 2525 2536 2571 2575 2590 2648 2649 2728 2743 2890 2891 2902 2909 2942 2944 2965 2967 2989 2998 2999 3000 3020 3176 3177 3178 3209 3210 3221 -1
1897: -1
1898: 1899 1900 -1
1899: -1
1900: -1
1901: 71 -1
1902: 71 368 595 1186 1913 1914 1916 2370 2942 2944 -1
1903: 71 1913 1915 1918 2034 -1
1904: 71 1908 1909 1910 1915 1918 -1
1905: 71 1913 1915 1918 -1
1906: 71 -1
1907: 71 1913 -1
1908: 1905 1906 1907 1913 1915 1918 2087 2564 2990 -1
1909: -1
1910: -1
1911: -1
1912: -1
1913: -1
1914: -1
1915: -1
1916: -1
1917: -1
1918: 1915 -1
1919: -1
1920: -1
1921: -1
1922: -1
1923: 1925 -1
1924: -1
1925: -1
1926: -1
1927: 73 -1
1928: -1
1929: -1
1930: -1
1931: -1
1932: -1
1933: -1
1934: -1
1935: 1929 -1
1936: -1
1937: -1
1938: -1
1939: -1
1940: -1
1941: -1
1942: -1
1943: -1
1944: -1
1945: 74 1274 1296 2503 2517 -1
1946: 74 -1
1947: 1948 1949 1950 -1
1948: -1
1949: -1
1950: -1
1951: 772 1947 1949 1950 -1
1952: 75 512 586 589 599 602 603 642 709 784 933 950 1001 1042 1055 1163 1180 1267 1394 1674 1677 1819 1967 1968 1999 2000 2034 2073 2087 2213 2220 2426 2491 2590 2668 2743 2896 2898 2958 3167 3170 -1
1953: -1
1954: -1
1955: -1
1956: -1
1957: -1
1958: -1
1959: -1
1960: -1
1961: -1
1962: -1
1963: -1
1964: -1
1965: -1
1966: -1
1967: -1
1968: 1967 -1
1969: 76 -1
1970: 76 -1
1971: 76 -1
1972: 76 -1
1973: 76 -1
1974: 76 -1
1975: 76 -1
1976: 76 -1
1977: 76 -1
1978: 76 -1
1979: 76 1933 1999 2000 -1
1980: -1
1981: -1
1982: -1
1983: -1
1984: 77 1986 1995 1997 1998 3182 3188 -1
1985: 77 -1
1986: -1
1987: -1
1988: -1
1989: -1
1990: -1
1991: -1
1992: -1
1993: -1
1994: -1
1995: -1
1996: -1
1997: -1
1998: -1
1999: -1
2000: -1
2001: -1
2002: 79 876 878 887 3174 -1
2003: -1
2004: -1
2005: 1055 1282 1284 2370 2386 -1
2006: -1
2007: -1
2008: 246 1171 1825 1847 -1
2009: -1
2010: -1
2011: -1
2012: -1
2013: 632 638 639 818 2087 2093 -1
2014: 81 272 413 421 521 546 2137 2149 2150 2153 2155 -1
2015: 81 971 2017 -1
2016: 81 546 969 1094 2017 2138 2155 -1
2017: -1
2018: 2213 -1
2019: 438 446 545 546 568 573 1081 1082 1827 1864 2133 2138 2151 2152 2155 2206 2769 -1
2020: -1
2021: -1
2022: -1
2023: 2024 -1
2024: -1
2025: -1
2026: 2029 -1
2027: -1
2028: 2036 2038 2040 -1
2029: -1
2030: -1
2031: -1
2032: -1
2033: -1
2034: -1
2035: -1
2036: -1
2037: -1
2038: 2036 -1
2039: -1
2040: -1
2041: 84 -1
2042: -1
2043: -1
2044: -1
2045: -1
2046: -1
2047: 85 241 270 599 749 964 1753 2068 2334 2576 2700 2796 -1
2048: -1
2049: -1
2050: -1
2051: -1
2052: -1
2053: -1
2054: -1
2055: -1
2056: -1
2057: -1
2058: -1
2059: -1
2060: -1
2061: -1
2062: -1
2063: -1
2064: -1
2065: -1
2066: -1
2067: -1
2068: -1
2069: -1
2070: -1
2071: -1
2072: -1
2073: -1
2074: -1
2075: -1
2076: -1
2077: -1
2078: -1
2079: -1
2080: -1
2081: -1
2082: -1
2083: -1
2084: -1
2085: -1
2086: -1
2087: -1
2088: 2085 -1
2089: -1
2090: -1
2091: -1
2092: 2085 -1
2093: -1
2094: -1
2095: -1
2096: 2085 -1
2097: -1
2098: -1
2099: -1
2100: -1
2101: -1
2102: -1
2103: -1
2104: -1
2105: -1
2106: -1
2107: -1
2108: -1
2109: -1
2110: -1
2111: 88 1443 -1
2112: 2114 -1
2113: 473 2114 -1
2114: -1
2115: -1
2116: -1
2117: 1232 -1
2118: -1
2119: -1
2120: -1
2121: -1
2122: -1
2123: 2119 -1
2124: 1443 -1
2125: -1
2126: 89 -1
2127: 272 1232 2712 -1
2128: 258 272 282 574 1864 2135 2148 2149 2150 2154 -1
2129: -1
2130: -1
2131: -1
2132: -1
2133: -1
2134: -1
2135: -1
2136: -1
2137: -1
2138: -1
2139: -1
2140: -1
2141: -1
2142: -1
2143: -1
2144: -1
2145: -1
2146: -1
2147: 2140 -1
2148: -1
2149: -1
2150: -1
2151: -1
2152: -1
2153: -1
2154: -1
2155: -1
2156: -1
2157: -1
2158: -1
2159: -1
2160: 2162 2185 -1
2161: -1
2162: -1
2163: -1
2164: -1
2165: -1
2166: -1
2167: 2160 2172 -1
2168: -1
2169: -1
2170: -1
2171: -1
2172: 2159 -1
2173: -1
2174: -1
2175: -1
2176: -1
2177: -1
2178: -1
2179: -1
2180: 698 2168 2169 2171 2172 -1
2181: -1
2182: -1
2183: -1
2184: -1
2185: -1
2186: 2187 -1
2187: -1
2188: 91 466 582 589 599 601 602 603 642 644 716 878 917 973 975 976 977 979 981 989 994 1180 1444 1852 1939 2034 2190 2191 2195 2196 2240 2409 2537 2558 2959 3020 -1
2189: 465 575 2190 2278 -1
2190: -1
2191: -1
2192: -1
2193: -1
2194: -1
2195: -1
2196: -1
2197: -1
2198: -1
2199: -1
2200: -1
2201: -1
2202: -1
2203: -1
2204: 2202 -1
2205: -1
2206: -1
2207: -1
2208: -1
2209: -1
2210: -1
2211: -1
2212: -1
2213: -1
2214: 94 616 1256 2219 -1
2215: -1
2216: -1
2217: -1
2218: -1
2219: -1
2220: -1
2221: -1
2222: -1
2223: -1
2224: -1
2225: -1
2226: -1
2227: -1
2228: -1
2229: -1
2230: 2223 -1
2231: -1
2232: -1
2233: -1
2234: -1
2235: -1
2236: -1
2237: -1
2238: -1
2239: -1
2240: -1
2241: 2237 -1
2242: 98 320 517 569 572 1196 2087 2245 2246 2247 -1
2243: -1
2244: 2250 -1
2245: -1
2246: -1
2247: -1
2248: 288 291 2130 -1
2249: -1
2250: -1
2251: -1
2252: -1
2253: 99 -1
2254: 99 -1
2255: 99 -1
2256: 99 -1
2257: -1
2258: -1
2259: -1
2260: 2262 -1
2261: -1
2262: -1
2263: 2257 2258 2261 2264 2266 2268 -1
2264: -1
2265: -1
2266: -1
2267: -1
2268: -1
2269: -1
2270: -1
2271: -1
2272: -1
2273: -1
2274: -1
2275: 2276 -1
2276: -1
2277: -1
2278: -1
2279: -1
2280: 2279 -1
2281: -1
2282: 103 -1
2283: -1
2284: 103 -1
2285: 103 -1
2286: 103 1897 -1
2287: 103 -1
2288: 103 -1
2289: 103 -1
2290: 103 -1
2291: 103 -1
2292: 103 -1
2293: 103 -1
2294: 103 -1
2295: 103 -1
2296: 103 320 2352 2361 -1
2297: 103 -1
2298: 103 -1
2299: 103 -1
2300: 103 309 -1
2301: 103 2348 -1
2302: 103 2348 -1
2303: 103 2348 -1
2304: 103 2348 -1
2305: 103 -1
2306: -1
2307: 103 -1
2308: 103 -1
2309: 103 -1
2310: 103 -1
2311: 103 -1
2312: 103 -1
2313: 103 -1
2314: 103 -1
2315: -1
2316: 103 -1
2317: -1
2318: 103 -1
2319: 103 -1
2320: 103 -1
2321: 103 -1
2322: 103 -1
2323: 103 132 219 226 227 229 231 233 236 305 2302 2346 2353 2355 2362 2696 2892 2894 2896 2898 -1
2324: 103 -1
2325: 103 -1
2326: 103 2348 -1
2327: 103 -1
2328: 103 -1
2329: 103 -1
2330: 103 -1
2331: 103 -1
2332: 103 2336 2337 2338 2339 2341 2342 2343 2347 2348 2349 2356 2357 2363 -1
2333: 103 269 2336 2337 2338 2339 2340 2341 2342 2343 2347 2348 2349 2356 2357 2363 2512 -1
2334: 103 2355 -1
2335: 103 -1
2336: -1
2337: -1
2338: -1
2339: -1
2340: -1
2341: -1
2342: -1
2343: -1
2344: 1180 1643 1669 -1
2345: 2354 -1
2346: -1
2347: -1
2348: -1
2349: -1
2350: -1
2351: -1
2352: -1
2353: -1
2354: -1
2355: -1
2356: -1
2357: -1
2358: -1
2359: -1
2360: -1
2361: 2352 -1
2362: -1
2363: -1
2364: 104 -1
2365: -1
2366: -1
2367: -1
2368: -1
2369: -1
2370: -1
2371: -1
2372: -1
2373: -1
2374: -1
2375: -1
2376: -1
2377: -1
2378: -1
2379: 1055 1281 1679 1681 2370 -1
2380: -1
2381: -1
2382: -1
2383: -1
2384: -1
2385: -1
2386: -1
2387: -1
2388: -1
2389: 106 2395 2397 2398 -1
2390: 106 -1
2391: 106 -1
2392: -1
2393: -1
2394: -1
2395: 2397 -1
2396: -1
2397: -1
2398: -1
2399: -1
2400: -1
2401: 107 2402 2403 2404 2405 2406 2407 2408 2411 2412 2413 2414 2415 2416 2417 2418 2419 2420 -1
2402: -1
2403: -1
2404: -1
2405: -1
2406: -1
2407: -1
2408: -1
2409: -1
2410: -1
2411: -1
2412: -1
2413: -1
2414: -1
2415: -1
2416: -1
2417: -1
2418: -1
2419: -1
2420: -1
2421: -1
2422: -1
2423: -1
2424: -1
2425: 108 1456 1457 1458 1459 1460 1461 1462 1463 1464 1465 1466 1467 1468 1469 1470 1471 1472 1473 1474 1475 1476 1477 1478 1479 1480 1481 1482 1483 1484 1485 1486 1487 1488 -1
2426: -1
2427: 712 -1
2428: -1
2429: -1
2430: -1
2431: -1
2432: -1
2433: -1
2434: 111 -1
2435: 111 -1
2436: 111 2434 2456 -1
2437: 111 1441 2438 2461 -1
2438: 111 -1
2439: 111 -1
2440: 111 -1
2441: 111 2438 2440 -1
2442: 111 2443 2445 -1
2443: 111 -1
2444: 111 -1
2445: 111 2442 -1
2446: 111 2442 -1
2447: 111 2442 -1
2448: 111 2443 -1
2449: 111 -1
2450: 111 -1
2451: 111 917 1435 -1
2452: 111 2444 -1
2453: 111 121 1434 2249 2512 2568 2726 -1
2454: 111 -1
2455: -1
2456: -1
2457: -1
2458: -1
2459: -1
2460: 2457 -1
2461: -1
2462: 112 1299 1300 1301 1302 1303 1308 1309 1310 1311 1312 1313 1314 2464 2465 2468 2469 2470 -1
2463: -1
2464: -1
2465: -1
2466: -1
2467: -1
2468: -1
2469: -1
2470: -1
2471: 113 2487 2488 2489 2490 2491 2495 -1
2472: 113 2487 2488 2489 2490 2491 -1
2473: 113 2487 2488 2489 2490 2491 -1
2474: 113 387 393 772 2487 2488 2489 2490 2491 2495 2496 2913 -1
2475: 113 1163 1167 1673 2487 2488 2489 2490 2491 2495 2500 -1
2476: 113 2487 2488 2489 2490 2491 2495 -1
2477: 113 2487 2488 2489 2490 2491 2495 -1
2478: 113 2487 2488 2489 2490 2491 2495 -1
2479: 113 182 582 2022 2487 2488 2489 2490 2491 2495 2590 2648 -1
2480: 113 2487 2488 2489 2490 2491 -1
2481: 113 2487 2488 2489 2490 2491 2495 -1
2482: 113 2487 2488 2489 2490 2491 2495 2999 -1
2483: 113 2487 2488 2489 2490 2491 2495 -1
2484: 113 2487 2488 2489 2490 2491 2998 -1
2485: 113 2487 2488 2489 2490 2491 -1
2486: 113 981 1180 2487 2488 2489 2490 2491 -1
2487: -1
2488: -1
2489: -1
2490: -1
2491: -1
2492: 113 2487 2488 2489 2490 2491 -1
2493: -1
2494: -1
2495: -1
2496: -1
2497: -1
2498: -1
2499: -1
2500: -1
2501: -1
2502: -1
2503: 114 497 540 551 571 1085 1169 1278 1281 1290 1292 1679 1858 2798 3115 -1
2504: 114 -1
2505: 182 328 331 333 334 338 345 822 1272 -1
2506: -1
2507: -1
2508: -1
2509: 115 -1
2510: 115 600 721 722 1180 1197 1198 1242 1255 1261 2220 2234 2524 2525 2590 2591 2938 -1
2511: -1
2512: -1
2513: -1
2514: -1
2515: -1
2516: -1
2517: 2512 -1
2518: -1
2519: -1
2520: 2523 -1
2521: -1
2522: -1
2523: -1
2524: -1
2525: -1
2526: -1
2527: -1
2528: -1
2529: -1
2530: -1
2531: -1
2532: -1
2533: -1
2534: -1
2535: -1
2536: 638 -1
2537: -1
2538: -1
2539: -1
2540: -1
2541: -1
2542: -1
2543: -1
2544: -1
2545: -1
2546: -1
2547: -1
2548: 121 2568 -1
2549: 121 2568 -1
2550: 121 1030 -1
2551: 121 -1
2552: 121 2571 2572 2575 2576 2577 -1
2553: 121 1185 2087 2556 2559 2560 2562 2563 2564 2567 2571 2572 2574 2575 2576 -1
2554: 121 2562 2564 2571 2575 -1
2555: -1
2556: -1
2557: -1
2558: -1
2559: -1
2560: -1
2561: -1
2562: -1
2563: 1394 2561 2573 2574 -1
2564: -1
2565: -1
2566: 633 642 643 985 1826 2135 2148 2156 2377 2571 2575 2958 -1
2567: -1
2568: 2555 2561 2569 2574 2578 -1
2569: -1
2570: -1
2571: -1
2572: -1
2573: -1
2574: -1
2575: -1
2576: -1
2577: 2567 2571 2575 -1
2578: -1
2579: 122 288 290 716 784 876 877 917 950 960 969 1002 1015 1088 1227 1231 1233 1235 1237 1315 1317 1439 1827 1852 1864 1926 2034 2053 2213 2367 2377 2378 2558 2582 2589 2590 2668 2689 2717 2738 2739 2743 2746 2747 2958 3174 3175 -1
2580: -1
2581: -1
2582: -1
2583: 2581 -1
2584: 123 -1
2585: 123 1635 2368 2370 2590 -1
2586: 123 2959 -1
2587: 123 302 642 794 801 808 878 950 976 987 1000 1012 1054 1124 1180 1181 1197 1198 1202 1204 1235 1305 1316 1394 1434 1674 1923 1925 2034 2053 2359 2370 2580 2590 2679 2717 2738 2958 3175 -1
2588: 123 262 278 288 293 302 411 413 551 552 582 599 626 639 642 643 784 788 792 809 883 951 958 961 973 976 984 987 988 991 992 994 995 996 997 1067 1069 1073 1124 1127 1134 1180 1181 1394 1640 1852 1865 1898 1899 1913 1936 1948 2022 2027 2030 2034 2087 2103 2359 2365 2368 2378 2426 2513 2516 2517 2570 2590 2591 2738 2741 2742 2743 2958 2988 2989 3117 -1
2589: -1
2590: -1
2591: -1
2592: -1
2593: 2592 -1
2594: 124 2293 2321 2603 2604 2605 2606 2607 2608 2609 2610 2611 2612 2613 2614 2615 2616 2617 2618 2619 2620 2621 2622 2630 2631 2632 2633 2634 2635 2636 2637 2638 2640 2641 2642 2643 2644 2645 2646 2647 -1
2595: 124 2293 2321 2603 2604 2605 2606 2607 2608 2609 2610 2611 2612 2613 2614 2615 2616 2617 2618 2619 2620 2621 2622 2630 2631 2632 2633 2634 2635 2636 2637 2638 2640 2641 2642 2643 2644 2645 2646 2647 -1
2596: 124 2293 2321 2603 2604 2605 2606 2607 2608 2609 2610 2611 2612 2613 2614 2615 2616 2617 2618 2619 2620 2621 2622 2630 2631 2632 2633 2634 2635 2636 2637 2638 2640 2641 2642 2643 2644 2645 2646 2647 -1
2597: 124 2293 2321 2603 2604 2605 2606 2607 2608 2609 2610 2611 2612 2613 2614 2615 2616 2617 2618 2619 2620 2621 2622 2630 2631 2632 2633 2634 2635 2636 2637 2638 2640 2641 2642 2643 2644 2645 2646 2647 -1
2598: 124 2293 2321 2603 2604 2605 2606 2607 2608 2609 2610 2611 2612 2613 2614 2615 2616 2617 2618 2619 2620 2621 2622 2630 2631 2632 2633 2634 2635 2636 2637 2638 2640 2641 2642 2643 2644 2645 2646 2647 -1
2599: 124 2293 2321 2603 2604 2605 2606 2607 2608 2609 2610 2611 2612 2613 2614 2615 2616 2617 2618 2619 2620 2621 2622 2630 2631 2632 2633 2634 2635 2636 2637 2638 2640 2641 2642 2643 2644 2645 2646 2647 -1
2600: 124 2293 2321 2603 2604 2605 2606 2607 2608 2609 2610 2611 2612 2613 2614 2615 2616 2617 2618 2619 2620 2621 2622 2630 2631 2632 2633 2634 2635 2636 2637 2638 2640 2641 2642 2643 2644 2645 2646 2647 -1
2601: 124 2293 2321 2603 2604 2605 2606 2607 2608 2609 2610 2611 2612 2613 2614 2615 2616 2617 2618 2619 2620 2621 2622 2630 2631 2632 2633 2634 2635 2636 2637 2638 2640 2641 2642 2643 2644 2645 2646 2647 -1
2602: 242 818 2639 -1
2603: -1
2604: -1
2605: -1
2606: -1
2607: -1
2608: -1
2609: -1
2610: -1
2611: -1
2612: -1
2613: -1
2614: -1
2615: -1
2616: -1
2617: -1
2618: -1
2619: -1
2620: -1
2621: -1
2622: -1
2623: 124 2293 2321 2605 2606 2607 2608 2609 2610 2611 2612 2613 2614 2615 2616 2618 2619 2620 2621 2622 2630 2631 2632 2633 2634 2635 2636 2637 2638 2640 2641 2642 2643 2644 2645 2646 2647 -1
2624: 124 2293 2321 2605 2606 2607 2608 2609 2610 2611 2612 2613 2614 2615 2616 2618 2619 2620 2621 2622 2630 2631 2632 2633 2634 2635 2636 2637 2638 2640 2641 2642 2643 2644 2645 2646 2647 -1
2625: 124 2293 2321 2605 2606 2607 2608 2609 2610 2611 2612 2613 2614 2615 2616 2618 2619 2620 2621 2622 2630 2631 2632 2633 2634 2635 2636 2637 2638 2640 2641 2642 2643 2644 2645 2646 2647 -1
2626: 124 2293 2321 2605 2606 2607 2608 2609 2610 2611 2612 2613 2614 2615 2616 2618 2619 2620 2621 2622 2630 2631 2632 2633 2634 2635 2636 2637 2638 2640 2641 2642 2643 2644 2645 2646 2647 -1
2627: 124 2293 2321 2605 2606 2607 2608 2609 2610 2611 2612 2613 2614 2615 2616 2618 2619 2620 2621 2622 2630 2631 2632 2633 2634 2635 2636 2637 2638 2640 2641 2642 2643 2644 2645 2646 2647 -1
2628: 124 2293 2321 2605 2606 2607 2608 2609 2610 2611 2612 2613 2614 2615 2616 2618 2619 2620 2621 2622 2630 2631 2632 2633 2634 2635 2636 2637 2638 2640 2641 2642 2643 2644 2645 2646 2647 -1
2629: 124 2293 2321 2605 2606 2607 2608 2609 2610 2611 2612 2613 2614 2615 2616 2618 2619 2620 2621 2622 2630 2631 2632 2633 2634 2635 2636 2637 2638 2640 2641 2642 2643 2644 2645 2646 2647 -1
2630: -1
2631: -1
2632: -1
2633: -1
2634: -1
2635: -1
2636: -1
2637: -1
2638: -1
2639: -1
2640: -1
2641: -1
2642: -1
2643: -1
2644: -1
2645: -1
2646: -1
2647: -1
2648: -1
2649: -1
2650: -1
2651: -1
2652: -1
2653: 2652 -1
2654: -1
2655: -1
2656: -1
2657: -1
2658: -1
2659: -1
2660: -1
2661: -1
2662: -1
2663: -1
2664: 128 2670 2671 2678 -1
2665: 128 2670 2671 2672 2673 2675 2676 2677 2678 -1
2666: 128 2670 2671 2672 2673 2675 2676 2677 2678 -1
2667: -1
2668: -1
2669: 2679 -1
2670: -1
2671: -1
2672: -1
2673: -1
2674: -1
2675: -1
2676: -1
2677: -1
2678: -1
2679: -1
2680: -1
2681: -1
2682: -1
2683: -1
2684: -1
2685: -1
2686: 2688 -1
2687: 2684 -1
2688: -1
2689: -1
2690: 2689 -1
2691: 515 524 525 530 533 2692 2694 2738 2743 -1
2692: 131 524 2738 2743 -1
2693: -1
2694: -1
2695: -1
2696: -1
2697: 132 220 234 244 245 2304 2305 2346 2696 2702 2703 2705 2706 2707 2708 2709 2715 -1
2698: 132 234 2305 2346 2715 -1
2699: 132 234 2305 2346 2715 -1
2700: 132 306 2304 2346 2897 2899 -1
2701: -1
2702: -1
2703: 243 -1
2704: -1
2705: -1
2706: -1
2707: -1
2708: -1
2709: -1
2710: -1
2711: -1
2712: -1
2713: -1
2714: -1
2715: -1
2716: -1
2717: -1
2718: 1180 -1
2719: -1
2720: -1
2721: -1
2722: 2721 -1
2723: 135 2724 -1
2724: -1
2725: -1
2726: -1
2727: -1
2728: 2083 -1
2729: 137 -1
2730: 137 -1
2731: 137 -1
2732: 137 -1
2733: 137 256 1287 -1
2734: 137 -1
2735: 137 -1
2736: 137 -1
2737: 137 2741 2742 2743 -1
2738: -1
2739: -1
2740: -1
2741: -1
2742: -1
2743: -1
2744: -1
2745: -1
2746: -1
2747: -1
2748: 138 2753 2754 2755 2760 2761 3039 -1
2749: 138 -1
2750: 138 2754 2755 2760 2761 -1
2751: -1
2752: -1
2753: -1
2754: -1
2755: -1
2756: -1
2757: -1
2758: -1
2759: -1
2760: -1
2761: -1
2762: 639 1278 1281 1283 1289 1292 1679 2178 2763 2765 -1
2763: -1
2764: -1
2765: -1
2766: 141 -1
2767: -1
2768: -1
2769: 142 2019 2770 2771 2772 2773 2774 2775 2776 2777 2778 2780 2781 2782 2783 2784 2785 2786 2787 2790 2791 2792 2793 2800 2801 2802 2803 2804 2805 2806 2807 2810 2811 -1
2770: 2789 -1
2771: -1
2772: -1
2773: 2812 -1
2774: 2795 -1
2775: -1
2776: 2812 -1
2777: -1
2778: 2812 -1
2779: -1
2780: 2789 -1
2781: -1
2782: 2789 2809 -1
2783: 2789 2809 -1
2784: -1
2785: -1
2786: -1
2787: 2812 -1
2788: -1
2789: -1
2790: -1
2791: -1
2792: -1
2793: -1
2794: -1
2795: -1
2796: -1
2797: 3026 3027 -1
2798: -1
2799: -1
2800: 281 2812 2996 -1
2801: 2788 2795 2799 2809 2812 -1
2802: -1
2803: 2812 -1
2804: 2795 2799 2809 2812 -1
2805: -1
2806: 2809 -1
2807: 1625 2812 -1
2808: -1
2809: -1
2810: 1625 -1
2811: 2789 2809 -1
2812: -1
2813: 2832 2834 2865 2868 -1
2814: 2834 2865 2868 -1
2815: 2834 2865 2868 -1
2816: 2834 2865 2868 -1
2817: 2834 2865 2868 -1
2818: 2832 2834 2865 2868 -1
2819: 2834 2865 2868 -1
2820: 143 2813 2814 2815 2816 2817 2818 2819 2821 2822 2823 2824 2827 2828 2829 2831 2833 2834 2836 2837 2838 2839 2840 2841 2842 2843 2844 2845 2848 2849 2850 2851 2852 2853 2854 2855 2856 2857 2858 2859 2860 2861 2862 2863 2864 2865 2866 2867 2869 2870 2871 2872 2873 2874 2875 2876 2877 2878 2879 2880 2881 2882 2883 2884 2885 2886 2887 2889 -1
2821: 2834 2865 2868 -1
2822: 2832 2834 2865 2868 2913 -1
2823: 2834 2865 2868 -1
2824: 2834 2865 2868 -1
2825: 143 2813 2814 2815 2816 2817 2818 2819 2821 2822 2823 2824 2827 2828 2829 2831 2833 2834 2836 2837 2838 2839 2840 2841 2842 2843 2844 2845 2848 2849 2850 2851 2852 2853 2854 2855 2856 2857 2858 2859 2860 2861 2862 2863 2864 2865 2866 2867 2868 2869 2870 2871 2872 2873 2874 2875 2876 2877 2878 2879 2880 2881 2882 2883 2884 2885 2886 2887 2889 -1
2826: 143 2813 2814 2815 2816 2817 2818 2819 2821 2822 2823 2824 2825 2827 2828 2829 2831 2833 2836 2837 2838 2839 2840 2841 2842 2843 2844 2845 2848 2849 2850 2851 2852 2853 2854 2855 2856 2857 2858 2859 2860 2861 2862 2863 2864 2866 2867 2868 2869 2870 2871 2872 2873 2874 2875 2876 2877 2878 2879 2880 2881 2882 2883 2884 2885 2886 2887 2889 -1
2827: 2825 2834 2865 2868 -1
2828: 2834 2865 2868 -1
2829: 2834 2865 2868 -1
2830: 143 2813 2814 2815 2816 2817 2818 2819 2821 2822 2823 2824 2827 2828 2829 2831 2833 2834 2836 2837 2838 2839 2840 2841 2842 2843 2844 2845 2848 2849 2850 2851 2852 2853 2854 2855 2856 2857 2858 2859 2860 2861 2862 2863 2864 2865 2866 2867 2868 2869 2870 2871 2872 2873 2874 2875 2876 2877 2878 2879 2880 2881 2882 2883 2884 2885 2886 2887 2889 -1
2831: 2834 2865 2868 -1
2832: 143 1647 2813 2814 2815 2816 2817 2818 2819 2821 2822 2823 2824 2825 2827 2828 2829 2831 2833 2834 2836 2837 2838 2839 2840 2841 2842 2843 2844 2845 2848 2849 2850 2851 2852 2853 2854 2855 2856 2857 2858 2859 2860 2861 2862 2863 2864 2865 2866 2867 2868 2869 2870 2871 2872 2873 2874 2875 2876 2877 2878 2879 2880 2881 2882 2883 2884 2885 2886 2887 2889 -1
2833: 2834 2865 2868 -1
2834: 143 2813 2814 2815 2816 2817 2818 2819 2821 2822 2823 2824 2827 2828 2829 2831 2833 2836 2837 2838 2839 2840 2841 2842 2843 2844 2845 2848 2849 2850 2851 2852 2853 2854 2855 2856 2857 2858 2859 2860 2861 2862 2863 2864 2866 2867 2868 2869 2870 2871 2872 2873 2874 2875 2876 2877 2878 2879 2880 2881 2882 2883 2884 2885 2886 2887 2889 -1
2835: 2834 2865 2868 -1
2836: -1
2837: -1
2838: 2834 2865 2868 -1
2839: 2834 2865 2868 -1
2840: 2834 2865 2868 -1
2841: 2832 2834 2865 2868 -1
2842: 2834 2865 2868 -1
2843: 2834 2865 2868 -1
2844: 2834 2865 2868 -1
2845: 2825 2832 2834 2865 2868 -1
2846: 2834 2865 2868 -1
2847: 2834 2865 2868 -1
2848: -1
2849: -1
2850: -1
2851: -1
2852: -1
2853: -1
2854: -1
2855: -1
2856: -1
2857: -1
2858: -1
2859: -1
2860: -1
2861: -1
2862: -1
2863: -1
2864: -1
2865: -1
2866: -1
2867: -1
2868: -1
2869: -1
2870: -1
2871: -1
2872: -1
2873: -1
2874: -1
2875: -1
2876: -1
2877: -1
2878: -1
2879: -1
2880: -1
2881: -1
2882: -1
2883: -1
2884: -1
2885: -1
2886: -1
2887: -1
2888: 2825 -1
2889: -1
2890: 2891 -1
2891: -1
2892: -1
2893: -1
2894: -1
2895: -1
2896: -1
2897: 2352 2361 2895 -1
2898: -1
2899: 2348 -1
2900: 145 2903 2904 2905 2910 -1
2901: -1
2902: -1
2903: -1
2904: -1
2905: -1
2906: -1
2907: -1
2908: -1
2909: 2902 -1
2910: -1
2911: -1
2912: -1
2913: -1
2914: -1
2915: -1
2916: -1
2917: -1
2918: 147 396 1948 2933 2937 3170 -1
2919: 147 -1
2920: 147 -1
2921: 147 -1
2922: 147 1772 1885 -1
2923: 147 -1
2924: 147 -1
2925: 147 -1
2926: 147 -1
2927: 147 -1
2928: 147 638 2512 -1
2929: -1
2930: -1
2931: -1
2932: -1
2933: -1
2934: -1
2935: -1
2936: -1
2937: -1
2938: -1
2939: 148 -1
2940: 148 469 2939 2943 -1
2941: 1431 -1
2942: -1
2943: -1
2944: 2942 -1
2945: 149 983 2035 2434 -1
2946: 149 -1
2947: 150 -1
2948: 150 -1
2949: 150 -1
2950: 150 -1
2951: 150 -1
2952: 150 -1
2953: 150 -1
2954: 150 -1
2955: 150 2965 -1
2956: 150 -1
2957: 150 -1
2958: -1
2959: 2958 -1
2960: -1
2961: -1
2962: -1
2963: -1
2964: -1
2965: -1
2966: -1
2967: -1
2968: -1
2969: -1
2970: -1
2971: -1
2972: -1
2973: -1
2974: -1
2975: -1
2976: 152 -1
2977: 152 2213 -1
2978: -1
2979: -1
2980: -1
2981: -1
2982: -1
2983: -1
2984: -1
2985: -1
2986: -1
2987: -1
2988: -1
2989: -1
2990: -1
2991: 639 -1
2992: -1
2993: -1
2994: -1
2995: -1
2996: -1
2997: -1
2998: -1
2999: -1
3000: -1
3001: 157 3004 3005 3006 3007 3008 3009 3010 3011 3012 3015 3016 -1
3002: 157 -1
3003: 157 -1
3004: -1
3005: -1
3006: -1
3007: -1
3008: -1
3009: -1
3010: -1
3011: -1
3012: -1
3013: 182 265 273 293 368 512 582 642 727 801 893 1180 1394 1431 1441 1647 1826 1864 1939 1941 2031 2034 2146 2213 2238 2316 2368 2370 2539 2571 2575 2589 2590 2689 2690 2738 2742 2743 2958 2962 2964 2982 2986 2987 2988 3010 -1
3014: -1
3015: -1
3016: -1
3017: -1
3018: -1
3019: -1
3020: -1
3021: -1
3022: -1
3023: -1
3024: 2796 2799 -1
3025: -1
3026: 3027 -1
3027: -1
3028: -1
3029: -1
3030: 2797 3026 3027 -1
3031: -1
3032: 512 643 784 1088 1186 1193 1197 1198 1296 2236 2508 2590 3092 -1
3033: -1
3034: -1
3035: -1
3036: 3030 -1
3037: 3024 -1
3038: -1
3039: 2797 2799 3022 -1
3040: 582 583 600 606 1405 1669 2032 2346 2362 2427 -1
3041: 161 -1
3042: 161 -1
3043: 161 -1
3044: 161 -1
3045: 161 -1
3046: 161 -1
3047: 161 -1
3048: 161 -1
3049: 161 -1
3050: 161 -1
3051: 161 -1
3052: 161 -1
3053: 161 -1
3054: 161 -1
3055: 161 -1
3056: 162 -1
3057: 3056 3062 3063 -1
3058: 3056 -1
3059: 3056 -1
3060: 3056 -1
3061: 3056 -1
3062: -1
3063: -1
3064: -1
3065: 163 725 784 837 1180 1219 1221 1315 1317 1930 2590 3108 3110 3111 3112 -1
3066: 163 -1
3067: 163 -1
3068: 163 3120 -1
3069: 163 3074 3111 3112 -1
3070: 163 -1
3071: 163 3068 3074 3120 -1
3072: 163 -1
3073: 163 -1
3074: 163 -1
3075: 163 3074 3111 3112 3120 -1
3076: 163 3074 3119 3120 -1
3077: 163 3074 3111 3112 3120 -1
3078: 163 1180 -1
3079: 163 3074 3111 3112 -1
3080: 163 3074 3111 3112 3120 -1
3081: 163 302 985 3111 3112 3120 -1
3082: 163 3074 3111 3112 3120 -1
3083: 163 3074 3111 3112 3120 -1
3084: 163 3074 3120 -1
3085: 163 1042 1431 3074 3103 -1
3086: 163 3074 3111 3112 3120 -1
3087: 163 3120 -1
3088: 163 905 912 1001 1181 2433 3074 3120 -1
3089: 163 -1
3090: 163 -1
3091: 163 3074 3099 3119 3120 -1
3092: 163 -1
3093: 163 447 794 803 1282 1647 1750 2930 3190 3194 -1
3094: 163 -1
3095: 163 -1
3096: 163 -1
3097: 163 -1
3098: 163 -1
3099: 163 -1
3100: 163 -1
3101: 163 1646 1647 2986 2987 2988 -1
3102: 163 -1
3103: 163 -1
3104: 163 -1
3105: 163 -1
3106: 163 3065 -1
3107: 163 3065 3109 -1
3108: -1
3109: -1
3110: -1
3111: 3112 -1
3112: -1
3113: -1
3114: -1
3115: -1
3116: -1
3117: -1
3118: -1
3119: -1
3120: -1
3121: -1
3122: -1
3123: -1
3124: -1
3125: -1
3126: -1
3127: -1
3128: -1
3129: -1
3130: -1
3131: -1
3132: -1
3133: -1
3134: 2393 -1
3135: -1
3136: -1
3137: -1
3138: -1
3139: -1
3140: -1
3141: -1
3142: -1
3143: -1
3144: -1
3145: -1
3146: -1
3147: -1
3148: -1
3149: -1
3150: -1
3151: -1
3152: -1
3153: -1
3154: -1
3155: -1
3156: -1
3157: -1
3158: -1
3159: -1
3160: -1
3161: -1
3162: -1
3163: -1
3164: -1
3165: -1
3166: -1
3167: -1
3168: -1
3169: 3168 -1
3170: -1
3171: 171 2053 -1
3172: 171 2053 2582 2589 -1
3173: 1640 -1
3174: -1
3175: -1
3176: -1
3177: 172 3176 -1
3178: -1
3179: -1
3180: -1
3181: -1
3182: -1
3183: -1
3184: -1
3185: 3181 -1
3186: -1
3187: -1
3188: -1
3189: 462 471 475 480 486 488 490 491 1232 1447 -1
3190: -1
3191: 174 3190 3194 -1
3192: -1
3193: -1
3194: -1
3195: 174 3205 -1
3196: -1
3197: 174 -1
3198: 174 -1
3199: 174 471 480 2192 -1
3200: 174 3190 3194 -1
3201: 174 1122 1124 2571 2575 -1
3202: 174 475 -1
3203: 174 -1
3204: 174 -1
3205: -1
3206: 174 3192 3193 3196 -1
3207: 3208 -1
3208: -1
3209: 3210 -1
3210: -1
3211: 177 3213 3214 -1
3212: 177 297 1282 1284 1294 1296 -1
3213: -1
3214: -1
3215: -1
3216: -1
3217: -1
3218: -1
3219: -1
3220: -1
3221: -1
3222: -1
3223: -1
3224: 3222 -1
