0: 172 185 187 188 189 190 191 192 193 196 197 198 200 201 203 204 205 206 207 208 209 210 211 212 213 214 215 216 217 218 219 220 221 222 224 225 226 227 228 229 406 417 527 565 755 758 818 819 826 827 831 901 919 944 983 986 1001 1011 1098 1176 1299 1586 2050 2137 2160 2161 2421 2764 2803 3042 3063 -1
1: 188 212 214 218 219 226 233 234 235 237 238 239 240 241 242 243 244 245 248 249 250 251 252 253 254 255 256 257 258 259 260 261 262 263 284 399 402 404 405 410 415 417 530 531 535 568 755 758 779 824 827 986 1007 1011 1188 1273 1299 1408 1677 1678 1816 1824 1944 2050 2764 2947 3063 3195 -1
2: 141 188 193 202 212 218 222 223 226 248 258 264 265 266 267 268 269 270 271 272 273 274 275 276 277 278 279 280 281 282 283 284 285 286 287 288 289 290 291 292 293 294 295 296 297 298 398 406 408 411 528 529 530 535 536 717 755 758 940 974 1088 1260 1553 2146 2473 2764 -1
3: 12 299 300 301 302 303 304 305 306 307 308 309 310 311 312 313 314 315 316 317 318 319 320 321 322 323 324 325 326 327 328 329 330 331 332 333 334 335 336 338 339 340 341 342 343 527 582 600 601 605 606 611 612 613 2764 -1
4: 346 347 348 349 350 351 352 353 354 355 356 357 358 359 360 361 363 364 365 366 367 368 369 370 371 372 373 374 375 376 377 378 379 380 381 382 383 2764 -1
5: 134 141 223 226 384 385 386 387 388 389 390 391 392 393 394 395 396 397 398 399 400 401 402 403 404 405 406 407 408 409 410 411 412 413 414 415 416 417 418 419 755 826 827 832 849 851 939 963 1003 1007 1189 1273 1288 1289 1967 2157 2731 2739 2764 3063 -1
6: 422 423 425 426 427 428 430 431 432 433 434 436 437 438 440 441 445 446 447 448 449 450 451 454 455 456 457 458 459 460 461 462 463 464 466 468 469 2764 2865 2866 2867 -1
7: 354 358 436 446 473 474 475 476 477 478 480 481 482 483 484 486 487 488 489 490 491 492 493 494 495 496 497 498 499 500 501 502 503 504 506 507 508 721 825 831 902 903 904 905 909 912 913 917 918 923 982 983 986 987 992 1118 1262 1280 1333 1349 1351 1407 1443 1496 1516 1560 1562 1586 1634 1646 1658 1962 2050 2051 2054 2137 2217 2286 2366 2421 2503 2588 2595 2764 2885 2889 -1
8: 2764 -1
9: 509 510 512 513 514 516 517 519 2764 -1
10: 226 265 285 401 520 521 522 523 524 525 526 527 529 533 534 536 537 538 539 540 541 542 544 545 546 547 -1
11: 229 248 396 400 402 527 530 549 550 551 552 553 554 555 557 558 559 560 561 562 563 564 565 566 567 568 755 758 824 832 838 840 841 843 844 845 846 847 848 849 851 854 856 939 961 1189 2050 -1
12: 305 314 320 575 585 588 597 598 599 600 601 602 603 604 605 606 607 608 609 610 611 612 613 1346 -1
13: 182 415 547 556 616 617 618 619 620 621 622 623 624 625 626 627 628 629 630 631 632 633 634 635 636 785 830 961 962 963 1061 1285 1553 1659 1679 1994 1999 3193 -1
14: 684 685 686 687 689 690 691 693 694 695 697 698 700 702 703 704 -1
15: 235 705 706 707 708 709 710 711 712 713 714 715 716 717 718 719 720 721 722 723 -1
16: 182 197 209 214 290 406 410 520 529 530 535 538 565 568 617 706 725 726 728 729 730 731 732 733 734 736 741 742 743 744 746 747 749 750 751 763 824 849 884 897 962 993 1168 1214 1296 1408 1658 1679 1967 -1
17: 141 408 410 753 755 756 757 -1
18: 182 726 759 760 761 763 764 765 766 962 1065 1175 1864 -1
19: 182 212 401 556 768 769 770 771 772 773 774 776 777 778 780 781 782 783 784 785 786 787 788 789 962 963 1320 1549 1811 3115 3118 3120 3124 -1
20: 791 792 793 794 795 796 797 798 799 800 801 802 803 -1
21: 725 805 806 807 808 809 810 811 812 813 -1
22: 401 417 532 750 814 815 816 817 818 819 820 821 822 823 825 826 827 828 829 830 831 832 833 993 -1
23: 212 229 396 402 530 552 553 554 559 560 561 562 563 566 834 835 836 837 838 839 840 841 842 843 844 845 846 847 848 849 850 851 853 854 855 856 961 -1
24: 182 214 527 725 877 878 879 880 882 883 884 885 890 892 894 897 898 899 962 1125 1176 1967 2448 3063 -1
25: 903 904 905 906 907 909 910 911 912 913 914 915 916 917 918 920 921 992 -1
26: 401 406 529 536 755 820 824 826 831 849 923 924 925 926 927 928 929 930 931 933 934 936 937 938 939 940 941 943 944 -1
27: 182 556 617 851 945 946 947 948 949 950 951 952 953 954 955 957 958 959 960 961 962 963 -1
28: 527 964 965 966 967 968 969 970 971 972 973 974 975 976 977 978 979 980 981 982 983 984 985 986 987 -1
29: 293 400 416 562 909 912 926 958 988 989 990 991 992 993 994 995 996 997 998 999 1000 1001 1002 1003 1004 1005 1006 1007 1008 1009 1010 1011 1012 1013 1014 1015 1016 -1
30: 141 212 226 401 406 408 530 541 545 993 1003 1026 1027 1037 1042 1043 1052 1053 1060 1061 1062 1553 1661 1822 2157 2472 2475 -1
31: 193 223 384 401 409 529 530 565 755 826 832 849 934 937 939 993 1063 1064 1065 1066 1067 1068 1069 1070 1071 1072 1073 1074 1075 1076 1077 1078 1079 1080 1081 1082 1083 1084 1085 1086 1087 1089 1090 1091 1092 1093 1094 1095 1096 1097 1098 1099 1100 1193 1273 1408 1553 1662 1822 2739 3208 -1
32: 1110 1111 1118 1119 1120 1125 1126 1127 1129 1130 1131 1135 -1
33: 206 211 229 249 258 264 270 277 280 299 305 336 354 358 365 371 375 390 399 405 410 415 430 433 474 524 533 564 620 700 702 713 725 731 732 733 753 771 797 835 841 903 904 905 909 912 913 917 918 923 982 983 987 992 1026 1073 1095 1293 1344 1407 1443 1516 1603 1655 1659 1661 1797 1821 1822 1843 1962 1966 2001 2050 2051 2056 2072 2114 2126 2130 2131 2137 2313 2421 2444 2455 2456 2503 2558 2594 2597 2607 2654 2728 2739 2885 3063 3126 3192 -1
34: 799 800 1136 1137 1138 1139 1140 1141 -1
35: 1142 1143 1144 1145 1146 1147 1148 1149 1150 1151 1153 1154 1155 1156 1157 1158 1159 1160 1161 1162 -1
36: 1163 1164 1165 1166 1167 1168 1169 1170 1171 1172 1173 1174 1175 1177 1178 1179 -1
37: 233 396 413 565 963 1007 1012 1016 1183 1185 1186 1187 1188 1191 1192 1193 1194 2161 -1
38: 529 530 826 832 930 941 1195 1196 1198 -1
39: 849 1199 1200 1201 1202 1203 1204 1205 1206 1207 1208 1209 1210 1211 1212 1213 1214 -1
40: 1222 1225 1226 1233 1234 1235 1241 1242 1243 1244 1252 1254 1258 1259 1260 1261 1262 1263 1264 -1
41: 223 226 399 410 622 963 1003 1005 1072 1275 1276 1277 1278 1279 1280 1282 1283 1284 1285 1287 1288 1289 1290 1553 2157 2217 -1
42: 182 290 401 410 529 706 762 884 897 962 963 1292 1293 1295 1296 1297 1298 1299 1300 1301 1302 1303 1304 1305 1306 1658 3060 3063 3065 -1
43: 182 556 617 849 962 963 1313 1318 1319 1320 1321 1322 1327 1328 1329 1330 1801 -1
44: 1332 1333 1334 1335 1336 1337 1338 -1
45: 1340 1341 1342 1343 1344 1345 1346 1347 1348 1349 1350 1351 1352 -1
46: 226 417 826 827 986 -1
47: 182 218 530 536 556 617 674 849 962 963 993 1299 1404 1405 1406 1407 1408 1409 1822 2006 2017 2450 -1
48: 226 417 827 1422 1424 -1
49: 755 832 930 941 986 1064 1822 -1
50: 1426 1427 1428 1429 1430 1431 1432 1433 1434 1435 1436 1437 1438 1439 1440 1441 -1
51: 1442 1443 1444 1445 1446 1447 -1
52: 460 478 506 1450 1455 1481 1482 1489 1490 1495 1496 1497 1498 1504 1508 1509 1512 1513 1514 1515 1516 1517 1519 1610 1630 1631 1987 1988 2235 2356 2389 2393 2451 2452 -1
53: 212 1520 1521 1522 1523 1525 1526 1527 1528 -1
54: 963 1529 1530 1531 1532 1533 1534 1535 1536 1537 1538 1539 1540 1541 -1
55: 182 409 415 556 614 616 617 619 849 962 963 1063 1284 1542 1543 1544 1545 1547 1548 1551 1552 1553 1554 1555 1556 -1
56: 1558 1559 1560 1563 1565 1566 1567 1569 -1
57: 1516 1572 1574 1575 1577 1578 1579 1580 1581 1796 -1
58: 226 520 541 545 1582 1583 1584 1585 1586 1587 1842 -1
59: 141 408 1601 1602 1603 1604 1605 -1
60: 1606 1609 1610 1618 1623 1628 1630 1631 1633 1634 1637 1641 1642 1643 -1
61: 406 1646 1647 1648 1649 1650 1651 1652 1653 1654 1655 1656 -1
62: 182 223 401 529 617 962 1060 1658 1659 1660 1661 1662 1663 1664 -1
63: 963 1193 1666 1667 1668 1669 1670 1671 -1
64: 401 1672 1673 1674 1675 1676 1677 1678 1679 1680 1681 -1
65: 182 205 211 235 258 270 280 299 302 305 308 330 333 337 367 375 390 437 447 469 482 566 603 619 620 630 647 668 725 813 818 829 882 929 933 958 959 962 973 980 981 983 1016 1066 1073 1118 1123 1126 1222 1234 1244 1262 1292 1293 1299 1319 1407 1424 1442 1443 1444 1445 1446 1447 1496 1509 1516 1522 1557 1558 1560 1562 1573 1574 1677 1678 1679 1734 1784 1786 1788 1789 1790 1791 1793 1794 1795 1796 1797 1798 1799 1800 1821 1867 1986 2034 2045 2055 2056 2072 2100 2148 2149 2231 2250 2253 2342 2347 2351 2359 2376 2404 2463 2558 2595 2611 2653 2885 2971 3037 3126 3172 3184 3223 -1
66: 182 556 617 849 958 961 962 963 1182 1313 1320 1801 1802 1803 1804 3119 -1
67: 417 827 986 1177 1805 1806 1807 1808 1809 1810 1811 1812 1813 1814 1815 -1
68: 212 725 1817 1818 1819 1820 1821 1822 1823 1824 1825 1826 1827 1828 1829 1830 1831 -1
69: 1832 1833 1834 1835 1836 1837 -1
70: 188 206 417 527 827 1583 1584 1805 1814 1838 1839 1840 1841 1842 2475 2478 2739 -1
71: 1843 1844 1845 -1
72: 226 417 562 827 -1
73: 930 941 -1
74: 209 211 264 270 280 282 290 292 299 355 410 449 525 537 539 695 700 725 727 755 831 982 983 987 1009 1011 1052 1067 1111 1123 1131 1150 1296 1299 1344 1406 1521 1583 1584 1592 1819 1821 1822 1842 1855 2001 2054 2126 2456 2971 2975 -1
75: 182 208 962 1175 1814 1857 1858 1859 1860 1861 1862 1863 1864 1865 1866 -1
76: 986 1868 1869 1870 1876 1879 1880 -1
77: 285 525 530 534 537 542 565 740 745 748 974 993 1881 1882 1887 1888 1889 1890 1891 1892 1893 1896 1897 1898 1899 1900 1901 1902 1903 1904 1905 1906 1907 1908 1909 1910 1913 1914 1915 2472 -1
78: 986 1001 1916 1919 1920 -1
79: 556 617 620 961 963 1923 1924 1925 1928 1932 1934 1935 1936 1939 1946 2034 2164 -1
80: 1950 1951 1952 1953 1954 1956 1959 -1
81: 617 781 963 1961 1962 1963 -1
82: 1299 1553 1962 1964 1966 1967 1968 1969 1970 -1
83: -1
84: 182 270 962 963 1993 1994 1995 1996 1997 1998 -1
85: 556 562 617 620 961 963 1999 2000 2001 2002 2003 -1
86: 556 688 2005 2006 2007 2009 2010 2016 2017 -1
87: 226 417 827 -1
88: 2029 2030 2031 2032 2033 2035 -1
89: 1166 1167 1169 1178 2036 2037 2038 2039 2040 2041 -1
90: 190 825 2045 2046 2047 2048 2050 2051 2052 2053 2054 -1
91: 2059 2060 2061 2062 2063 2064 2065 -1
92: 182 962 1279 1657 1967 2069 2070 2071 2072 2073 2074 2075 2076 2077 2078 2079 -1
93: 536 797 1136 2081 2083 2084 2085 2086 2087 2088 2089 2090 2092 2093 -1
94: 2094 2095 2096 2097 2098 2099 2100 2102 2103 2104 2105 2106 -1
95: 1167 1169 1178 2110 2621 -1
96: 114 124 270 293 302 312 322 324 367 406 410 412 415 474 495 533 556 616 619 620 639 709 715 725 761 807 818 832 879 882 883 892 897 899 937 963 983 1012 1066 1072 1083 1089 1123 1145 1193 1234 1243 1258 1260 1263 1280 1292 1293 1294 1296 1298 1299 1304 1344 1405 1408 1447 1550 1557 1579 1659 1662 1671 1679 1784 1789 1790 1795 1797 1803 1822 1925 1962 1964 1966 1967 1985 2001 2006 2017 2034 2039 2045 2050 2054 2070 2112 2113 2115 2116 2117 2118 2119 2120 2121 2122 2123 2125 2126 2127 2128 2129 2130 2131 2132 2133 2134 2135 2136 2137 2138 2139 2141 2169 2215 2217 2439 2444 2448 2466 2503 2557 2558 2565 2640 2733 2889 2971 2976 3037 3052 3063 3119 3126 3193 -1
97: 134 212 399 704 849 961 963 2142 2143 2144 2145 2146 2147 2148 2149 2150 2151 2152 2153 2154 2155 2156 2157 2158 2159 2160 2161 2162 2163 -1
98: 141 408 755 2164 -1
99: 141 174 408 824 2166 2167 2169 2170 2171 2172 -1
100: -1
101: 457 2200 2201 2202 2203 -1
102: -1
103: 226 417 758 827 1173 2110 2209 2210 2211 2212 -1
104: 1280 2214 2216 2217 -1
105: 182 302 354 416 723 776 782 788 962 1002 1012 1299 1820 1821 1823 1946 2221 2400 2728 3124 3184 3196 -1
106: 2222 2223 2224 -1
107: 2226 2231 2233 2234 2235 2239 2240 2241 -1
108: 436 1515 1634 1985 1986 2253 2313 2336 2337 2340 2342 2352 2356 2357 2363 2367 2370 2371 2372 2373 2375 2385 2386 2387 2389 2395 2398 2402 2405 2406 2407 2409 2410 2411 2412 2414 2415 2416 2417 2419 2420 2421 2423 2424 2425 2426 2429 2431 2432 2434 2435 2436 2437 2438 2439 -1
109: 630 897 1012 1280 1560 1562 2217 2442 2444 2445 2446 2447 2448 3063 -1
110: 2006 2017 2449 2450 2451 2452 2453 2454 2455 -1
111: 208 758 1062 1840 2456 2457 2458 2459 2460 2461 2463 2464 2465 2466 2467 2468 2469 2470 2471 2472 2473 2474 2475 2476 2477 2478 2479 2480 2481 2482 2483 2484 2485 2486 -1
112: 490 2489 2490 2491 2492 2494 2495 2496 2497 2499 2500 -1
113: 141 408 2501 -1
114: 617 849 1193 1672 1681 2503 -1
115: 182 556 962 963 2504 2505 -1
116: 556 617 620 961 963 1182 2506 2507 2508 2509 2510 2511 2512 2513 2514 2515 2516 2517 2518 2519 2520 2521 2522 2523 2524 2525 2526 2527 2528 2529 2530 2531 2532 2533 2534 2535 2536 2537 2538 -1
117: 182 556 962 963 2536 2541 2542 2543 -1
118: 293 401 417 827 -1
119: 556 849 963 2006 2017 2557 2558 -1
120: 226 417 827 2581 -1
121: 1516 1990 2276 2390 2583 2585 2586 2587 2588 2589 2590 2592 2593 2595 2596 2598 2599 2600 2601 2602 2603 2604 2605 2606 2607 2608 -1
122: 182 962 2610 -1
123: 1509 2611 2612 2613 2614 -1
124: 2638 2639 2641 2643 2644 2645 -1
125: 226 417 827 -1
126: 556 606 818 849 963 1280 1553 1794 1798 2217 2448 2652 2653 2654 2655 2656 3126 -1
127: 617 963 1962 -1
128: 841 2161 2664 2665 2666 2669 2671 2673 -1
129: 2691 2692 2711 2718 2719 2724 -1
130: 417 824 827 -1
131: 182 758 763 962 1175 1176 1864 2039 2726 2727 -1
132: 556 663 666 672 688 849 963 1681 2005 2006 2017 2450 2505 2672 -1
133: 541 545 986 -1
134: 182 223 725 962 963 1078 1263 1299 1408 1443 1659 1822 1966 2072 2503 2729 2730 2731 2732 2733 3126 -1
135: 963 1280 1543 2217 2734 2735 2736 -1
136: 141 408 -1
137: 141 408 -1
138: 1167 1169 2738 2739 -1
139: 141 408 -1
140: 2744 2745 2746 2747 -1
141: -1
142: 226 417 827 -1
143: 2006 2017 2802 2803 -1
144: 2805 2806 -1
145: 797 2807 2808 -1
146: 417 827 -1
147: 2817 2818 2819 -1
148: 2885 2886 2887 2888 2889 -1
149: 182 961 962 963 2891 -1
150: 223 781 1322 2005 2009 2899 2900 2901 2902 2903 2904 -1
151: 182 962 2905 -1
152: 2907 2908 -1
153: 2910 2911 2912 2913 2914 2915 2916 3119 -1
154: 217 535 725 745 755 824 890 892 894 1037 1299 1553 2654 2966 2967 2970 2971 2972 2973 2975 2976 3052 -1
155: 963 2006 2017 2979 2980 2981 -1
156: 2991 3001 -1
157: 141 408 -1
158: 2366 3032 3033 3034 3035 3036 3037 3038 3039 -1
159: 182 556 962 963 3040 3041 -1
160: 141 408 -1
161: 556 674 688 697 961 963 1193 1672 2903 3044 3045 -1
162: 182 410 617 706 762 962 1305 3051 3052 3058 3059 3060 3063 3064 3065 -1
163: 141 408 -1
164: 182 962 -1
165: 772 778 818 1280 2217 2448 3107 3108 3109 3110 3111 3112 3115 3116 3117 3118 3119 3120 3121 3122 3123 3124 3125 3126 -1
166: 3129 3130 3132 -1
167: 3140 3141 3142 3143 3144 3145 3146 3147 3148 3149 3150 3151 3152 -1
168: 556 961 963 3155 3156 3157 -1
169: -1
170: 3164 3165 -1
171: 1516 1821 2613 3176 3179 3183 3184 3185 3186 -1
172: 141 408 -1
173: 556 617 620 630 666 674 961 963 1008 1190 2029 2154 2558 3191 3192 3193 -1
174: 182 962 963 3195 3196 -1
175: 3197 3198 -1
176: 3197 3198 -1
177: 3206 3207 3208 -1
178: 688 963 1794 1798 2006 2017 2558 3210 -1
179: 141 408 -1
180: 3212 3220 3222 -1
181: 218 3223 -1
182: -1
183: 0 144 186 413 530 754 924 1163 1672 2804 3187 3188 3189 3190 -1
184: 0 144 186 194 357 413 530 539 754 816 829 924 1163 1424 1672 2253 2400 2804 3187 3188 3189 3190 -1
185: -1
186: -1
187: -1
188: -1
189: -1
190: 1292 2044 -1
191: -1
192: -1
193: -1
194: -1
195: 530 541 545 -1
196: -1
197: -1
198: -1
199: -1
200: -1
201: -1
202: -1
203: 2889 -1
204: -1
205: -1
206: -1
207: -1
208: -1
209: -1
210: -1
211: -1
212: -1
213: -1
214: -1
215: -1
216: -1
217: -1
218: -1
219: -1
220: -1
221: -1
222: -1
223: -1
224: -1
225: -1
226: -1
227: -1
228: -1
229: -1
230: 1 -1
231: 1 -1
232: -1
233: -1
234: -1
235: -1
236: 2166 2170 -1
237: -1
238: -1
239: -1
240: -1
241: -1
242: -1
243: -1
244: -1
245: -1
246: 221 229 248 257 402 553 554 563 568 844 846 847 848 855 948 990 995 1186 1191 1276 2003 2151 2157 2159 2160 2163 2668 -1
247: -1
248: -1
249: -1
250: -1
251: 270 491 879 1111 1516 2393 2439 2640 3172 3184 -1
252: -1
253: -1
254: -1
255: -1
256: -1
257: -1
258: -1
259: -1
260: -1
261: -1
262: -1
263: -1
264: -1
265: -1
266: -1
267: -1
268: -1
269: -1
270: -1
271: -1
272: -1
273: -1
274: -1
275: -1
276: -1
277: -1
278: -1
279: -1
280: -1
281: 302 415 666 776 2072 2159 2668 3193 -1
282: -1
283: -1
284: -1
285: -1
286: -1
287: -1
288: -1
289: -1
290: -1
291: -1
292: -1
293: -1
294: 1986 -1
295: -1
296: -1
297: -1
298: -1
299: -1
300: -1
301: -1
302: -1
303: -1
304: -1
305: -1
306: -1
307: -1
308: -1
309: 12 318 603 -1
310: -1
311: -1
312: -1
313: -1
314: -1
315: -1
316: -1
317: -1
318: -1
319: -1
320: -1
321: -1
322: -1
323: -1
324: -1
325: -1
326: -1
327: -1
328: -1
329: -1
330: -1
331: -1
332: -1
333: -1
334: -1
335: -1
336: -1
337: -1
338: -1
339: -1
340: -1
341: -1
342: -1
343: -1
344: 4 223 632 852 1271 2670 -1
345: 4 -1
346: 4 -1
347: -1
348: -1
349: -1
350: -1
351: -1
352: -1
353: -1
354: -1
355: -1
356: -1
357: -1
358: -1
359: -1
360: -1
361: -1
362: -1
363: -1
364: -1
365: -1
366: -1
367: -1
368: -1
369: -1
370: -1
371: -1
372: -1
373: -1
374: -1
375: -1
376: -1
377: -1
378: -1
379: -1
380: -1
381: -1
382: -1
383: -1
384: -1
385: -1
386: -1
387: -1
388: -1
389: -1
390: -1
391: -1
392: -1
393: -1
394: -1
395: -1
396: -1
397: -1
398: -1
399: -1
400: -1
401: -1
402: -1
403: -1
404: -1
405: -1
406: -1
407: -1
408: 141 -1
409: -1
410: -1
411: -1
412: -1
413: -1
414: -1
415: -1
416: -1
417: -1
418: -1
419: -1
420: 6 148 -1
421: 148 -1
422: -1
423: -1
424: -1
425: -1
426: -1
427: -1
428: -1
429: -1
430: -1
431: -1
432: -1
433: -1
434: -1
435: 339 637 659 816 982 1111 1151 1158 1293 1515 1516 1558 1562 1962 2253 2595 2606 2656 2861 3196 -1
436: -1
437: -1
438: -1
439: 2971 -1
440: -1
441: -1
442: -1
443: 437 451 1515 -1
444: 148 -1
445: 358 432 2100 2504 2867 -1
446: -1
447: -1
448: -1
449: -1
450: -1
451: -1
452: 148 505 1651 -1
453: -1
454: -1
455: -1
456: -1
457: -1
458: -1
459: -1
460: -1
461: -1
462: -1
463: -1
464: -1
465: -1
466: -1
467: -1
468: -1
469: -1
470: 7 -1
471: 7 -1
472: -1
473: -1
474: -1
475: -1
476: 52 108 148 189 312 460 465 466 479 483 496 499 506 707 719 735 816 903 904 905 906 907 908 909 911 912 913 917 918 920 992 1043 1146 1196 1351 1424 1455 1462 1463 1464 1465 1467 1469 1489 1490 1493 1495 1496 1503 1504 1507 1508 1509 1511 1512 1513 1514 1515 1516 1517 1518 1519 1601 1605 1610 1611 1612 1615 1619 1624 1627 1629 1630 1631 1633 1634 1642 1871 1974 1985 1986 1987 1988 1990 1991 2045 2049 2236 2242 2245 2247 2250 2251 2252 2253 2254 2257 2260 2263 2266 2270 2274 2277 2279 2280 2284 2288 2291 2293 2300 2302 2305 2308 2310 2313 2315 2318 2319 2322 2324 2330 2334 2336 2337 2338 2342 2347 2349 2352 2354 2356 2359 2361 2363 2369 2370 2371 2372 2375 2385 2386 2387 2389 2390 2391 2392 2393 2395 2397 2398 2400 2403 2404 2405 2406 2409 2410 2414 2415 2416 2417 2418 2419 2421 2422 2423 2424 2425 2426 2430 2431 2432 2435 2436 2437 2438 2439 2451 2452 2596 2642 2743 2887 3158 -1
477: -1
478: -1
479: -1
480: -1
481: -1
482: -1
483: -1
484: -1
485: -1
486: -1
487: -1
488: -1
489: -1
490: -1
491: -1
492: -1
493: -1
494: -1
495: -1
496: -1
497: -1
498: -1
499: -1
500: -1
501: -1
502: -1
503: -1
504: -1
505: -1
506: -1
507: -1
508: -1
509: -1
510: -1
511: -1
512: -1
513: -1
514: -1
515: -1
516: -1
517: -1
518: -1
519: -1
520: -1
521: -1
522: -1
523: -1
524: -1
525: -1
526: 1897 -1
527: -1
528: -1
529: -1
530: 750 -1
531: -1
532: -1
533: -1
534: -1
535: -1
536: -1
537: -1
538: -1
539: -1
540: -1
541: 545 -1
542: -1
543: 993 -1
544: -1
545: -1
546: 746 -1
547: 1196 -1
548: 11 963 -1
549: -1
550: -1
551: -1
552: -1
553: -1
554: -1
555: -1
556: 824 1549 -1
557: -1
558: -1
559: -1
560: -1
561: -1
562: -1
563: -1
564: -1
565: -1
566: -1
567: -1
568: -1
569: 12 318 -1
570: 12 -1
571: 12 318 -1
572: 12 318 -1
573: 12 318 -1
574: 12 318 -1
575: 12 -1
576: 12 318 327 -1
577: 12 318 -1
578: 12 300 304 305 318 324 326 327 330 341 598 602 606 611 1341 1349 1603 -1
579: 12 318 -1
580: 12 318 -1
581: 12 318 -1
582: 12 318 601 603 -1
583: 12 318 -1
584: 12 318 -1
585: 12 318 603 -1
586: 12 318 603 1341 -1
587: 12 309 318 603 1342 -1
588: 12 305 318 603 606 607 1349 -1
589: 12 305 306 318 603 612 -1
590: 12 318 325 588 597 600 603 611 612 -1
591: 12 318 -1
592: 12 318 603 -1
593: 12 313 314 318 323 327 329 336 358 501 582 595 603 606 612 1340 1347 -1
594: 12 318 -1
595: 12 318 325 606 1340 1350 -1
596: 12 318 -1
597: -1
598: -1
599: -1
600: -1
601: -1
602: -1
603: -1
604: -1
605: -1
606: -1
607: -1
608: -1
609: -1
610: -1
611: -1
612: -1
613: -1
614: -1
615: 619 625 634 635 1545 -1
616: -1
617: -1
618: -1
619: -1
620: -1
621: -1
622: -1
623: -1
624: -1
625: -1
626: -1
627: -1
628: -1
629: -1
630: -1
631: -1
632: -1
633: -1
634: -1
635: -1
636: -1
637: -1
638: -1
639: -1
640: -1
641: -1
642: -1
643: -1
644: -1
645: -1
646: -1
647: -1
648: -1
649: -1
650: -1
651: -1
652: -1
653: -1
654: -1
655: -1
656: -1
657: -1
658: -1
659: -1
660: -1
661: -1
662: -1
663: -1
664: -1
665: -1
666: -1
667: -1
668: -1
669: -1
670: -1
671: -1
672: -1
673: -1
674: -1
675: 14 -1
676: 14 -1
677: 14 637 638 640 641 642 643 644 645 646 647 648 649 650 651 652 653 654 655 656 657 658 659 660 661 662 663 664 665 666 667 668 669 670 671 672 673 680 683 688 691 695 699 701 -1
678: 14 652 692 -1
679: 14 2498 -1
680: -1
681: 14 637 638 640 641 642 643 644 645 646 647 648 649 651 652 653 654 655 656 657 658 659 660 661 662 663 664 665 666 667 668 669 670 671 672 673 675 678 679 680 682 683 688 696 699 -1
682: -1
683: -1
684: -1
685: -1
686: -1
687: -1
688: 218 -1
689: -1
690: -1
691: -1
692: -1
693: -1
694: -1
695: -1
696: -1
697: -1
698: -1
699: -1
700: -1
701: -1
702: -1
703: 637 659 -1
704: -1
705: -1
706: -1
707: -1
708: -1
709: -1
710: 302 305 308 372 381 630 807 813 961 1012 1304 1406 1515 1558 1574 1634 1801 1822 2250 2349 2679 2708 3126 -1
711: -1
712: -1
713: -1
714: -1
715: -1
716: -1
717: -1
718: -1
719: 108 466 900 902 908 920 1424 1495 1514 1515 1516 1517 1610 1630 1631 1634 1986 1987 1990 2242 2245 2247 2251 2253 2254 2257 2260 2263 2266 2270 2274 2277 2280 2284 2288 2291 2293 2300 2302 2305 2308 2310 2313 2315 2319 2322 2324 2330 2334 2338 2342 2348 2349 2359 2363 2389 2395 2402 2417 2418 2430 2432 3196 -1
720: 211 256 302 357 442 466 588 604 608 711 816 818 971 972 978 980 983 1092 1119 1126 1129 1234 1293 1333 1334 1338 1350 1424 1443 1516 1521 1558 1560 1562 1822 2048 2222 2224 2359 2407 2456 2472 2584 2588 2595 2598 2607 2611 2613 2641 2642 2645 2740 2742 2744 2746 2885 3172 3184 -1
721: -1
722: -1
723: -1
724: 824 -1
725: -1
726: -1
727: -1
728: -1
729: -1
730: -1
731: -1
732: -1
733: -1
734: -1
735: -1
736: -1
737: 1629 -1
738: -1
739: -1
740: -1
741: -1
742: -1
743: -1
744: -1
745: -1
746: -1
747: -1
748: -1
749: -1
750: -1
751: -1
752: 449 -1
753: -1
754: -1
755: -1
756: -1
757: -1
758: -1
759: -1
760: -1
761: -1
762: -1
763: -1
764: -1
765: -1
766: -1
767: 19 775 -1
768: -1
769: -1
770: -1
771: -1
772: 1327 -1
773: 722 1160 1516 1987 2595 2885 2910 -1
774: -1
775: -1
776: -1
777: -1
778: -1
779: -1
780: -1
781: -1
782: -1
783: -1
784: -1
785: -1
786: -1
787: -1
788: -1
789: -1
790: 1139 -1
791: -1
792: -1
793: -1
794: -1
795: -1
796: -1
797: -1
798: -1
799: -1
800: -1
801: -1
802: -1
803: -1
804: 825 1263 -1
805: 809 -1
806: -1
807: -1
808: -1
809: -1
810: -1
811: -1
812: -1
813: -1
814: -1
815: 2045 -1
816: 1509 2400 2421 2439 -1
817: -1
818: -1
819: -1
820: -1
821: -1
822: -1
823: -1
824: 288 820 2001 -1
825: 2044 -1
826: -1
827: 417 -1
828: -1
829: -1
830: -1
831: -1
832: -1
833: -1
834: -1
835: -1
836: -1
837: -1
838: -1
839: -1
840: -1
841: -1
842: -1
843: -1
844: -1
845: -1
846: -1
847: -1
848: -1
849: -1
850: -1
851: -1
852: -1
853: -1
854: -1
855: -1
856: -1
857: -1
858: -1
859: -1
860: 1822 -1
861: -1
862: -1
863: -1
864: -1
865: -1
866: 818 -1
867: -1
868: -1
869: -1
870: -1
871: -1
872: -1
873: -1
874: 24 857 858 859 860 861 862 863 864 865 866 867 868 869 870 871 872 873 876 881 886 887 888 891 896 -1
875: 24 -1
876: -1
877: -1
878: -1
879: -1
880: -1
881: -1
882: -1
883: -1
884: -1
885: -1
886: -1
887: -1
888: -1
889: -1
890: -1
891: -1
892: -1
893: -1
894: -1
895: 418 -1
896: -1
897: -1
898: -1
899: -1
900: 906 907 1987 2253 -1
901: -1
902: -1
903: -1
904: -1
905: -1
906: -1
907: -1
908: 906 907 -1
909: 501 -1
910: -1
911: -1
912: -1
913: -1
914: -1
915: -1
916: -1
917: -1
918: -1
919: -1
920: 902 1495 -1
921: -1
922: 26 396 407 763 824 937 1174 1525 1603 1820 2253 2738 -1
923: -1
924: -1
925: -1
926: -1
927: -1
928: 273 -1
929: -1
930: 941 -1
931: -1
932: -1
933: -1
934: -1
935: 417 827 930 941 1086 -1
936: -1
937: -1
938: -1
939: -1
940: -1
941: -1
942: 527 755 824 2001 -1
943: -1
944: -1
945: -1
946: -1
947: -1
948: -1
949: -1
950: -1
951: -1
952: -1
953: -1
954: -1
955: -1
956: 958 -1
957: -1
958: -1
959: -1
960: -1
961: -1
962: 182 -1
963: -1
964: -1
965: -1
966: -1
967: -1
968: -1
969: -1
970: -1
971: 972 -1
972: -1
973: -1
974: -1
975: -1
976: -1
977: -1
978: -1
979: 973 -1
980: -1
981: -1
982: -1
983: -1
984: -1
985: -1
986: -1
987: -1
988: -1
989: -1
990: -1
991: -1
992: -1
993: -1
994: -1
995: -1
996: -1
997: -1
998: -1
999: -1
1000: -1
1001: -1
1002: -1
1003: -1
1004: -1
1005: -1
1006: -1
1007: -1
1008: -1
1009: -1
1010: -1
1011: 222 1293 2169 -1
1012: -1
1013: -1
1014: 488 829 1184 1342 2054 -1
1015: -1
1016: -1
1017: 30 -1
1018: 30 229 291 397 410 535 549 884 1019 1020 1021 1022 1023 1024 1025 1028 1029 1030 1031 1032 1033 1034 1035 1036 1038 1039 1040 1041 1044 1045 1046 1047 1048 1049 1050 1051 1054 1055 1056 1057 1058 1059 1299 1304 1822 2001 2167 2657 -1
1019: -1
1020: -1
1021: -1
1022: -1
1023: -1
1024: -1
1025: -1
1026: -1
1027: -1
1028: -1
1029: -1
1030: -1
1031: -1
1032: -1
1033: -1
1034: -1
1035: -1
1036: -1
1037: -1
1038: -1
1039: -1
1040: -1
1041: -1
1042: -1
1043: -1
1044: -1
1045: -1
1046: -1
1047: -1
1048: -1
1049: -1
1050: -1
1051: -1
1052: -1
1053: -1
1054: -1
1055: -1
1056: -1
1057: -1
1058: -1
1059: -1
1060: -1
1061: -1
1062: -1
1063: -1
1064: -1
1065: -1
1066: -1
1067: -1
1068: -1
1069: -1
1070: -1
1071: 411 -1
1072: -1
1073: -1
1074: -1
1075: -1
1076: -1
1077: -1
1078: 501 1822 -1
1079: -1
1080: -1
1081: -1
1082: -1
1083: -1
1084: -1
1085: -1
1086: -1
1087: -1
1088: -1
1089: -1
1090: -1
1091: -1
1092: -1
1093: -1
1094: 223 523 -1
1095: -1
1096: -1
1097: -1
1098: 826 930 941 -1
1099: -1
1100: -1
1101: 32 1113 1114 1116 1117 1121 1122 1123 1124 1128 1132 1134 -1
1102: 32 1120 1123 -1
1103: 32 810 983 -1
1104: 32 -1
1105: 32 -1
1106: 32 -1
1107: 32 1124 1132 -1
1108: 32 1113 -1
1109: 32 1122 -1
1110: 32 -1
1111: -1
1112: 1120 1130 -1
1113: -1
1114: -1
1115: 1135 -1
1116: -1
1117: -1
1118: -1
1119: 1129 -1
1120: -1
1121: -1
1122: 1130 -1
1123: -1
1124: -1
1125: -1
1126: -1
1127: -1
1128: -1
1129: -1
1130: -1
1131: -1
1132: -1
1133: -1
1134: -1
1135: -1
1136: -1
1137: -1
1138: -1
1139: -1
1140: -1
1141: -1
1142: -1
1143: -1
1144: -1
1145: 1149 -1
1146: -1
1147: -1
1148: -1
1149: -1
1150: -1
1151: -1
1152: 813 1079 1118 1562 2904 -1
1153: -1
1154: -1
1155: -1
1156: -1
1157: -1
1158: 1151 -1
1159: -1
1160: -1
1161: -1
1162: -1
1163: -1
1164: -1
1165: -1
1166: -1
1167: -1
1168: -1
1169: 1167 -1
1170: -1
1171: -1
1172: -1
1173: -1
1174: -1
1175: -1
1176: 2725 -1
1177: -1
1178: -1
1179: -1
1180: 37 228 2861 -1
1181: 37 -1
1182: -1
1183: -1
1184: -1
1185: -1
1186: -1
1187: -1
1188: 406 -1
1189: -1
1190: -1
1191: -1
1192: -1
1193: -1
1194: -1
1195: -1
1196: -1
1197: 234 927 -1
1198: 826 -1
1199: -1
1200: -1
1201: -1
1202: -1
1203: -1
1204: -1
1205: -1
1206: -1
1207: 1212 -1
1208: -1
1209: -1
1210: -1
1211: -1
1212: -1
1213: 1205 -1
1214: -1
1215: 40 565 1216 1217 1218 1219 1220 1221 1222 1223 1224 1226 1227 1228 1229 1230 1231 1232 1233 1235 1236 1237 1238 1239 1240 1241 1245 1246 1247 1248 1249 1250 1251 1252 1253 1254 1255 1256 1257 1261 -1
1216: 1586 -1
1217: -1
1218: -1
1219: -1
1220: -1
1221: -1
1222: -1
1223: -1
1224: -1
1225: -1
1226: -1
1227: -1
1228: -1
1229: -1
1230: -1
1231: -1
1232: -1
1233: 1225 1244 -1
1234: -1
1235: -1
1236: -1
1237: -1
1238: -1
1239: -1
1240: -1
1241: -1
1242: -1
1243: -1
1244: -1
1245: -1
1246: -1
1247: -1
1248: -1
1249: -1
1250: -1
1251: -1
1252: -1
1253: 1222 1225 1233 1243 1254 1258 1261 1262 1264 -1
1254: -1
1255: -1
1256: -1
1257: -1
1258: -1
1259: -1
1260: -1
1261: 1225 1244 -1
1262: -1
1263: -1
1264: -1
1265: 41 1266 1267 1268 1269 1270 1271 1272 1273 1274 1291 1994 -1
1266: -1
1267: -1
1268: -1
1269: -1
1270: -1
1271: -1
1272: -1
1273: -1
1274: -1
1275: -1
1276: -1
1277: -1
1278: -1
1279: -1
1280: -1
1281: 367 375 415 619 832 963 1284 1322 1553 1999 -1
1282: -1
1283: -1
1284: -1
1285: -1
1286: 2155 -1
1287: -1
1288: 1283 -1
1289: -1
1290: -1
1291: -1
1292: -1
1293: -1
1294: -1
1295: -1
1296: -1
1297: -1
1298: -1
1299: -1
1300: -1
1301: -1
1302: -1
1303: -1
1304: -1
1305: -1
1306: -1
1307: -1
1308: -1
1309: -1
1310: -1
1311: -1
1312: -1
1313: -1
1314: -1
1315: -1
1316: -1
1317: -1
1318: -1
1319: -1
1320: -1
1321: -1
1322: -1
1323: -1
1324: -1
1325: -1
1326: -1
1327: -1
1328: -1
1329: -1
1330: -1
1331: -1
1332: -1
1333: -1
1334: -1
1335: -1
1336: -1
1337: -1
1338: -1
1339: -1
1340: -1
1341: -1
1342: -1
1343: 1352 -1
1344: -1
1345: 1342 -1
1346: -1
1347: -1
1348: -1
1349: -1
1350: -1
1351: -1
1352: -1
1353: 46 1355 1356 1357 1358 1359 1360 1361 1362 1363 1364 1365 1366 1367 1368 1369 1370 1371 1372 1373 1374 1375 1376 1377 1378 1379 1380 1381 1382 1383 1384 1385 1386 1387 1388 1389 1390 1391 1392 1393 1394 1395 1396 1397 1398 1399 1400 1401 1402 1403 -1
1354: 46 1355 1356 1357 1358 1359 1360 1361 1362 1363 1364 1365 1366 1367 1368 1369 1370 1371 1372 1373 1374 1375 1376 1377 1378 1379 1380 1381 1382 1383 1384 1385 1386 1387 1388 1389 1390 1391 1392 1393 1394 1395 1396 1397 1398 1399 1400 1401 1402 1403 -1
1355: -1
1356: -1
1357: -1
1358: -1
1359: 1052 -1
1360: -1
1361: -1
1362: -1
1363: -1
1364: -1
1365: -1
1366: -1
1367: -1
1368: -1
1369: -1
1370: -1
1371: -1
1372: -1
1373: -1
1374: -1
1375: -1
1376: -1
1377: -1
1378: -1
1379: -1
1380: -1
1381: -1
1382: -1
1383: -1
1384: -1
1385: -1
1386: -1
1387: -1
1388: -1
1389: -1
1390: -1
1391: -1
1392: -1
1393: -1
1394: -1
1395: -1
1396: -1
1397: -1
1398: -1
1399: -1
1400: -1
1401: -1
1402: -1
1403: -1
1404: -1
1405: -1
1406: -1
1407: -1
1408: -1
1409: -1
1410: 48 -1
1411: 48 1418 -1
1412: 48 -1
1413: 48 -1
1414: 48 -1
1415: 48 -1
1416: 48 -1
1417: 48 -1
1418: -1
1419: 1422 -1
1420: 1422 -1
1421: 1422 -1
1422: 1822 -1
1423: 1422 -1
1424: -1
1425: 49 -1
1426: -1
1427: -1
1428: -1
1429: -1
1430: -1
1431: -1
1432: -1
1433: -1
1434: -1
1435: -1
1436: -1
1437: -1
1438: -1
1439: -1
1440: -1
1441: -1
1442: -1
1443: -1
1444: -1
1445: -1
1446: -1
1447: -1
1448: 52 594 610 1449 1461 2007 2222 2224 -1
1449: -1
1450: 52 1451 1460 1461 1495 1496 1515 2253 -1
1451: -1
1452: 52 465 466 909 912 1453 1459 1461 -1
1453: -1
1454: 52 1457 1458 1461 -1
1455: 52 460 705 711 1450 1457 1458 1461 1516 1518 1610 1630 1631 -1
1456: 52 1457 1458 1461 -1
1457: -1
1458: -1
1459: -1
1460: -1
1461: -1
1462: -1
1463: -1
1464: -1
1465: -1
1466: -1
1467: -1
1468: -1
1469: -1
1470: -1
1471: -1
1472: 52 -1
1473: 52 199 211 270 332 361 430 474 529 810 983 1092 1176 1677 1678 2034 2050 2253 2418 2497 2607 3223 -1
1474: 52 -1
1475: 52 1514 1987 1988 2375 -1
1476: 52 -1
1477: 52 -1
1478: 52 483 485 1043 1470 1507 1987 2330 2334 2338 2398 2406 2409 2415 2426 2438 -1
1479: 52 478 1507 -1
1480: 52 310 1617 1631 2250 2352 2402 -1
1481: 52 -1
1482: 52 -1
1483: 52 997 1196 1490 1495 1505 1507 1509 1511 1515 1516 1615 1623 1624 1627 1630 1635 1636 1643 1987 2376 2389 2408 2422 2424 -1
1484: 52 1516 1517 2400 -1
1485: 52 466 1424 1518 2363 2366 2372 2400 2402 -1
1486: 52 -1
1487: 52 -1
1488: 52 437 476 907 914 920 1622 2430 2596 -1
1489: 52 1465 -1
1490: 52 1463 -1
1491: 52 478 920 1505 1509 1510 1518 2234 2235 2253 2400 -1
1492: 52 -1
1493: 52 302 484 488 605 608 971 978 1065 1125 1175 1305 1333 1334 1338 1349 1463 1464 1465 1468 1471 1503 1516 1562 2056 2402 2503 2971 3065 3126 3192 -1
1494: 52 1465 2409 2426 2438 -1
1495: 52 914 916 920 1450 1510 1517 1519 2400 -1
1496: 52 -1
1497: 52 -1
1498: 52 -1
1499: 52 1465 1505 -1
1500: 52 476 1516 -1
1501: 52 108 312 314 472 478 494 502 506 713 721 831 903 904 905 909 912 913 914 917 918 992 1043 1196 1450 1455 1478 1483 1488 1503 1505 1507 1510 1516 1518 1607 1608 1609 1614 1624 1625 1626 1627 1628 1632 1642 1643 1971 1987 1992 2049 2242 2245 2247 2249 2250 2251 2254 2257 2258 2259 2260 2263 2264 2265 2266 2270 2274 2277 2279 2280 2284 2288 2291 2293 2300 2302 2305 2308 2310 2315 2319 2322 2324 2330 2334 2338 2343 2344 2345 2353 2355 2356 2357 2358 2361 2364 2369 2371 2376 2381 2383 2384 2385 2386 2390 2391 2392 2396 2397 2408 2409 2410 2413 2416 2422 2423 2424 2426 2437 2438 2743 2971 3213 -1
1502: 52 -1
1503: 1455 1463 1518 -1
1504: 1465 1518 -1
1505: -1
1506: 438 467 511 705 706 726 742 765 825 1123 1173 1332 1333 1338 1513 1518 1562 1631 1812 1820 2042 2054 2201 2342 2402 2418 2459 2595 2638 2644 2886 2889 2915 2916 -1
1507: -1
1508: -1
1509: -1
1510: 2361 -1
1511: -1
1512: -1
1513: -1
1514: -1
1515: 2400 -1
1516: -1
1517: 1466 -1
1518: 1455 1504 1517 2372 -1
1519: 902 1495 1516 2611 -1
1520: -1
1521: -1
1522: -1
1523: -1
1524: 1522 -1
1525: -1
1526: -1
1527: -1
1528: -1
1529: -1
1530: -1
1531: -1
1532: -1
1533: -1
1534: -1
1535: -1
1536: -1
1537: -1
1538: -1
1539: -1
1540: -1
1541: -1
1542: -1
1543: -1
1544: -1
1545: 1550 1556 -1
1546: 1277 -1
1547: -1
1548: -1
1549: -1
1550: -1
1551: -1
1552: -1
1553: -1
1554: -1
1555: -1
1556: -1
1557: -1
1558: -1
1559: -1
1560: -1
1561: 1564 -1
1562: -1
1563: -1
1564: -1
1565: -1
1566: -1
1567: -1
1568: 685 808 811 -1
1569: 2595 2601 2605 -1
1570: 57 456 807 982 2222 2224 2421 2424 2452 3184 -1
1571: 57 1576 1578 -1
1572: -1
1573: -1
1574: -1
1575: -1
1576: -1
1577: 1572 -1
1578: -1
1579: -1
1580: -1
1581: -1
1582: -1
1583: 1842 -1
1584: -1
1585: -1
1586: -1
1587: -1
1588: 1592 1822 -1
1589: 753 1067 1123 1406 1592 2352 -1
1590: 1592 -1
1591: 810 1592 -1
1592: 59 74 87 469 808 812 889 1293 1443 1589 1591 1594 1595 1599 1600 1849 1850 1851 1852 1853 1854 1856 1966 1985 1993 2018 2019 2020 2021 2022 2023 2024 2025 2026 2027 2028 2968 2971 3053 -1
1593: 1592 -1
1594: 1592 -1
1595: 1592 -1
1596: 1592 -1
1597: 1592 -1
1598: 1592 -1
1599: -1
1600: -1
1601: -1
1602: 741 746 1012 1126 2347 -1
1603: -1
1604: 268 531 1011 1070 1083 1822 2171 3063 -1
1605: -1
1606: -1
1607: -1
1608: -1
1609: -1
1610: -1
1611: -1
1612: -1
1613: -1
1614: -1
1615: -1
1616: 290 425 515 831 1349 1444 1516 1622 1633 1634 2389 2402 3206 -1
1617: 290 1509 1516 1615 1620 1621 1623 1624 1627 1632 1633 1636 1639 1640 2404 -1
1618: -1
1619: -1
1620: -1
1621: -1
1622: -1
1623: -1
1624: 1627 1635 1642 -1
1625: 1516 -1
1626: -1
1627: -1
1628: -1
1629: -1
1630: -1
1631: -1
1632: -1
1633: -1
1634: -1
1635: -1
1636: -1
1637: -1
1638: -1
1639: -1
1640: 1617 -1
1641: -1
1642: -1
1643: -1
1644: 1626 -1
1645: 61 233 282 365 394 776 1408 1966 2001 2164 -1
1646: -1
1647: -1
1648: -1
1649: -1
1650: -1
1651: -1
1652: -1
1653: -1
1654: -1
1655: -1
1656: -1
1657: 1145 -1
1658: -1
1659: -1
1660: -1
1661: -1
1662: -1
1663: -1
1664: -1
1665: 63 -1
1666: -1
1667: -1
1668: -1
1669: -1
1670: -1
1671: -1
1672: -1
1673: -1
1674: -1
1675: -1
1676: -1
1677: -1
1678: -1
1679: -1
1680: -1
1681: -1
1682: 65 302 324 362 375 379 390 619 665 893 1296 1557 1674 1683 1684 1685 1686 1687 1688 1689 1690 1691 1692 1693 1694 1695 1696 1697 1698 1699 1700 1701 1702 1703 1704 1705 1706 1707 1708 1709 1710 1711 1712 1713 1714 1715 1716 1717 1718 1719 1720 1721 1722 1723 1724 1725 1726 1727 1728 1729 1730 1731 1732 1733 1734 1735 1736 1737 1738 1739 1741 1742 1743 1744 1745 1746 1747 1748 1749 1750 1751 1752 1753 1754 1755 1756 1757 1758 1759 1760 1761 1762 1763 1764 1765 1766 1767 1768 1770 1771 1772 1773 1774 1775 1776 1777 1778 1779 1780 1781 1782 1783 1786 1791 1793 1969 1999 2114 2132 2135 2136 2253 2390 2497 2889 3126 -1
1683: 1516 1734 -1
1684: 1734 -1
1685: 1734 -1
1686: 1734 -1
1687: 1734 -1
1688: 1734 1793 -1
1689: 1734 -1
1690: 1734 1793 -1
1691: 1734 -1
1692: 1734 -1
1693: 1734 1793 -1
1694: 1734 1793 -1
1695: 1734 -1
1696: 1734 1793 -1
1697: 1734 1793 -1
1698: 1734 -1
1699: 1734 1793 -1
1700: 1734 -1
1701: 1734 -1
1702: 1734 -1
1703: 1734 1793 -1
1704: 1734 1793 -1
1705: 1734 1793 -1
1706: 1734 1793 -1
1707: 1734 -1
1708: 1734 1793 -1
1709: 1734 -1
1710: 1734 -1
1711: 1734 -1
1712: 1734 -1
1713: 1734 -1
1714: 1734 -1
1715: 1734 1793 -1
1716: 1734 -1
1717: 1734 1793 -1
1718: 1734 1793 -1
1719: 1734 -1
1720: 1734 1793 -1
1721: 1734 1793 -1
1722: 1734 1793 -1
1723: 1734 -1
1724: 1734 -1
1725: 1734 -1
1726: 1734 -1
1727: 1734 -1
1728: 1734 1793 -1
1729: 1734 1793 -1
1730: 1734 1793 -1
1731: 1734 -1
1732: 1734 1793 -1
1733: 1734 -1
1734: 65 206 401 1683 1684 1685 1686 1687 1688 1689 1690 1691 1692 1693 1694 1695 1696 1697 1698 1699 1700 1701 1702 1703 1704 1705 1706 1707 1708 1709 1710 1711 1712 1713 1714 1715 1716 1717 1718 1719 1720 1721 1722 1723 1724 1725 1726 1727 1728 1729 1730 1731 1732 1733 1735 1736 1737 1738 1739 1741 1742 1743 1744 1745 1746 1747 1748 1749 1750 1751 1752 1753 1754 1755 1756 1757 1758 1759 1760 1761 1762 1763 1764 1765 1766 1767 1768 1770 1771 1772 1773 1774 1775 1776 1777 1778 1779 1780 1781 1782 1783 1786 1788 -1
1735: 1793 -1
1736: 1734 1793 -1
1737: 1734 1793 -1
1738: 1734 1793 -1
1739: 1734 1793 -1
1740: 1734 1793 -1
1741: 1734 -1
1742: 1734 -1
1743: 1734 -1
1744: 1734 -1
1745: 1734 -1
1746: 1734 -1
1747: 1734 -1
1748: 1734 -1
1749: 1734 -1
1750: 1734 -1
1751: 1734 -1
1752: 1734 1788 -1
1753: 1734 -1
1754: 1734 -1
1755: 1734 -1
1756: 1734 -1
1757: 1734 -1
1758: 1734 -1
1759: 1734 -1
1760: 1734 -1
1761: 1734 -1
1762: 1734 -1
1763: 1734 -1
1764: 1734 -1
1765: 1734 -1
1766: 1734 -1
1767: 1734 -1
1768: 1734 -1
1769: 1734 -1
1770: 1734 -1
1771: 1734 -1
1772: 1734 -1
1773: 1734 -1
1774: 1734 1793 -1
1775: 1734 -1
1776: 1734 -1
1777: 1734 -1
1778: 1734 -1
1779: 1734 -1
1780: 1734 -1
1781: 1734 -1
1782: 1734 -1
1783: 1734 -1
1784: 65 343 410 630 1188 1562 1683 1684 1685 1686 1687 1688 1689 1690 1691 1692 1693 1694 1695 1696 1697 1698 1699 1700 1701 1702 1703 1704 1705 1706 1707 1708 1709 1710 1711 1712 1713 1714 1715 1716 1717 1718 1719 1720 1721 1722 1723 1724 1725 1726 1727 1728 1729 1730 1731 1732 1733 1734 1735 1736 1737 1738 1739 1741 1742 1743 1744 1745 1746 1747 1748 1749 1750 1751 1752 1753 1754 1755 1756 1757 1758 1759 1760 1761 1762 1763 1764 1765 1766 1767 1768 1770 1771 1772 1773 1774 1775 1776 1777 1778 1779 1780 1781 1782 1783 1786 1788 1789 1790 1791 1793 1795 3192 -1
1785: 65 1683 1684 1685 1686 1687 1688 1690 1693 1694 1696 1697 1699 1703 1704 1705 1706 1708 1715 1717 1718 1720 1721 1722 1728 1729 1730 1732 1735 1736 1737 1738 1739 1774 1784 1786 1788 1790 1791 -1
1786: 65 1575 1683 1684 1685 1686 1687 1688 1689 1690 1691 1692 1693 1694 1695 1696 1697 1698 1699 1700 1701 1702 1703 1704 1705 1706 1707 1708 1709 1710 1711 1712 1713 1714 1715 1716 1717 1718 1719 1720 1721 1722 1723 1724 1725 1726 1727 1728 1729 1730 1731 1732 1733 1734 1735 1736 1737 1738 1739 1741 1742 1743 1744 1745 1746 1747 1748 1749 1750 1751 1752 1753 1754 1755 1756 1757 1758 1759 1760 1761 1762 1763 1764 1765 1766 1767 1768 1770 1771 1772 1773 1774 1775 1776 1777 1778 1779 1780 1781 1782 1783 1784 1789 1790 1791 1793 1795 -1
1787: 65 1683 1684 1685 1686 1687 1688 1690 1693 1694 1696 1697 1699 1703 1704 1705 1706 1708 1715 1717 1718 1720 1721 1722 1728 1729 1730 1732 1735 1736 1737 1738 1739 1774 1786 1791 -1
1788: 65 1683 1684 1685 1686 1687 1688 1690 1693 1694 1696 1697 1699 1703 1704 1705 1706 1708 1715 1717 1718 1720 1721 1722 1728 1729 1730 1732 1735 1736 1737 1738 1739 1774 1784 1785 1786 1789 1790 1791 1795 2253 -1
1789: 65 1683 1684 1685 1686 1687 1688 1690 1693 1694 1696 1697 1699 1703 1704 1705 1706 1708 1715 1717 1718 1720 1721 1722 1728 1729 1730 1732 1735 1736 1737 1738 1739 1774 1786 1791 -1
1790: 65 1683 1684 1685 1686 1687 1688 1690 1693 1694 1696 1697 1699 1703 1704 1705 1706 1708 1715 1717 1718 1720 1721 1722 1728 1729 1730 1732 1735 1736 1737 1738 1739 1774 1784 1785 1786 1788 1789 1791 1795 -1
1791: 65 1683 1684 1685 1686 1687 1688 1690 1693 1694 1696 1697 1699 1703 1704 1705 1706 1708 1715 1717 1718 1720 1721 1722 1728 1729 1730 1732 1735 1736 1737 1738 1739 1774 1784 1786 1788 -1
1792: 65 1683 1684 1685 1686 1687 1688 1689 1690 1691 1692 1693 1694 1695 1696 1697 1698 1699 1700 1701 1702 1703 1704 1705 1706 1707 1708 1709 1710 1711 1712 1713 1714 1715 1716 1717 1718 1719 1720 1721 1722 1723 1724 1725 1726 1727 1728 1729 1730 1731 1732 1733 1734 1735 1736 1737 1738 1739 1741 1742 1743 1744 1745 1746 1747 1748 1749 1750 1751 1752 1753 1754 1755 1756 1757 1758 1759 1760 1761 1762 1763 1764 1765 1766 1767 1768 1770 1771 1772 1773 1774 1775 1776 1777 1778 1779 1780 1781 1782 1783 1784 1786 1788 1789 1790 1791 1795 -1
1793: 65 1683 1684 1685 1686 1687 1688 1690 1693 1694 1696 1697 1699 1703 1704 1705 1706 1708 1715 1717 1718 1720 1721 1722 1728 1729 1730 1732 1735 1736 1737 1738 1739 1774 1786 -1
1794: -1
1795: -1
1796: -1
1797: -1
1798: -1
1799: -1
1800: -1
1801: -1
1802: -1
1803: -1
1804: -1
1805: -1
1806: -1
1807: -1
1808: -1
1809: -1
1810: -1
1811: -1
1812: -1
1813: -1
1814: -1
1815: -1
1816: -1
1817: -1
1818: -1
1819: -1
1820: 1831 -1
1821: -1
1822: -1
1823: -1
1824: -1
1825: -1
1826: -1
1827: -1
1828: -1
1829: -1
1830: -1
1831: -1
1832: 1834 -1
1833: -1
1834: -1
1835: -1
1836: -1
1837: -1
1838: -1
1839: -1
1840: -1
1841: -1
1842: -1
1843: 2044 -1
1844: -1
1845: -1
1846: 141 408 -1
1847: 72 92 127 435 470 1340 2400 2436 -1
1848: 1093 -1
1849: -1
1850: -1
1851: -1
1852: -1
1853: -1
1854: -1
1855: -1
1856: -1
1857: -1
1858: -1
1859: -1
1860: -1
1861: 1864 -1
1862: -1
1863: 1858 -1
1864: -1
1865: -1
1866: -1
1867: -1
1868: -1
1869: 1875 -1
1870: -1
1871: -1
1872: 1880 -1
1873: 1869 -1
1874: 1880 -1
1875: 1880 -1
1876: -1
1877: 1880 -1
1878: 1880 -1
1879: -1
1880: -1
1881: 77 758 1887 1888 1894 1908 1909 1913 -1
1882: 77 1884 1885 1886 1913 -1
1883: 520 -1
1884: 77 1882 1885 1886 1887 1895 1901 1905 1911 1912 -1
1885: 77 1882 1884 1887 1895 1911 1912 -1
1886: 77 1882 1884 1887 1895 1911 1912 -1
1887: 1882 1895 1905 1911 1912 -1
1888: -1
1889: -1
1890: -1
1891: -1
1892: -1
1893: -1
1894: -1
1895: -1
1896: -1
1897: -1
1898: -1
1899: -1
1900: -1
1901: -1
1902: -1
1903: -1
1904: -1
1905: -1
1906: -1
1907: -1
1908: -1
1909: 1913 -1
1910: -1
1911: -1
1912: -1
1913: 1909 -1
1914: -1
1915: -1
1916: 1920 -1
1917: 141 408 -1
1918: 3197 3198 -1
1919: -1
1920: -1
1921: 79 1922 1926 1927 1929 1930 1931 1937 1940 1941 1942 1943 1944 1945 -1
1922: -1
1923: -1
1924: -1
1925: -1
1926: -1
1927: -1
1928: -1
1929: -1
1930: -1
1931: -1
1932: -1
1933: 1945 -1
1934: -1
1935: -1
1936: -1
1937: -1
1938: 1945 -1
1939: -1
1940: -1
1941: -1
1942: -1
1943: -1
1944: -1
1945: -1
1946: -1
1947: 80 -1
1948: 80 -1
1949: 80 -1
1950: -1
1951: -1
1952: -1
1953: -1
1954: -1
1955: 1952 1957 1958 -1
1956: -1
1957: -1
1958: -1
1959: -1
1960: 1963 -1
1961: -1
1962: -1
1963: -1
1964: -1
1965: 396 685 -1
1966: -1
1967: 1293 -1
1968: -1
1969: -1
1970: -1
1971: 83 1974 -1
1972: 83 1974 -1
1973: 83 1974 2250 -1
1974: 83 -1
1975: 83 -1
1976: 83 -1
1977: 83 -1
1978: 83 1974 2045 2055 -1
1979: 83 -1
1980: 83 -1
1981: 83 -1
1982: 83 -1
1983: 83 -1
1984: 83 1558 -1
1985: -1
1986: 1634 -1
1987: 1490 1509 1514 1601 1986 2390 -1
1988: -1
1989: 1634 2342 2367 2395 2418 -1
1990: -1
1991: -1
1992: 1985 -1
1993: -1
1994: -1
1995: -1
1996: -1
1997: -1
1998: 1543 -1
1999: -1
2000: -1
2001: -1
2002: -1
2003: -1
2004: 86 150 645 672 674 2005 2008 2011 2012 2013 2014 2015 2150 2163 2672 2895 2896 2897 2898 2904 -1
2005: -1
2006: -1
2007: -1
2008: -1
2009: 2005 -1
2010: 2005 -1
2011: -1
2012: -1
2013: -1
2014: -1
2015: -1
2016: -1
2017: 2006 -1
2018: -1
2019: -1
2020: -1
2021: -1
2022: -1
2023: -1
2024: -1
2025: -1
2026: -1
2027: -1
2028: -1
2029: -1
2030: -1
2031: -1
2032: -1
2033: -1
2034: -1
2035: -1
2036: -1
2037: -1
2038: -1
2039: -1
2040: -1
2041: -1
2042: -1
2043: 90 -1
2044: 2047 2048 2050 2051 -1
2045: -1
2046: -1
2047: 108 294 442 460 466 476 499 715 1095 1481 1488 1489 1490 1495 1496 1507 1512 1515 1516 1517 1518 1615 1624 1630 1631 1633 1871 1986 1988 2234 2235 2236 2239 2242 2245 2247 2250 2251 2254 2257 2260 2263 2266 2270 2274 2277 2280 2284 2288 2291 2293 2300 2302 2305 2308 2310 2315 2319 2322 2324 2330 2334 2338 2361 2386 2391 2402 2412 2416 2422 2424 2425 2439 2591 -1
2048: -1
2049: -1
2050: -1
2051: -1
2052: -1
2053: -1
2054: -1
2055: 815 -1
2056: 1557 -1
2057: 725 884 1011 1299 1408 1822 2062 2063 2065 -1
2058: -1
2059: 256 831 837 1084 1962 2065 2392 2595 -1
2060: -1
2061: -1
2062: -1
2063: -1
2064: -1
2065: 2059 2060 2061 2062 2063 2064 -1
2066: 92 -1
2067: 92 -1
2068: 92 -1
2069: -1
2070: -1
2071: -1
2072: -1
2073: -1
2074: -1
2075: -1
2076: -1
2077: -1
2078: -1
2079: -1
2080: 93 -1
2081: 93 792 793 2082 2084 2087 2090 2091 -1
2082: -1
2083: -1
2084: -1
2085: -1
2086: -1
2087: -1
2088: -1
2089: 1139 -1
2090: -1
2091: -1
2092: -1
2093: -1
2094: -1
2095: -1
2096: 705 1509 1515 1516 1615 1624 1634 1986 1987 2101 2253 2342 2349 2372 2375 2395 2418 2971 -1
2097: -1
2098: -1
2099: -1
2100: -1
2101: 2094 2095 2096 2097 2098 2103 2104 2105 -1
2102: -1
2103: -1
2104: -1
2105: -1
2106: -1
2107: 95 1164 1165 1170 1171 -1
2108: 95 2107 -1
2109: 95 2057 2058 2539 2856 2884 -1
2110: -1
2111: 96 2124 -1
2112: -1
2113: -1
2114: -1
2115: -1
2116: -1
2117: -1
2118: -1
2119: -1
2120: -1
2121: -1
2122: -1
2123: -1
2124: -1
2125: -1
2126: -1
2127: -1
2128: -1
2129: -1
2130: -1
2131: -1
2132: -1
2133: -1
2134: -1
2135: -1
2136: -1
2137: -1
2138: -1
2139: -1
2140: 333 343 1264 -1
2141: -1
2142: -1
2143: -1
2144: -1
2145: -1
2146: -1
2147: -1
2148: -1
2149: -1
2150: -1
2151: -1
2152: -1
2153: -1
2154: -1
2155: -1
2156: -1
2157: -1
2158: -1
2159: -1
2160: -1
2161: -1
2162: -1
2163: -1
2164: -1
2165: 2166 2170 -1
2166: -1
2167: -1
2168: 2166 2170 -1
2169: -1
2170: -1
2171: -1
2172: -1
2173: 100 3234 -1
2174: 100 3234 -1
2175: 100 3234 -1
2176: -1
2177: -1
2178: -1
2179: -1
2180: -1
2181: -1
2182: -1
2183: -1
2184: -1
2185: -1
2186: 101 422 423 428 437 440 441 448 2176 2177 2178 2179 2180 2181 2182 2183 2184 2185 2191 2192 2193 2194 2195 2196 2197 2198 2865 -1
2187: 101 148 299 437 2100 2176 2177 2178 2179 2180 2181 2182 2183 2184 2185 2191 2192 2193 2194 2195 2196 2197 2198 2971 -1
2188: 101 2176 2177 2178 2179 2180 2181 2182 2183 2184 2185 2189 2191 2192 2193 2194 2195 2196 2197 2198 2201 -1
2189: 101 476 910 915 2054 2176 2177 2178 2179 2180 2181 2182 2183 2184 2185 2191 2192 2193 2194 2195 2196 2197 2198 2536 -1
2190: 101 174 210 1345 1820 2107 2176 2177 2178 2179 2180 2181 2182 2183 2184 2185 2191 2192 2193 2194 2195 2196 2197 2198 2265 2487 2656 -1
2191: -1
2192: -1
2193: -1
2194: -1
2195: -1
2196: -1
2197: -1
2198: -1
2199: 457 2183 2200 2201 2202 -1
2200: -1
2201: -1
2202: -1
2203: -1
2204: 102 2205 2206 2207 2208 -1
2205: -1
2206: -1
2207: -1
2208: -1
2209: -1
2210: 2209 -1
2211: -1
2212: -1
2213: 104 195 703 1647 -1
2214: -1
2215: -1
2216: -1
2217: 1280 -1
2218: -1
2219: 2220 -1
2220: 2218 2219 -1
2221: -1
2222: 2224 -1
2223: -1
2224: -1
2225: 107 2232 -1
2226: 107 -1
2227: 107 -1
2228: 107 -1
2229: 107 2232 -1
2230: 107 2834 -1
2231: -1
2232: -1
2233: -1
2234: -1
2235: -1
2236: -1
2237: 2234 -1
2238: -1
2239: -1
2240: -1
2241: -1
2242: -1
2243: 108 2242 2245 2247 2251 2254 2257 2260 2263 -1
2244: 108 2242 2245 2247 2251 2254 2257 2260 2263 2330 2334 2338 -1
2245: -1
2246: 108 2242 2245 2247 2251 2254 2257 2260 2263 2367 -1
2247: -1
2248: 108 2242 2245 2247 2249 2251 2254 2257 2260 2263 -1
2249: 108 2242 2245 2247 2250 2251 2254 2257 2260 2263 -1
2250: 2398 2415 -1
2251: -1
2252: 108 1516 2242 2245 2247 2251 2253 2254 2257 2260 2263 2313 2370 2400 -1
2253: 108 705 1634 2045 2242 2245 2247 2251 2252 2254 2257 2260 2263 2266 2270 2274 2277 2280 2284 2288 2291 2293 2300 2302 2305 2308 2310 2315 2319 2322 2324 2330 2334 2338 2342 2349 2354 2363 2370 2372 2385 2389 2395 2418 3034 -1
2254: -1
2255: 108 2242 2245 2247 2251 2254 2257 2260 2263 -1
2256: 108 374 378 2242 2245 2247 2251 2254 2257 2260 2263 -1
2257: -1
2258: 108 2242 2245 2247 2251 2254 2257 2260 2263 -1
2259: 108 2242 2245 2247 2251 2254 2257 2260 2263 -1
2260: -1
2261: 108 2242 2245 2247 2251 2254 2257 2260 2262 2263 2313 -1
2262: 108 312 1149 1509 1515 1516 1633 1986 2242 2245 2247 2251 2253 2254 2257 2260 2263 2266 2270 2274 2277 2280 2284 2288 2291 2293 2300 2302 2305 2308 2310 2315 2319 2322 2324 2330 2334 2338 2359 -1
2263: -1
2264: 108 2250 2265 2266 2270 2274 2277 2280 2284 2288 2291 2293 2300 2302 2305 2308 2310 2315 2319 2324 2372 2376 2382 2397 -1
2265: 108 460 1630 1631 1985 1986 1987 1988 1990 2242 2245 2247 2251 2253 2254 2257 2260 2263 2266 2270 2274 2277 2279 2280 2284 2288 2291 2293 2300 2302 2305 2308 2310 2315 2319 2322 2324 2330 2334 2338 2346 2352 2387 2395 2398 2414 2415 2423 2438 -1
2266: -1
2267: 108 2266 2270 2274 2277 2280 2284 2288 2291 2293 2300 2302 2305 2308 2310 2315 2319 2324 -1
2268: 108 2266 2270 2274 2277 2280 2284 2288 2291 2293 2300 2302 2305 2308 2310 2315 2319 2324 -1
2269: 108 2266 2270 2274 2277 2280 2284 2288 2291 2293 2300 2302 2305 2308 2310 2315 2319 2324 -1
2270: -1
2271: 108 2250 2266 2270 2274 2277 2280 2284 2288 2291 2293 2300 2302 2305 2308 2310 2315 2319 2324 -1
2272: 108 2266 2270 2274 2277 2280 2284 2288 2291 2293 2300 2302 2305 2308 2310 2315 2319 2324 -1
2273: 108 2266 2270 2274 2277 2280 2284 2288 2291 2293 2300 2302 2305 2308 2310 2315 2319 2324 -1
2274: -1
2275: 108 2266 2270 2274 2277 2280 2284 2288 2291 2293 2300 2302 2305 2308 2310 2313 2315 2319 2324 -1
2276: 108 2266 2270 2274 2277 2280 2284 2288 2291 2293 2300 2302 2305 2308 2310 2313 2315 2319 2324 -1
2277: -1
2278: 108 2250 2262 2266 2270 2274 2277 2280 2284 2288 2291 2293 2300 2302 2305 2308 2310 2315 2319 2324 -1
2279: 108 437 705 711 971 972 978 1503 1509 1516 1610 1615 1624 1627 1630 1631 1638 1642 1986 1987 1990 2253 2266 2270 2274 2277 2280 2284 2288 2291 2293 2300 2302 2305 2308 2310 2315 2319 2324 2348 2353 2367 2372 2375 2386 2398 2402 2409 2410 2412 2415 2416 2421 2423 2424 2426 2429 2438 -1
2280: -1
2281: 108 2266 2270 2274 2277 2280 2284 2288 2291 2293 2300 2302 2305 2308 2310 2315 2319 2324 -1
2282: 108 2266 2270 2274 2277 2280 2284 2288 2291 2293 2300 2302 2305 2308 2310 2315 2319 2324 -1
2283: 108 2266 2270 2274 2277 2280 2284 2288 2291 2293 2300 2302 2305 2308 2310 2315 2319 2324 -1
2284: -1
2285: 108 2266 2270 2274 2277 2280 2284 2288 2291 2293 2300 2302 2305 2308 2310 2315 2319 2324 -1
2286: 108 1501 1990 2242 2245 2247 2251 2254 2257 2260 2263 2266 2270 2274 2277 2279 2280 2284 2288 2291 2293 2300 2302 2305 2308 2310 2315 2319 2322 2324 2330 2334 2338 2345 2355 2395 -1
2287: 108 302 1516 2266 2270 2274 2277 2280 2284 2288 2291 2293 2300 2302 2305 2308 2310 2315 2319 2324 2607 3184 -1
2288: -1
2289: 108 2266 2270 2274 2277 2280 2284 2288 2291 2293 2300 2302 2305 2308 2310 2315 2319 2324 -1
2290: 108 2266 2270 2274 2277 2280 2284 2288 2291 2293 2300 2302 2305 2308 2310 2315 2319 2324 -1
2291: -1
2292: 108 2266 2270 2274 2277 2280 2284 2288 2291 2293 2300 2302 2305 2308 2310 2315 2319 2324 -1
2293: -1
2294: 108 2266 2270 2274 2277 2280 2284 2288 2291 2293 2296 2300 2302 2305 2308 2310 2315 2319 2324 -1
2295: 108 2266 2270 2274 2277 2280 2284 2288 2291 2293 2296 2300 2302 2305 2308 2310 2315 2319 2324 -1
2296: 108 1630 1631 2266 2270 2274 2277 2280 2284 2288 2291 2293 2300 2302 2305 2308 2310 2315 2319 2324 2595 -1
2297: 108 2266 2270 2274 2277 2280 2284 2288 2291 2293 2300 2302 2305 2308 2310 2315 2319 2324 -1
2298: 108 2266 2270 2274 2277 2280 2284 2288 2291 2293 2300 2302 2305 2308 2310 2315 2319 2324 -1
2299: 108 2253 2266 2270 2274 2277 2280 2284 2288 2291 2293 2300 2302 2305 2308 2310 2315 2319 2324 2404 -1
2300: -1
2301: 108 2266 2270 2274 2277 2280 2284 2288 2291 2293 2300 2302 2305 2308 2310 2313 2315 2319 2324 -1
2302: 2370 -1
2303: 108 2266 2270 2274 2277 2280 2284 2288 2291 2293 2300 2302 2305 2308 2310 2315 2319 2324 -1
2304: 108 2266 2270 2274 2277 2280 2284 2288 2291 2293 2300 2302 2305 2308 2310 2315 2319 2324 -1
2305: -1
2306: 108 2266 2270 2274 2277 2280 2284 2288 2291 2293 2300 2302 2305 2308 2310 2315 2319 2324 -1
2307: 108 2266 2270 2274 2277 2280 2284 2288 2291 2293 2300 2302 2305 2308 2310 2315 2319 2324 -1
2308: -1
2309: 108 2266 2270 2274 2277 2280 2284 2288 2291 2293 2300 2302 2305 2308 2310 2315 2319 2324 -1
2310: -1
2311: 108 2266 2270 2274 2277 2280 2284 2288 2291 2293 2300 2302 2305 2308 2310 2315 2319 2324 -1
2312: 108 2266 2270 2274 2277 2280 2284 2288 2291 2293 2300 2302 2305 2308 2310 2313 2315 2319 2324 -1
2313: 108 1509 1516 1634 2242 2245 2247 2251 2254 2257 2260 2263 2266 2270 2274 2277 2280 2284 2288 2291 2293 2300 2302 2305 2308 2310 2315 2319 2322 2324 2330 2334 2338 2342 2348 2349 2361 2371 2385 2398 2407 2414 2415 2419 2425 2437 -1
2314: 108 2266 2270 2274 2277 2280 2284 2288 2291 2293 2300 2302 2305 2308 2310 2315 2319 2324 -1
2315: -1
2316: 108 2266 2270 2274 2277 2280 2284 2288 2291 2293 2300 2302 2305 2308 2310 2315 2319 2324 -1
2317: 108 1351 1634 1986 1987 1990 2266 2270 2274 2277 2280 2284 2288 2291 2293 2300 2302 2305 2308 2310 2315 2316 2319 2324 2349 -1
2318: 108 1514 2242 2245 2247 2251 2254 2257 2260 2263 2266 2270 2274 2277 2280 2284 2288 2291 2293 2300 2302 2305 2308 2310 2315 2319 2322 2324 2330 2334 2338 2346 2385 2395 2398 2415 2422 -1
2319: -1
2320: 108 2266 2270 2274 2277 2280 2284 2288 2291 2293 2300 2302 2305 2308 2310 2315 2319 2324 -1
2321: 108 2266 2270 2274 2277 2280 2284 2288 2291 2293 2300 2302 2305 2308 2310 2315 2319 2322 2324 -1
2322: -1
2323: 108 2266 2270 2274 2277 2280 2284 2288 2291 2293 2300 2302 2305 2308 2310 2315 2319 2322 2324 -1
2324: -1
2325: 108 712 983 2330 2334 2338 -1
2326: 108 2330 2334 2338 2423 -1
2327: 108 2330 2334 2338 -1
2328: 108 485 983 1607 1611 1612 1617 1619 1635 2330 2334 2338 2395 2971 -1
2329: 108 2330 2334 2338 2395 3043 -1
2330: -1
2331: 108 2330 2334 2338 -1
2332: 108 2330 2334 2338 -1
2333: 108 218 229 302 309 350 359 367 390 415 482 603 620 630 717 781 813 816 824 831 832 961 980 981 1006 1012 1065 1279 1299 1302 1339 1516 1562 1574 1811 1822 2034 2156 2157 2262 2286 2330 2331 2334 2338 2348 2400 2450 2497 2503 2531 2536 2653 2741 2891 2903 2971 -1
2334: -1
2335: 108 1494 1515 2330 2334 2336 2337 2338 -1
2336: 108 1488 1495 1516 2253 2330 2334 2338 2743 -1
2337: 108 2330 2334 2338 -1
2338: -1
2339: 108 2242 2245 2247 2251 2254 2257 2260 2263 2266 2270 2274 2277 2280 2284 2288 2291 2293 2300 2302 2305 2308 2310 2315 2319 2322 2324 2330 2334 2338 -1
2340: 108 2242 2245 2247 2251 2253 2254 2257 2260 2263 2266 2270 2274 2277 2280 2284 2288 2291 2293 2300 2302 2305 2308 2310 2315 2319 2322 2324 2330 2334 2338 -1
2341: 108 2242 2245 2247 2251 2254 2257 2260 2263 2266 2270 2274 2277 2280 2284 2288 2291 2293 2300 2302 2305 2308 2310 2315 2319 2322 2324 2330 2334 2338 2370 -1
2342: 108 1634 1986 2242 2245 2247 2251 2253 2254 2257 2260 2263 2266 2270 2274 2277 2280 2284 2288 2291 2293 2300 2302 2305 2308 2310 2313 2315 2319 2322 2324 2330 2334 2338 2349 2352 2400 -1
2343: 108 2242 2245 2247 2251 2254 2257 2260 2263 2266 2270 2274 2277 2280 2284 2288 2291 2293 2300 2302 2305 2308 2310 2313 2315 2319 2322 2324 2330 2334 2338 -1
2344: 108 1601 2242 2245 2247 2250 2251 2254 2257 2260 2263 2266 2270 2274 2277 2280 2284 2288 2291 2293 2300 2302 2305 2308 2310 2313 2315 2319 2322 2324 2330 2334 2338 2342 2361 2389 2402 -1
2345: 108 1601 1615 1624 1627 1986 1987 1990 2235 2242 2245 2247 2251 2253 2254 2257 2260 2263 2266 2270 2274 2277 2279 2280 2284 2286 2288 2291 2293 2300 2302 2305 2308 2310 2315 2319 2322 2324 2330 2334 2338 2365 2371 2385 2386 2398 2410 2415 2416 2419 2437 -1
2346: 108 2242 2245 2247 2251 2254 2257 2260 2263 2266 2270 2274 2277 2280 2284 2288 2291 2293 2300 2302 2305 2308 2310 2315 2319 2322 2324 2330 2334 2338 2367 -1
2347: 108 1516 2242 2245 2247 2251 2254 2257 2260 2263 2266 2270 2274 2277 2280 2284 2288 2291 2293 2300 2302 2305 2308 2310 2315 2319 2322 2324 2330 2334 2338 2342 -1
2348: 108 189 466 469 484 707 739 1424 1507 1516 1601 1634 1987 1990 2045 2048 2242 2245 2247 2250 2251 2253 2254 2257 2260 2263 2266 2270 2274 2277 2279 2280 2284 2288 2291 2293 2300 2302 2305 2308 2310 2313 2315 2319 2322 2324 2330 2334 2338 2347 2349 2352 2356 2359 2363 2367 2372 2375 2376 2385 2387 2395 2398 2407 2413 2414 2415 2417 2418 2423 2424 2596 2887 -1
2349: 108 1089 1509 1615 1624 1627 1986 2242 2245 2247 2251 2252 2253 2254 2257 2260 2263 2266 2270 2274 2277 2280 2284 2288 2291 2293 2300 2302 2305 2308 2310 2313 2315 2319 2322 2324 2330 2334 2338 2342 2372 -1
2350: 108 1985 2242 2245 2247 2251 2254 2257 2260 2263 2266 2270 2274 2277 2280 2284 2288 2291 2293 2300 2302 2305 2308 2310 2315 2319 2322 2324 2330 2334 2338 2375 2406 2439 -1
2351: 108 204 1610 1986 1987 2242 2245 2247 2251 2254 2257 2260 2263 2266 2270 2274 2277 2279 2280 2284 2288 2291 2293 2300 2302 2305 2308 2310 2315 2319 2322 2324 2330 2334 2338 2352 2371 2387 2414 2419 2425 2437 -1
2352: 108 2242 2245 2247 2251 2253 2254 2257 2260 2263 2266 2270 2274 2277 2280 2284 2288 2291 2293 2300 2302 2305 2308 2310 2315 2319 2322 2324 2330 2334 2338 2387 2389 2395 2414 3034 -1
2353: 108 466 1610 1630 1631 1987 2242 2245 2247 2251 2252 2254 2257 2260 2263 2266 2270 2274 2277 2280 2284 2288 2291 2293 2300 2302 2305 2308 2310 2315 2319 2322 2324 2330 2334 2338 2342 2370 2371 2385 2391 2407 2418 2419 2423 2430 2437 -1
2354: 108 466 1196 1516 2049 2242 2245 2247 2251 2253 2254 2257 2260 2263 2266 2270 2274 2277 2279 2280 2284 2288 2291 2293 2300 2302 2305 2308 2310 2315 2319 2322 2324 2330 2334 2338 2359 2363 2430 2888 -1
2355: 108 2242 2245 2247 2251 2254 2257 2260 2263 2266 2270 2274 2277 2280 2284 2288 2291 2293 2300 2302 2305 2308 2310 2315 2319 2322 2324 2330 2334 2338 2372 -1
2356: 108 2242 2245 2247 2251 2254 2257 2260 2263 2266 2270 2274 2277 2280 2284 2288 2291 2293 2300 2302 2305 2308 2310 2315 2319 2322 2324 2330 2334 2338 -1
2357: 108 1986 1987 2242 2245 2247 2251 2253 2254 2257 2260 2263 2266 2270 2274 2277 2280 2284 2288 2291 2293 2300 2302 2305 2308 2310 2315 2319 2322 2324 2330 2334 2338 2342 2352 2385 2387 2389 2390 2391 2414 2438 -1
2358: 108 189 997 1509 1516 1518 1610 1615 1618 1624 1630 1631 1642 1643 1986 1987 2242 2245 2247 2251 2253 2254 2257 2260 2263 2266 2270 2274 2277 2280 2284 2288 2291 2293 2300 2302 2305 2308 2310 2315 2319 2322 2324 2330 2334 2338 2424 -1
2359: 108 465 466 1516 1617 1636 2242 2245 2247 2251 2252 2253 2254 2257 2260 2262 2263 2266 2270 2274 2277 2280 2284 2288 2291 2293 2300 2302 2305 2308 2310 2315 2319 2322 2324 2330 2334 2338 2354 2363 2370 2385 2389 2407 -1
2360: 108 204 1990 2242 2245 2247 2251 2254 2257 2260 2263 2266 2270 2274 2277 2280 2284 2288 2291 2293 2300 2302 2305 2308 2310 2313 2315 2319 2322 2324 2330 2334 2338 2352 2387 2393 2398 2407 2412 2414 2415 2428 2430 2434 2439 -1
2361: 108 2242 2245 2247 2251 2254 2257 2260 2263 2266 2270 2274 2277 2280 2284 2288 2291 2293 2300 2302 2305 2308 2310 2313 2315 2319 2322 2324 2330 2334 2338 -1
2362: 108 2242 2245 2247 2251 2254 2257 2260 2263 2266 2270 2274 2277 2280 2284 2288 2291 2293 2300 2302 2305 2308 2310 2315 2319 2322 2324 2330 2334 2338 -1
2363: 108 465 466 2242 2245 2247 2250 2251 2253 2254 2257 2260 2263 2266 2270 2274 2277 2280 2284 2288 2291 2293 2300 2302 2305 2308 2310 2315 2319 2322 2324 2330 2334 2338 2352 2354 2359 2385 2395 -1
2364: 108 1509 1514 1516 1519 1642 1986 1987 2242 2245 2247 2251 2252 2253 2254 2257 2260 2263 2266 2270 2274 2277 2280 2284 2288 2291 2293 2300 2302 2305 2308 2310 2315 2319 2322 2324 2330 2334 2338 2372 2375 2404 -1
2365: 108 1986 1987 1988 2242 2245 2247 2250 2251 2253 2254 2257 2260 2263 2266 2270 2274 2277 2280 2284 2288 2291 2293 2300 2302 2305 2308 2310 2315 2319 2322 2324 2330 2334 2338 2395 -1
2366: 108 518 1987 2045 2242 2245 2247 2251 2253 2254 2257 2260 2263 2266 2270 2274 2277 2280 2284 2288 2291 2293 2300 2302 2305 2308 2310 2313 2315 2319 2322 2324 2330 2334 2338 2342 2352 2359 2363 2385 2392 2395 -1
2367: 108 2242 2245 2247 2251 2253 2254 2257 2260 2263 2266 2270 2274 2277 2279 2280 2284 2288 2291 2293 2300 2302 2305 2308 2310 2315 2319 2322 2324 2330 2334 2338 2346 2385 2423 -1
2368: 108 294 460 705 1496 1515 1610 1630 1631 1986 1987 1990 2242 2245 2247 2250 2251 2253 2254 2257 2260 2263 2265 2266 2270 2274 2277 2279 2280 2284 2288 2291 2293 2300 2302 2305 2308 2310 2315 2319 2322 2324 2330 2334 2338 2378 2385 2386 2395 2402 2416 2423 2430 -1
2369: 108 1518 2242 2245 2247 2251 2253 2254 2257 2260 2263 2266 2270 2274 2277 2280 2284 2288 2291 2293 2300 2302 2305 2308 2310 2315 2319 2322 2324 2330 2334 2338 -1
2370: 108 1987 2242 2245 2247 2251 2252 2253 2254 2257 2260 2263 2266 2270 2274 2277 2280 2284 2288 2291 2293 2300 2302 2305 2308 2310 2315 2319 2322 2324 2330 2334 2338 2359 2392 2395 -1
2371: 108 189 270 312 466 478 506 1424 1495 1496 1507 1516 1615 1624 1627 1629 1634 1987 1990 2235 2242 2245 2247 2250 2251 2254 2257 2260 2263 2266 2270 2274 2277 2280 2284 2288 2291 2293 2300 2302 2305 2308 2310 2313 2315 2319 2322 2324 2330 2334 2338 2349 2359 2370 2375 2385 2386 2387 2389 2391 2397 2404 2410 2416 2417 2423 2431 2436 2451 2596 -1
2372: 108 705 711 1634 2242 2245 2247 2250 2251 2253 2254 2257 2260 2263 2266 2270 2274 2277 2280 2284 2288 2291 2293 2300 2302 2305 2308 2310 2315 2319 2322 2324 2330 2334 2338 2385 -1
2373: 108 2242 2245 2247 2251 2254 2257 2260 2263 2266 2270 2274 2277 2280 2284 2288 2291 2293 2300 2302 2305 2308 2310 2315 2319 2322 2324 2330 2334 2338 -1
2374: 108 1610 1630 1631 1634 1986 2242 2245 2247 2251 2253 2254 2257 2260 2263 2266 2270 2274 2277 2280 2284 2288 2291 2293 2300 2302 2305 2308 2310 2313 2315 2319 2322 2324 2330 2334 2338 2389 2391 2417 2436 2596 -1
2375: 108 294 1514 1634 1986 1987 2242 2245 2247 2251 2254 2257 2260 2263 2266 2270 2274 2277 2280 2284 2288 2291 2293 2300 2302 2305 2308 2310 2313 2315 2319 2322 2324 2330 2334 2338 2386 2416 -1
2376: 108 2242 2245 2247 2251 2254 2257 2260 2263 2266 2270 2274 2277 2280 2284 2288 2291 2293 2300 2302 2305 2308 2310 2315 2319 2322 2324 2330 2334 2338 2342 2385 2418 -1
2377: 1634 1986 2253 2313 2342 2359 2418 -1
2378: 108 302 1987 1988 2242 2245 2247 2251 2254 2257 2260 2263 2266 2270 2274 2277 2279 2280 2284 2288 2291 2293 2300 2302 2305 2308 2310 2315 2319 2322 2324 2330 2334 2338 2393 2410 2423 -1
2379: 108 1043 1987 1990 2045 2242 2245 2247 2250 2251 2253 2254 2257 2260 2263 2266 2270 2274 2277 2279 2280 2284 2286 2288 2291 2293 2300 2302 2305 2308 2310 2315 2318 2319 2322 2324 2330 2334 2338 2370 2393 2395 2410 2423 2431 -1
2380: 108 2242 2245 2247 2250 2251 2254 2257 2260 2263 2266 2270 2274 2277 2280 2284 2288 2291 2293 2300 2302 2305 2308 2310 2315 2319 2322 2324 2330 2334 2338 2370 2389 2400 2412 2431 2435 -1
2381: 108 2242 2245 2247 2251 2254 2257 2260 2263 2266 2270 2274 2277 2280 2284 2288 2291 2293 2300 2302 2305 2308 2310 2315 2319 2322 2324 2330 2334 2338 -1
2382: 108 466 1986 1987 2242 2245 2247 2250 2251 2253 2254 2257 2260 2263 2266 2270 2274 2277 2280 2284 2288 2291 2293 2300 2302 2305 2308 2310 2313 2315 2319 2322 2324 2330 2334 2338 2386 2395 2416 2422 -1
2383: 108 705 1610 1630 1631 1988 1990 2242 2245 2247 2251 2253 2254 2257 2260 2263 2266 2270 2274 2277 2280 2284 2288 2291 2293 2300 2302 2305 2308 2310 2315 2319 2322 2324 2330 2334 2338 2355 2372 -1
2384: 108 2242 2245 2247 2251 2254 2257 2260 2263 2266 2270 2274 2277 2279 2280 2284 2288 2291 2293 2300 2302 2305 2308 2310 2313 2315 2319 2322 2324 2330 2334 2338 2371 2389 2419 2436 2437 -1
2385: 108 2242 2245 2247 2251 2253 2254 2257 2260 2263 2266 2270 2274 2277 2280 2284 2288 2291 2293 2300 2302 2305 2308 2310 2315 2319 2322 2324 2330 2334 2338 2389 2418 -1
2386: 108 1986 1987 2242 2245 2247 2251 2253 2254 2257 2260 2263 2266 2270 2274 2277 2279 2280 2284 2288 2291 2293 2300 2302 2305 2308 2310 2313 2315 2319 2322 2324 2330 2334 2338 2375 2385 -1
2387: 108 2242 2245 2247 2251 2254 2257 2260 2263 2266 2270 2274 2277 2280 2284 2288 2291 2293 2300 2302 2305 2308 2310 2315 2319 2322 2324 2330 2334 2338 2352 2425 -1
2388: 108 1898 1986 2242 2245 2247 2251 2252 2254 2257 2260 2263 2266 2270 2274 2277 2280 2284 2288 2291 2293 2300 2302 2305 2308 2310 2313 2315 2319 2322 2324 2330 2334 2338 2386 2416 -1
2389: 108 2242 2245 2247 2251 2253 2254 2257 2260 2263 2266 2270 2274 2277 2280 2284 2288 2291 2293 2300 2302 2305 2308 2310 2315 2319 2322 2324 2330 2334 2338 2346 2352 2359 2380 2392 -1
2390: 108 1987 2242 2245 2247 2251 2254 2257 2260 2263 2266 2270 2274 2277 2280 2284 2288 2291 2293 2300 2302 2305 2308 2310 2315 2319 2322 2324 2330 2334 2338 2389 2407 2428 2434 -1
2391: 108 1988 2242 2245 2247 2251 2254 2257 2260 2263 2266 2270 2274 2277 2280 2284 2288 2291 2293 2300 2302 2305 2308 2310 2313 2315 2319 2322 2324 2330 2334 2338 2371 2385 2419 2425 2437 -1
2392: 108 1987 2242 2245 2247 2251 2253 2254 2257 2260 2263 2266 2270 2274 2277 2280 2284 2288 2291 2293 2300 2302 2305 2308 2310 2315 2319 2322 2324 2330 2334 2338 2352 2363 2370 2389 -1
2393: 108 2242 2245 2247 2251 2254 2257 2260 2263 2266 2270 2274 2277 2280 2284 2288 2291 2293 2300 2302 2305 2308 2310 2315 2319 2322 2324 2330 2334 2338 -1
2394: 108 1986 1987 2242 2245 2247 2251 2254 2257 2260 2263 2266 2270 2274 2277 2280 2284 2288 2291 2293 2300 2302 2305 2308 2310 2315 2319 2322 2324 2330 2334 2338 2352 2387 2414 -1
2395: 108 735 1509 1515 1516 1610 1630 1631 1634 1987 2242 2245 2247 2251 2253 2254 2257 2260 2263 2265 2266 2270 2274 2277 2280 2284 2288 2291 2293 2300 2302 2305 2308 2310 2315 2319 2322 2324 2330 2334 2338 2342 2352 2359 2370 2389 2402 2417 2418 3034 -1
2396: 108 2242 2245 2247 2251 2254 2257 2260 2263 2266 2270 2274 2277 2280 2284 2288 2291 2293 2300 2302 2305 2308 2310 2315 2319 2322 2324 2330 2334 2338 -1
2397: 108 1987 2242 2245 2247 2250 2251 2254 2257 2260 2263 2266 2270 2274 2277 2280 2284 2288 2291 2293 2300 2302 2305 2308 2310 2313 2315 2319 2322 2324 2330 2334 2338 2417 -1
2398: 108 2242 2245 2247 2250 2251 2254 2257 2260 2263 2266 2270 2274 2277 2279 2280 2284 2288 2291 2293 2300 2302 2305 2308 2310 2313 2315 2319 2322 2324 2330 2334 2338 2387 2414 -1
2399: 108 2242 2245 2247 2251 2254 2257 2260 2263 2266 2270 2274 2277 2280 2284 2288 2291 2293 2300 2302 2305 2308 2310 2315 2319 2322 2324 2330 2334 2338 2389 2439 -1
2400: 108 816 1495 1509 1515 1601 1634 1986 1987 2242 2245 2247 2251 2253 2254 2257 2260 2263 2266 2270 2274 2277 2280 2284 2288 2291 2293 2300 2302 2305 2308 2310 2313 2315 2319 2322 2324 2330 2334 2338 2342 2349 2372 2385 2389 2392 2395 2436 -1
2401: 108 189 466 481 705 711 1424 1496 1509 1516 1566 1601 1605 1610 1613 1617 1627 1630 1631 1642 1898 1986 1987 1988 1990 2242 2245 2247 2251 2253 2254 2257 2260 2263 2266 2270 2274 2277 2279 2280 2284 2286 2288 2291 2293 2300 2302 2305 2308 2310 2313 2315 2319 2322 2324 2330 2334 2338 2348 2353 2370 2371 2372 2376 2382 2383 2398 2400 2404 2405 2406 2409 2412 2414 2415 2417 2419 2422 2423 2424 2426 2427 2429 2436 2437 2438 -1
2402: -1
2403: -1
2404: -1
2405: -1
2406: 914 983 1516 2253 2336 2337 -1
2407: -1
2408: 914 -1
2409: -1
2410: -1
2411: -1
2412: -1
2413: -1
2414: -1
2415: -1
2416: -1
2417: -1
2418: 2253 -1
2419: -1
2420: -1
2421: -1
2422: 1610 -1
2423: -1
2424: -1
2425: -1
2426: -1
2427: -1
2428: -1
2429: -1
2430: -1
2431: -1
2432: -1
2433: -1
2434: -1
2435: -1
2436: -1
2437: -1
2438: -1
2439: -1
2440: -1
2441: -1
2442: 109 2440 2441 -1
2443: 109 2440 2441 -1
2444: -1
2445: -1
2446: -1
2447: -1
2448: -1
2449: -1
2450: -1
2451: -1
2452: -1
2453: -1
2454: -1
2455: -1
2456: -1
2457: -1
2458: -1
2459: -1
2460: -1
2461: -1
2462: -1
2463: -1
2464: -1
2465: -1
2466: -1
2467: -1
2468: -1
2469: -1
2470: -1
2471: -1
2472: -1
2473: -1
2474: -1
2475: -1
2476: -1
2477: -1
2478: -1
2479: -1
2480: -1
2481: -1
2482: -1
2483: -1
2484: -1
2485: -1
2486: 726 764 1168 2460 2485 -1
2487: 112 652 692 700 2142 2489 2498 -1
2488: 112 -1
2489: -1
2490: -1
2491: -1
2492: -1
2493: 2490 -1
2494: -1
2495: -1
2496: -1
2497: -1
2498: -1
2499: -1
2500: -1
2501: 113 -1
2502: 113 826 930 941 1084 -1
2503: -1
2504: 1123 2558 -1
2505: -1
2506: -1
2507: -1
2508: -1
2509: -1
2510: -1
2511: -1
2512: -1
2513: -1
2514: -1
2515: -1
2516: -1
2517: -1
2518: 745 -1
2519: -1
2520: -1
2521: -1
2522: -1
2523: -1
2524: -1
2525: -1
2526: -1
2527: -1
2528: -1
2529: -1
2530: -1
2531: -1
2532: -1
2533: -1
2534: -1
2535: -1
2536: -1
2537: -1
2538: -1
2539: -1
2540: 117 771 2892 -1
2541: -1
2542: -1
2543: -1
2544: 222 260 270 277 282 291 293 405 406 410 415 524 533 725 763 771 807 823 824 831 880 884 885 892 894 932 983 1011 1083 1196 1299 1406 1675 1822 1840 1919 1967 2050 2126 2167 2375 2543 2654 2971 3052 3063 -1
2545: 2551 -1
2546: 2551 -1
2547: 2551 -1
2548: 2551 -1
2549: 823 824 2551 -1
2550: 2551 -1
2551: 118 897 1822 2137 2456 2556 -1
2552: 2551 -1
2553: 2551 -1
2554: 293 745 2551 -1
2555: 192 293 1406 2551 -1
2556: -1
2557: -1
2558: -1
2559: 120 2567 2568 2569 2570 2571 2572 2573 2574 2576 2577 2578 2579 2580 -1
2560: 120 2567 2568 2569 2570 2571 2572 2573 2574 2576 2577 2578 2579 2580 -1
2561: 120 273 280 505 2456 2971 -1
2562: 120 2567 2568 2569 2570 2571 2572 2573 2574 2575 2576 2577 2578 2579 2580 2582 -1
2563: 120 2567 2568 2569 2570 2571 2572 2573 2574 2575 2576 2577 2578 2579 2580 -1
2564: 120 2567 2568 2569 2570 2571 2572 2573 2574 2575 2576 2577 2578 2579 2580 -1
2565: 120 2567 2568 2569 2570 2571 2572 2573 2574 2575 2576 2577 2578 2579 2580 -1
2566: 120 2567 2568 2569 2570 2571 2572 2573 2574 2575 2576 2577 2578 2579 2580 -1
2567: -1
2568: -1
2569: -1
2570: -1
2571: -1
2572: -1
2573: -1
2574: -1
2575: 816 818 2050 2439 3063 -1
2576: -1
2577: -1
2578: -1
2579: -1
2580: -1
2581: -1
2582: -1
2583: 121 2594 -1
2584: -1
2585: -1
2586: -1
2587: -1
2588: -1
2589: -1
2590: -1
2591: -1
2592: -1
2593: -1
2594: -1
2595: -1
2596: -1
2597: -1
2598: -1
2599: -1
2600: -1
2601: 2605 -1
2602: -1
2603: -1
2604: -1
2605: -1
2606: -1
2607: -1
2608: -1
2609: 122 1118 -1
2610: -1
2611: -1
2612: -1
2613: -1
2614: -1
2615: 124 2761 -1
2616: 124 -1
2617: 124 -1
2618: 124 -1
2619: 124 -1
2620: 124 -1
2621: 124 474 1557 2641 -1
2622: 124 504 1333 1334 1338 1516 2056 2372 2402 2478 2482 2725 2886 -1
2623: 124 2641 -1
2624: 124 191 773 1634 2137 2349 2656 -1
2625: 124 -1
2626: 124 198 709 1557 1843 2100 2638 2640 2641 2643 2644 -1
2627: 124 2638 2640 2641 2644 -1
2628: 124 2644 -1
2629: 124 2641 -1
2630: 124 443 501 2640 2641 3119 -1
2631: 124 2640 -1
2632: 124 -1
2633: 124 -1
2634: 124 -1
2635: 124 -1
2636: 124 2638 2644 -1
2637: -1
2638: 2641 2644 -1
2639: -1
2640: -1
2641: -1
2642: 2398 2415 -1
2643: -1
2644: -1
2645: -1
2646: 125 733 2769 2770 2771 2772 2773 2774 2775 2776 2777 2778 2779 2780 2781 2782 2783 2784 2785 2786 2787 2788 2789 2790 2791 2792 2793 2794 2795 2796 2797 2798 2971 -1
2647: 2276 -1
2648: 126 2657 -1
2649: 126 2657 -1
2650: 126 2657 -1
2651: 126 2657 -1
2652: -1
2653: -1
2654: -1
2655: -1
2656: -1
2657: -1
2658: 127 568 851 855 998 1016 1065 1183 2157 -1
2659: 127 277 556 566 948 958 963 1009 1016 -1
2660: 127 234 357 402 405 851 951 958 959 990 995 1012 1016 1188 1191 2157 -1
2661: 127 233 234 242 246 247 249 402 536 568 851 989 990 995 1011 1188 1521 1966 2164 3195 -1
2662: 128 2663 -1
2663: 2662 -1
2664: -1
2665: -1
2666: -1
2667: 841 2668 -1
2668: -1
2669: 248 390 396 399 402 404 405 407 528 566 568 841 855 948 990 995 1809 2001 2145 2147 2151 2156 2157 2159 2666 2668 -1
2670: -1
2671: -1
2672: -1
2673: 2144 2163 -1
2674: 129 -1
2675: 129 2683 2684 2685 2686 2687 2688 2689 2690 2691 2693 2694 2695 2696 2697 2698 2699 2700 2701 2702 2703 2704 2705 2706 2707 2708 2709 2710 2711 2712 2713 2714 2715 2716 2717 2718 2719 2721 2722 2723 2724 -1
2676: 129 2683 2684 2685 2686 2687 2688 2689 2690 2691 2693 2694 2695 2696 2697 2698 2699 2700 2701 2702 2703 2704 2705 2706 2707 2708 2709 2710 2712 2713 2714 2715 2716 2717 2718 2719 2721 2722 2723 2724 -1
2677: 129 -1
2678: 129 -1
2679: 129 214 849 892 1507 1509 1515 1516 2683 2684 2685 2686 2687 2689 2690 2693 2694 2695 2696 2697 2698 2699 2700 2701 2702 2703 2704 2705 2706 2707 2708 2709 2710 2711 2712 2713 2714 2715 2716 2717 2720 2721 2722 2723 -1
2680: 129 2132 2683 2684 2685 2686 2689 2690 2695 2696 2699 2700 2701 2702 2704 2708 2715 2716 2717 3184 -1
2681: 129 2683 2685 2686 2689 2690 2695 2696 2699 2700 2702 2703 2704 2711 2713 2715 2716 2717 2721 2722 -1
2682: 2680 2681 2691 2718 2719 2724 -1
2683: 2680 2681 -1
2684: 2681 -1
2685: 2680 2681 -1
2686: -1
2687: -1
2688: -1
2689: -1
2690: -1
2691: 2688 2694 2710 2712 2721 2723 -1
2692: -1
2693: 2711 -1
2694: -1
2695: -1
2696: 2681 2691 2711 2718 2719 2724 -1
2697: -1
2698: -1
2699: 2680 2681 -1
2700: -1
2701: -1
2702: 2691 2718 2719 -1
2703: -1
2704: -1
2705: -1
2706: -1
2707: -1
2708: 2711 -1
2709: -1
2710: 2679 2691 2711 2718 2719 2724 -1
2711: 2722 -1
2712: 2680 2681 2724 -1
2713: 2691 -1
2714: -1
2715: -1
2716: -1
2717: -1
2718: 2684 2688 2707 2712 -1
2719: 2687 2688 2693 2697 2698 2701 2703 2705 2706 2707 2708 2709 2713 2714 2720 2722 -1
2720: 2711 -1
2721: -1
2722: 360 897 3119 -1
2723: 2724 -1
2724: 2684 2688 2707 2711 2712 -1
2725: -1
2726: -1
2727: -1
2728: -1
2729: -1
2730: -1
2731: -1
2732: -1
2733: -1
2734: -1
2735: -1
2736: 446 1496 2007 -1
2737: 781 963 -1
2738: -1
2739: -1
2740: -1
2741: -1
2742: -1
2743: -1
2744: 2746 -1
2745: -1
2746: -1
2747: -1
2748: 141 408 -1
2749: 141 408 -1
2750: 141 408 -1
2751: 141 408 -1
2752: 141 408 -1
2753: 141 408 -1
2754: 141 408 -1
2755: 141 408 528 897 923 1042 2001 3063 3193 -1
2756: 141 408 -1
2757: 141 408 541 545 1043 -1
2758: 141 408 -1
2759: 141 212 408 -1
2760: 141 408 -1
2761: 141 408 -1
2762: 141 182 417 -1
2763: 141 182 417 -1
2764: 141 182 417 -1
2765: 141 182 417 -1
2766: 141 182 417 -1
2767: 141 182 353 417 809 972 973 1129 1280 1572 1633 1834 1842 1858 1920 2006 2150 2209 2224 2605 2613 2644 2746 2819 2908 2916 3001 3129 3183 3198 -1
2768: 141 182 353 417 809 972 973 1129 1280 1572 1633 1834 1842 1858 1920 2006 2150 2209 2224 2605 2613 2644 2746 2819 2908 2916 3001 3129 3183 3198 -1
2769: 142 -1
2770: 142 -1
2771: 142 -1
2772: 142 -1
2773: 142 -1
2774: 142 -1
2775: 142 -1
2776: 142 -1
2777: 142 -1
2778: 142 -1
2779: 142 -1
2780: 142 -1
2781: 142 -1
2782: 142 -1
2783: 142 -1
2784: 142 -1
2785: 142 -1
2786: 142 -1
2787: 142 -1
2788: 142 -1
2789: 142 -1
2790: 142 -1
2791: 142 -1
2792: 142 -1
2793: 142 -1
2794: 142 -1
2795: 142 -1
2796: 142 -1
2797: 142 -1
2798: 142 -1
2799: 142 172 1098 -1
2800: -1
2801: 143 2016 -1
2802: -1
2803: -1
2804: -1
2805: -1
2806: -1
2807: -1
2808: -1
2809: 146 2811 2812 2813 2814 2815 2816 -1
2810: 146 2811 2812 2813 2814 2815 2816 -1
2811: -1
2812: -1
2813: -1
2814: -1
2815: -1
2816: -1
2817: 2819 -1
2818: -1
2819: -1
2820: 148 -1
2821: 148 -1
2822: 148 -1
2823: 148 437 448 463 2422 2461 2834 -1
2824: 148 -1
2825: 148 -1
2826: 148 -1
2827: 148 -1
2828: 148 -1
2829: 148 -1
2830: 148 2439 -1
2831: 148 463 1557 -1
2832: 148 475 1557 -1
2833: 148 299 432 437 469 709 2100 2347 2889 -1
2834: 148 463 2823 -1
2835: 148 -1
2836: 148 -1
2837: 148 478 502 1478 1507 2451 -1
2838: 148 -1
2839: 148 -1
2840: 148 -1
2841: 148 -1
2842: 148 351 519 1607 1617 1629 2276 2372 2885 2971 -1
2843: 148 437 2359 2595 -1
2844: 148 294 429 466 707 717 1064 1089 1985 1986 1990 2253 2359 2375 2395 2407 2417 2434 2871 2872 -1
2845: 148 211 -1
2846: 148 211 983 986 2051 2375 2439 -1
2847: 148 211 1990 -1
2848: 148 489 -1
2849: 148 -1
2850: 148 -1
2851: 148 2853 -1
2852: 148 -1
2853: 148 449 980 1507 1509 1613 1990 2094 2095 2096 2097 2098 2103 2104 2105 2279 2413 2418 2423 2424 2461 2692 -1
2854: 148 462 1507 1990 2347 2348 2393 -1
2855: 148 211 299 314 425 432 433 437 469 478 486 502 700 709 712 717 719 722 816 825 885 980 1043 1133 1350 1478 1507 1557 1559 1648 2074 2094 2095 2096 2097 2098 2103 2104 2105 2250 2253 2276 2347 2375 2393 2430 2456 2971 -1
2856: 148 -1
2857: 148 432 2056 -1
2858: 148 -1
2859: 148 -1
2860: 148 -1
2861: 148 810 981 -1
2862: 148 2869 -1
2863: 148 487 -1
2864: 148 437 453 465 466 2359 2363 -1
2865: 148 424 437 482 -1
2866: 148 -1
2867: 148 302 396 461 515 603 775 920 980 985 1225 1516 1557 1652 2250 2595 3196 -1
2868: 148 -1
2869: 148 -1
2870: 148 211 463 980 1424 1985 2100 2230 2238 2240 2823 2834 2869 -1
2871: 148 980 1987 -1
2872: 148 -1
2873: 148 -1
2874: 148 -1
2875: 148 437 448 719 -1
2876: 148 -1
2877: 148 270 502 1478 1507 1985 -1
2878: 148 -1
2879: 148 463 715 2410 2834 -1
2880: 148 983 -1
2881: 148 430 437 -1
2882: 148 -1
2883: 148 459 469 495 501 981 2472 -1
2884: 148 -1
2885: -1
2886: -1
2887: -1
2888: -1
2889: -1
2890: 1244 1507 1516 2402 2423 2886 -1
2891: -1
2892: -1
2893: 150 429 700 1666 2034 2137 2455 2456 2871 2872 2895 2896 2897 2898 3146 -1
2894: 150 299 354 485 700 980 1188 2137 2223 2456 2539 2856 2895 2896 2897 2898 3146 -1
2895: -1
2896: -1
2897: -1
2898: -1
2899: -1
2900: -1
2901: -1
2902: -1
2903: -1
2904: -1
2905: -1
2906: 2907 2908 -1
2907: 2908 -1
2908: -1
2909: 1822 -1
2910: -1
2911: -1
2912: -1
2913: -1
2914: -1
2915: 2916 -1
2916: -1
2917: 2677 2678 2809 2810 -1
2918: 2677 2678 2809 2810 -1
2919: 2677 2678 2809 2810 -1
2920: 2677 2678 2809 2810 -1
2921: 2677 2678 2809 2810 -1
2922: 2677 2678 2809 2810 -1
2923: 2677 2678 2809 2810 -1
2924: 2677 2678 2809 2810 -1
2925: 2677 2678 2809 2810 -1
2926: 2677 2678 2809 2810 -1
2927: 2677 2678 2809 2810 -1
2928: 2677 2678 2809 2810 -1
2929: 2677 2678 2809 2810 -1
2930: 2677 2678 2809 2810 -1
2931: 2677 2678 2809 2810 -1
2932: 2677 2678 2809 2810 -1
2933: 2677 2678 2809 2810 -1
2934: 2677 2678 2809 2810 -1
2935: 2677 2678 2809 2810 -1
2936: 2677 2678 2809 2810 -1
2937: 2677 2678 2809 2810 -1
2938: 2677 2678 2809 2810 -1
2939: 2677 2678 2809 2810 -1
2940: 2677 2678 2809 2810 -1
2941: 2677 2678 2809 2810 -1
2942: 2677 2678 2809 2810 -1
2943: 2677 2678 2809 2810 -1
2944: 824 2677 2678 2809 2810 -1
2945: 2677 2678 2809 2810 -1
2946: 2677 2678 2809 2810 -1
2947: 2677 2678 2809 2810 -1
2948: 2677 2678 2809 2810 -1
2949: 154 181 2677 2678 2809 2810 2917 2918 2919 2920 2921 2922 2923 2924 2925 2926 2927 2928 2929 2930 2931 2932 2933 2934 2935 2936 2937 2938 2939 2940 2941 2942 2943 2944 2945 2946 2947 2948 2950 2951 2952 2953 2954 2955 2956 2957 2958 2959 2960 2961 2962 2963 2964 2965 2969 2974 3224 3225 -1
2950: 2809 -1
2951: 2809 -1
2952: 2809 -1
2953: 2809 -1
2954: 2809 -1
2955: 2809 -1
2956: 2809 -1
2957: 2809 -1
2958: 2809 -1
2959: 2809 -1
2960: 2809 -1
2961: 2809 -1
2962: 2809 -1
2963: 2809 -1
2964: 2809 -1
2965: -1
2966: -1
2967: -1
2968: -1
2969: -1
2970: -1
2971: -1
2972: -1
2973: -1
2974: -1
2975: -1
2976: -1
2977: 155 -1
2978: 155 -1
2979: -1
2980: -1
2981: -1
2982: 156 384 2983 2984 2985 2986 2987 2988 2989 2990 2992 2993 2994 2995 2996 2997 2998 2999 3000 3002 3003 3004 3005 3006 3007 3008 3009 3010 3011 3012 3013 3014 3015 3016 3017 3018 3019 3020 3021 3022 3023 3024 3025 3026 3027 3028 3029 3030 -1
2983: -1
2984: -1
2985: -1
2986: -1
2987: -1
2988: -1
2989: -1
2990: -1
2991: 3001 -1
2992: -1
2993: -1
2994: -1
2995: -1
2996: -1
2997: -1
2998: -1
2999: -1
3000: -1
3001: -1
3002: -1
3003: -1
3004: -1
3005: -1
3006: -1
3007: -1
3008: -1
3009: -1
3010: -1
3011: -1
3012: -1
3013: -1
3014: -1
3015: -1
3016: -1
3017: -1
3018: -1
3019: -1
3020: -1
3021: -1
3022: -1
3023: -1
3024: -1
3025: -1
3026: -1
3027: -1
3028: -1
3029: -1
3030: -1
3031: 157 1307 1308 1309 1310 1311 1312 1314 1315 1316 1317 1323 1324 1325 1326 1331 -1
3032: -1
3033: -1
3034: -1
3035: -1
3036: -1
3037: -1
3038: -1
3039: -1
3040: -1
3041: -1
3042: -1
3043: -1
3044: -1
3045: -1
3046: 162 3047 3048 3049 3050 3054 3055 3056 3057 3061 3062 3066 -1
3047: -1
3048: -1
3049: -1
3050: -1
3051: -1
3052: -1
3053: -1
3054: -1
3055: -1
3056: -1
3057: -1
3058: -1
3059: -1
3060: -1
3061: -1
3062: -1
3063: -1
3064: -1
3065: -1
3066: -1
3067: 163 1185 1192 3068 3069 3070 3071 3072 3073 3074 3075 3076 3077 3078 3079 3080 3081 3082 3083 3084 3085 3086 3087 3088 3089 3090 3091 3092 3093 3094 3095 3096 3097 3098 3099 3100 3101 3102 3103 3104 3105 3106 -1
3068: -1
3069: -1
3070: -1
3071: -1
3072: -1
3073: -1
3074: -1
3075: -1
3076: -1
3077: -1
3078: -1
3079: -1
3080: -1
3081: -1
3082: -1
3083: -1
3084: -1
3085: -1
3086: -1
3087: -1
3088: -1
3089: 556 961 963 1543 -1
3090: -1
3091: -1
3092: -1
3093: -1
3094: -1
3095: -1
3096: -1
3097: -1
3098: -1
3099: -1
3100: -1
3101: -1
3102: -1
3103: -1
3104: -1
3105: -1
3106: -1
3107: -1
3108: -1
3109: -1
3110: -1
3111: -1
3112: -1
3113: -1
3114: 3113 -1
3115: -1
3116: -1
3117: 3122 -1
3118: -1
3119: -1
3120: -1
3121: -1
3122: -1
3123: -1
3124: -1
3125: -1
3126: -1
3127: 166 2751 3131 -1
3128: 166 420 2057 2137 2751 3131 -1
3129: -1
3130: -1
3131: -1
3132: 3129 -1
3133: 167 252 256 282 399 405 568 2147 2151 3137 3138 3139 3153 3154 -1
3134: 167 -1
3135: 167 -1
3136: 167 -1
3137: 737 983 3145 3146 3148 -1
3138: -1
3139: -1
3140: -1
3141: -1
3142: -1
3143: -1
3144: -1
3145: -1
3146: -1
3147: -1
3148: 3141 3144 3152 -1
3149: -1
3150: -1
3151: -1
3152: -1
3153: -1
3154: -1
3155: -1
3156: -1
3157: -1
3158: 169 205 289 294 312 314 476 478 499 504 705 711 712 738 920 997 1089 1095 1424 1470 1476 1477 1504 1513 1516 1517 1519 1628 1642 1974 1988 1990 2234 2235 2250 2318 2342 2348 2352 2355 2363 2365 2372 2378 2387 2393 2395 2406 2414 2418 2433 2436 2581 -1
3159: 170 420 1966 -1
3160: 170 484 -1
3161: 170 -1
3162: 170 -1
3163: 293 -1
3164: -1
3165: -1
3166: 171 -1
3167: 171 -1
3168: 171 -1
3169: 171 -1
3170: 171 -1
3171: 171 -1
3172: -1
3173: -1
3174: 171 273 283 302 327 432 437 442 476 508 705 811 825 882 902 903 904 905 909 912 913 915 917 918 920 928 980 985 992 1073 1111 1113 1333 1334 1338 1342 1350 1443 1515 1516 1558 1562 1586 1603 2056 2359 2402 2472 2494 2500 2591 2594 2595 2606 2611 2612 2613 2637 2889 3172 3175 3184 3220 -1
3175: 171 1335 1337 3172 3173 -1
3176: 171 -1
3177: 171 804 -1
3178: 171 -1
3179: 171 -1
3180: 171 312 -1
3181: 171 -1
3182: 171 -1
3183: -1
3184: -1
3185: -1
3186: -1
3187: 172 211 2050 -1
3188: 172 -1
3189: 172 211 2050 -1
3190: 172 -1
3191: -1
3192: -1
3193: -1
3194: 174 1007 -1
3195: -1
3196: -1
3197: 3198 -1
3198: -1
3199: 177 -1
3200: 177 3205 -1
3201: 834 1085 2001 3200 -1
3202: 3206 3207 -1
3203: 824 3206 3207 -1
3204: 248 824 1085 3206 3207 -1
3205: 209 248 755 820 824 923 1195 1809 2003 -1
3206: -1
3207: -1
3208: -1
3209: 178 -1
3210: -1
3211: 180 357 518 1495 1516 3212 -1
3212: 180 902 915 1516 2336 2337 2402 2595 2611 2613 2614 -1
3213: 180 1495 1515 1516 2406 3214 3216 -1
3214: 180 3213 3215 3216 3217 -1
3215: 180 -1
3216: 180 3214 3215 3217 -1
3217: 180 3214 3216 -1
3218: 1495 1514 1516 2402 2613 3213 3221 -1
3219: 911 1516 2402 3213 -1
3220: 3212 -1
3221: -1
3222: -1
3223: 1304 -1
3224: -1
3225: -1
3226: 182 962 -1
3227: 182 962 963 2740 2741 2742 -1
3228: 182 556 617 620 849 961 962 963 1193 2503 -1
3229: 182 962 -1
3230: 182 962 -1
3231: 182 962 -1
3232: 182 962 2472 -1
3233: 182 962 -1
3234: 182 962 -1
3235: 182 962 1028 1861 2040 -1
3236: 182 962 -1
3237: 182 962 2071 2800 -1
3238: 182 962 -1
3239: 182 223 375 962 963 1322 2054 -1
3240: 182 353 962 -1
3241: 182 223 832 962 1098 -1
3242: 182 2370 -1
3243: 182 962 -1
3244: 182 299 317 343 781 3193 -1
3245: 182 962 -1
3246: 182 962 -1
3247: 182 432 472 832 927 962 1011 1516 1671 2056 3108 -1
3248: 182 299 302 308 336 340 357 379 435 461 490 497 620 669 753 832 937 961 962 1012 1072 1073 1174 1264 1293 1344 1350 1424 1495 1516 1557 1562 1567 1586 1658 1671 1811 1871 1962 2045 2183 2201 2359 2558 2672 2827 2900 2979 3184 -1
3249: 182 223 232 962 -1
3250: 182 232 617 962 1001 1279 1299 1672 -1
3251: 182 962 -1
3252: 182 302 962 1811 2131 3036 3037 -1
3253: 182 764 765 962 1163 1168 1193 2038 2039 2462 2739 -1
3254: 182 229 774 962 -1
3255: 182 962 -1
3256: 182 -1
3257: 182 304 382 410 961 962 963 1967 2137 -1
3258: 182 223 617 832 962 -1
3259: 182 962 963 1994 2733 -1
3260: 182 223 962 -1
3261: 182 962 -1
3262: 182 962 -1
3263: 182 962 2003 -1
3264: 182 962 -1
3265: 182 551 758 962 2463 -1
