0: 10 39 96 107 130 178 180 187 188 189 190 194 203 207 210 217 219 220 224 276 302 349 366 372 387 394 400 402 404 409 413 456 461 603 613 616 619 660 897 952 999 1075 1076 1081 1095 1317 1404 1405 1629 1635 1645 1648 1702 1706 1709 2088 2100 2125 2126 2140 2143 2144 2155 2347 3036 3504 3508 -1
1: 67 242 280 302 365 371 372 381 385 389 393 394 398 672 838 839 1210 1552 1553 1822 2197 3036 -1
2: 23 39 46 56 65 89 140 208 209 226 227 228 229 230 231 232 233 234 235 236 237 238 240 241 242 244 245 246 247 248 249 251 252 254 255 256 258 259 260 261 276 281 299 300 302 309 394 395 404 409 605 625 635 654 659 672 680 685 688 696 701 715 721 735 757 790 794 803 806 808 825 828 829 831 832 836 837 838 839 841 842 843 845 1008 1010 1018 1019 1021 1026 1064 1210 1234 1282 1285 1293 1298 1311 1312 1317 1381 1393 1423 1426 1552 1553 1557 1569 1570 1571 1575 1580 1581 1583 1586 1587 1629 1645 1648 1721 1723 1732 1775 1783 1786 1789 1822 1842 1894 1914 1922 1961 2173 2174 2406 2837 2841 2842 2845 2889 2891 3006 3013 3015 3036 3108 -1
3: 230 264 265 266 267 268 269 270 271 272 273 275 276 278 279 280 281 3036 -1
4: 10 17 273 290 291 292 293 294 295 296 297 298 299 300 301 302 303 304 305 306 307 308 309 505 588 618 972 2834 2846 3036 3275 3508 -1
5: 150 155 157 311 312 313 314 315 316 317 318 319 320 321 322 324 325 326 327 328 329 330 331 332 333 334 335 336 337 338 339 340 341 343 344 345 346 347 348 349 350 351 352 353 354 355 356 407 463 611 614 864 881 897 972 1081 1093 1096 1600 1601 1602 1603 1604 1606 1607 1608 1609 1611 1612 1640 1646 2003 2158 2630 2695 2897 2898 2899 2900 2901 2902 2903 2904 2906 2907 2993 2995 3036 3278 3385 3386 3504 3508 -1
6: 59 96 357 358 439 2836 2841 2842 3036 -1
7: 210 361 362 363 364 365 366 367 368 369 370 371 372 373 374 375 376 377 378 379 380 381 382 383 384 386 387 388 389 390 393 396 404 655 663 670 675 678 693 839 2572 -1
8: 180 206 217 280 355 391 392 393 394 395 396 397 398 399 400 401 402 403 404 405 406 407 408 409 410 411 412 413 414 -1
9: 10 155 165 194 208 322 328 426 427 428 429 430 435 436 437 438 439 440 441 444 445 446 447 448 449 450 451 452 453 454 455 457 458 460 462 463 619 654 886 950 978 1076 1081 1396 1398 1399 1403 1405 1633 1635 1637 1638 1647 1648 1923 1985 2091 2208 2231 2993 3249 3406 3420 3477 3508 -1
10: 17 68 107 150 155 165 328 462 505 583 584 585 586 587 588 589 590 591 592 593 598 599 600 601 602 604 605 608 609 610 611 612 614 615 616 617 618 619 864 897 927 942 943 953 954 972 973 1096 1399 1404 1405 1641 1654 1986 2096 2160 -1
11: 208 623 624 625 627 628 629 630 631 632 633 634 635 636 637 638 639 640 642 643 644 646 647 648 649 650 652 653 654 -1
12: 252 656 657 660 661 662 665 668 669 671 673 674 -1
13: 56 299 300 309 398 676 677 678 679 680 681 683 684 685 686 687 688 689 690 691 692 693 -1
14: 68 230 828 829 830 831 832 833 836 837 838 839 840 841 842 843 844 845 846 847 1210 -1
15: 43 56 165 171 322 410 457 605 850 897 952 1701 1702 1709 2957 2993 -1
16: 589 857 858 859 860 861 863 864 865 866 867 868 870 871 872 874 875 876 877 878 880 881 883 884 885 886 887 953 1404 1648 2783 2993 3382 3420 -1
17: 150 462 583 929 938 947 948 949 953 -1
18: 150 956 957 958 959 960 961 962 964 965 966 968 969 971 972 973 974 975 976 977 978 979 980 981 983 985 986 987 988 989 2288 2295 -1
19: 463 595 991 992 993 994 995 996 997 998 999 1000 1001 1002 -1
20: 230 248 258 625 1003 1004 1005 1006 1007 1008 1009 1010 1011 1012 1014 1015 1016 1017 1018 1019 1020 1021 1022 1023 1024 1025 1026 -1
21: 49 886 1032 1035 1036 1037 1038 1039 1040 1041 1042 1043 1044 1045 1047 1048 1049 1050 1051 1052 1053 1054 1055 1057 1058 1059 1060 1063 1064 1065 1066 1067 1068 1069 1070 1071 1726 1893 1929 -1
22: 206 208 355 593 654 950 965 969 972 973 1072 1073 1074 1075 1076 1077 1078 1079 1080 1081 1082 1083 1085 1086 1087 1088 1089 1090 1091 1092 1093 1094 1095 1096 1097 1098 1099 1100 1101 1102 1103 1104 1105 1106 1241 2841 2842 3428 -1
23: 258 625 845 1019 1144 1172 1210 1279 1281 1282 1283 1286 1287 1289 1291 1292 1293 1294 1295 1296 1297 1298 1300 1301 1302 1303 1304 1305 1306 1307 1308 1309 1310 1312 -1
24: 1316 1320 1321 1322 1323 1324 1325 1326 1327 1329 1337 2847 -1
25: 1340 1345 1346 1347 1348 1349 1352 1353 1354 1355 1356 1357 1358 1360 1361 1362 1363 1364 1365 1366 1367 1368 1369 1370 1371 1373 1374 3174 3300 -1
26: 108 236 269 274 1318 1328 1375 1376 1377 1378 1379 1380 1381 1382 1383 1384 1385 -1
27: 17 505 1386 1389 1392 -1
28: 42 107 355 591 605 864 896 1354 1394 1395 1398 1399 1400 1401 1403 1404 1405 1406 2088 -1
29: 1349 1409 1410 1411 1413 1414 1415 1417 1418 1420 1421 1422 2965 3175 3294 3299 -1
30: 235 236 1381 1423 1424 1425 1426 -1
31: 17 505 -1
32: 1472 1482 1501 1502 -1
33: 1516 1521 1523 1525 1529 1530 1531 1532 1533 1534 1535 1536 1537 -1
34: 56 1552 1555 1556 1557 1560 1568 1570 1571 1572 1574 1581 1585 1586 -1
35: 165 1093 1589 1590 1591 1592 1593 1594 1595 1596 -1
36: 208 314 315 316 317 325 326 329 330 331 332 333 338 339 340 343 347 348 349 350 351 352 353 1597 1600 1601 1602 1603 1604 1605 1606 1607 1608 1609 1611 1612 2150 2158 2897 2898 2899 2900 2901 2902 2903 2904 2906 3385 3386 -1
37: 240 1620 -1
38: 17 43 55 123 155 165 407 437 505 598 605 929 953 954 972 973 991 993 1000 1001 1076 1081 1625 1626 1627 1628 1629 1630 1631 1632 1633 1634 1635 1637 1638 1639 1640 1641 1642 1643 1644 1645 1646 1647 1648 1650 1651 1652 1653 1654 1985 1986 2189 3002 3278 3508 -1
39: -1
40: 633 636 1714 1715 1716 1717 1718 1719 1722 1723 1724 1725 -1
41: 844 1035 1040 1053 1059 1707 1727 1728 1729 1731 1732 1733 1853 -1
42: 355 605 864 1401 1923 -1
43: 165 -1
44: 1765 1766 1768 -1
45: 165 328 355 605 971 1769 1771 1772 1773 -1
46: 258 327 732 1426 1774 1788 1790 1791 1792 1793 1794 1795 1796 1797 1798 1799 1800 1801 1802 1803 1805 1806 1807 1808 1809 1810 1811 1814 1815 1816 1817 1818 1819 1820 1821 1822 1823 1824 1825 1826 1827 1828 1829 1830 1831 1832 2625 -1
47: 1834 1835 1837 -1
48: 659 1616 1623 1838 1839 1840 1842 1843 1844 1845 1846 1847 -1
49: 815 1063 1922 1925 1927 1929 -1
50: 1931 1946 3420 -1
51: 1302 1953 1954 1956 1957 1958 1959 1962 1963 -1
52: 43 150 165 462 589 590 937 1634 1985 2088 2783 -1
53: 1648 1974 1978 1979 1980 1981 1983 -1
54: 10 43 165 462 1984 1985 1986 1987 2577 -1
55: 17 66 68 155 328 429 505 596 617 896 942 972 973 1654 1687 1986 1991 1992 1993 1994 1995 1996 1997 1998 1999 2000 2001 2002 2003 2004 2005 2006 2007 2008 2009 2010 2088 -1
56: 236 625 1381 1845 -1
57: 208 1843 1844 2078 2079 2080 2081 2082 2083 2084 -1
58: 322 462 615 -1
59: 593 2098 2099 2100 2101 2102 2103 -1
60: 2106 2107 -1
61: 2115 -1
62: 343 953 1589 2116 2117 2118 2119 2120 2121 2122 2123 2127 2128 2129 2130 2131 2132 2133 2134 2135 2136 2137 2138 2139 2142 2145 2146 2147 2148 2149 2150 2151 2152 2153 2154 2156 2157 2158 -1
63: 1399 2160 -1
64: 2161 2163 2164 2165 2166 -1
65: 46 89 98 208 732 795 976 1340 1413 1775 1783 1786 1789 1803 1838 1922 1927 2032 2168 2171 2172 2173 2174 2175 2176 2263 2418 2419 2625 3296 3299 -1
66: 17 505 850 1404 1643 1654 1991 2186 2187 2188 2189 2190 2191 2192 2193 2194 -1
67: 1312 1569 1575 -1
68: -1
69: 1081 1637 1638 2346 2348 2349 2350 -1
70: 2352 2353 2354 2355 -1
71: 304 308 2134 2135 2359 2360 2361 2362 2363 2364 2365 2366 2367 2368 2369 2370 2371 2372 2373 2374 2375 2376 2377 2378 2379 2380 2381 2382 3481 -1
72: 2387 2388 2389 2390 2391 2392 2393 2395 2396 2397 2398 2399 2400 2401 2402 -1
73: 13 2197 2403 2404 2405 2406 2407 -1
74: 1417 2409 2410 -1
75: 1399 -1
76: 896 897 1401 1404 1986 2971 -1
77: 208 824 2413 2414 2415 2416 2417 -1
78: 1986 2420 2421 2422 2423 2424 2425 2426 2427 2428 2429 2430 2431 2432 2433 2746 -1
79: -1
80: 2339 2530 2531 2532 2533 2534 2535 2536 2537 2538 2539 2540 2541 2542 2543 -1
81: 2544 -1
82: 1394 2556 2559 2560 2561 -1
83: 2565 -1
84: 2567 2568 2569 -1
85: 383 667 2571 2573 2574 -1
86: 593 616 983 2287 2288 2579 2580 2581 2583 -1
87: 2589 2590 2591 2592 2593 -1
88: 2598 -1
89: 46 56 208 252 837 845 1775 1783 1786 1789 1822 1922 2173 2622 2623 2624 2626 -1
90: 953 1075 2628 2629 2630 2631 2632 -1
91: 2643 2644 2645 2646 -1
92: -1
93: 2649 2650 -1
94: 56 236 1381 1552 2653 2654 2657 2658 2661 -1
95: 842 2682 2683 2688 -1
96: 17 505 1985 2694 2695 2696 -1
97: 1404 -1
98: 2714 -1
99: -1
100: 433 937 2740 -1
101: 2743 2744 2745 2746 2747 2748 2753 2757 2758 2759 2760 2763 -1
102: 614 1286 1765 1767 1768 3026 -1
103: 2776 2777 2778 2779 2780 2781 2782 -1
104: -1
105: 589 2783 2784 -1
106: 322 2628 2786 2787 -1
107: 462 943 2092 2826 2827 -1
108: 3 360 1318 1327 1378 1385 1555 2833 2834 2835 2836 2837 2838 2839 2840 2841 2842 2843 2844 2846 2847 -1
109: 150 433 462 616 2850 2851 2852 -1
110: 2853 2854 -1
111: 2858 -1
112: 2859 2860 2861 2862 2863 2864 2865 2866 2867 2868 2869 2870 2871 -1
113: 2088 -1
114: 65 1616 1623 1838 1894 2176 2178 2885 2886 2887 2888 2889 2890 2891 2892 2893 2894 2895 -1
115: 326 329 333 338 1589 1598 1599 1602 1607 1608 2153 2897 2898 2899 2900 2901 2902 2903 2904 2905 2906 2907 2908 -1
116: 39 153 410 605 1705 2954 2955 2956 2957 2958 2959 2960 3305 -1
117: 1349 1367 2965 -1
118: -1
119: -1
120: 10 2978 2980 -1
121: 844 2988 -1
122: 2990 2991 -1
123: 2993 3005 -1
124: 256 1177 1202 1725 1822 2031 3007 3008 3009 3010 3011 3013 3015 -1
125: 463 -1
126: 3016 -1
127: -1
128: 591 1716 3025 3026 -1
129: -1
130: -1
131: -1
132: 49 844 1177 1202 1726 2031 -1
133: 155 3040 3041 -1
134: 3046 3048 3049 -1
135: 3066 -1
136: 3067 3069 -1
137: -1
138: 3088 3089 3090 3091 3092 3093 3094 -1
139: 3095 3096 3097 3098 3099 3101 -1
140: 837 1721 1822 -1
141: 3106 3108 -1
142: 3111 3112 3113 3114 -1
143: -1
144: 3165 -1
145: 1364 1366 1371 3166 3168 3170 3171 3172 3173 3174 3175 -1
146: 1016 3207 -1
147: -1
148: 3215 3240 3241 -1
149: 49 1035 1040 1053 1059 1707 1726 1733 1853 1881 1914 1927 1929 3242 3243 3244 3245 3246 3247 3248 3249 3250 3251 -1
150: 943 3278 -1
151: 1341 1345 3166 3173 3175 3283 3284 3285 3286 3287 3288 3289 3290 3291 3292 3293 3294 3295 3296 3297 3298 3299 3300 -1
152: -1
153: 49 844 1726 -1
154: 208 258 654 1019 -1
155: 165 -1
156: 462 3375 3376 3377 3378 3379 -1
157: 310 342 2160 3384 3385 3386 3508 -1
158: 3389 3390 -1
159: 433 616 3391 -1
160: 927 1400 3404 -1
161: 3405 3406 -1
162: 838 1715 2986 3408 3409 3410 3411 3412 3413 3414 -1
163: -1
164: 3416 3417 3418 -1
165: -1
166: 3436 -1
167: 3464 -1
168: 3465 3466 3467 3468 3469 3470 3471 -1
169: 3473 3474 3475 3476 3477 -1
170: -1
171: -1
172: 3499 3500 3502 3504 3505 3506 3507 -1
173: -1
174: 0 104 170 176 182 183 184 185 186 193 195 196 197 198 199 200 201 211 212 213 214 215 216 221 222 225 1699 1707 1749 1853 1881 2089 3242 3243 3248 3251 3392 3393 3394 3480 -1
175: 0 104 176 182 183 184 185 186 193 195 196 197 198 199 200 201 211 212 213 214 215 216 221 222 225 1749 2089 3392 3393 3394 -1
176: -1
177: 0 104 176 182 183 184 185 186 193 195 196 197 198 199 200 201 208 211 212 213 214 215 216 221 222 225 323 325 326 329 332 333 338 340 348 350 353 355 428 438 445 446 448 575 586 619 654 863 864 865 876 886 963 972 973 978 1398 1401 1598 1599 1601 1602 1607 1608 1609 1635 1648 1706 1708 1749 1755 1758 1761 2081 2089 2091 2158 2199 2218 2339 2369 2826 2845 2897 2898 2899 2900 2901 2902 2903 2904 2906 2907 3385 3386 3392 3393 3394 3420 3508 -1
178: -1
179: -1
180: -1
181: -1
182: -1
183: -1
184: -1
185: -1
186: -1
187: -1
188: -1
189: -1
190: -1
191: 1401 -1
192: 993 1000 -1
193: -1
194: -1
195: -1
196: -1
197: -1
198: -1
199: -1
200: -1
201: -1
202: -1
203: -1
204: -1
205: 107 -1
206: -1
207: -1
208: -1
209: -1
210: -1
211: -1
212: -1
213: -1
214: -1
215: -1
216: -1
217: -1
218: -1
219: -1
220: -1
221: -1
222: -1
223: -1
224: -1
225: -1
226: 14 -1
227: -1
228: 781 -1
229: -1
230: -1
231: -1
232: -1
233: -1
234: -1
235: 1423 -1
236: 1381 -1
237: 394 -1
238: -1
239: -1
240: -1
241: -1
242: -1
243: 1587 2059 3012 -1
244: -1
245: -1
246: -1
247: -1
248: -1
249: 2611 -1
250: 1587 1648 -1
251: -1
252: -1
253: 844 -1
254: -1
255: 3215 -1
256: -1
257: -1
258: -1
259: -1
260: 1177 1202 1956 1957 2031 2626 -1
261: -1
262: 3 56 208 230 231 242 244 252 254 276 280 360 610 625 639 642 646 652 654 661 667 679 700 828 837 838 843 964 969 974 986 1006 1011 1021 1070 1071 1093 1111 1210 1221 1227 1234 1283 1298 1312 1317 1318 1553 1555 1559 1563 1569 1575 1579 1581 1584 1716 1842 1845 1886 1927 1961 1981 2051 2088 2404 2405 2624 2831 2832 2835 2839 2840 2841 2843 2844 2848 3177 3302 -1
263: 3 39 360 605 984 -1
264: -1
265: -1
266: -1
267: -1
268: -1
269: -1
270: -1
271: -1
272: -1
273: -1
274: -1
275: -1
276: -1
277: -1
278: -1
279: -1
280: -1
281: -1
282: -1
283: 6 -1
284: 6 -1
285: 6 -1
286: 6 -1
287: 6 -1
288: 6 407 680 837 970 1003 1011 1093 1353 1555 2361 2367 2404 2405 -1
289: 6 -1
290: -1
291: -1
292: 3374 -1
293: -1
294: 1045 -1
295: 1417 -1
296: 410 453 2191 2372 2960 2993 -1
297: -1
298: -1
299: -1
300: -1
301: 981 2087 3420 -1
302: -1
303: -1
304: 3420 -1
305: -1
306: 1045 2100 -1
307: -1
308: -1
309: -1
310: -1
311: 157 310 323 325 326 329 330 332 333 338 340 342 343 347 348 349 350 352 353 1598 1599 1601 1602 1603 1604 1606 1607 1608 1609 1613 1614 2158 2897 2898 2899 2900 2901 2902 2903 2904 2906 2907 3384 3385 3386 -1
312: -1
313: -1
314: -1
315: -1
316: -1
317: -1
318: -1
319: -1
320: -1
321: 329 333 338 350 353 453 1598 1599 1602 1607 1608 2158 2897 2898 2899 2900 2901 2902 2903 2904 2906 -1
322: -1
323: -1
324: -1
325: -1
326: -1
327: -1
328: -1
329: -1
330: -1
331: -1
332: -1
333: -1
334: -1
335: -1
336: -1
337: -1
338: -1
339: -1
340: -1
341: -1
342: -1
343: -1
344: 311 3380 -1
345: -1
346: -1
347: -1
348: -1
349: -1
350: -1
351: -1
352: -1
353: -1
354: -1
355: 602 943 1404 -1
356: -1
357: 208 654 -1
358: -1
359: -1
360: 7 359 690 -1
361: -1
362: -1
363: -1
364: -1
365: -1
366: -1
367: -1
368: -1
369: -1
370: -1
371: -1
372: -1
373: -1
374: -1
375: -1
376: -1
377: -1
378: -1
379: -1
380: -1
381: -1
382: -1
383: -1
384: -1
385: -1
386: -1
387: -1
388: -1
389: -1
390: -1
391: -1
392: -1
393: -1
394: -1
395: -1
396: -1
397: -1
398: -1
399: -1
400: -1
401: -1
402: -1
403: -1
404: -1
405: -1
406: -1
407: -1
408: -1
409: 625 -1
410: 10 208 427 457 588 619 865 1354 1404 1417 1647 1648 2091 2410 2971 3420 -1
411: -1
412: -1
413: -1
414: -1
415: 9 700 2214 3398 3399 3400 -1
416: 9 -1
417: 9 217 448 619 937 978 1070 2102 2757 3508 -1
418: 9 864 -1
419: 9 97 619 967 971 -1
420: 9 442 -1
421: 9 355 2099 2287 2289 2581 2971 -1
422: 9 1002 2419 2867 2868 -1
423: 9 -1
424: 9 -1
425: 9 -1
426: 2540 -1
427: -1
428: -1
429: -1
430: 1741 -1
431: -1
432: 2160 -1
433: -1
434: 1405 -1
435: -1
436: -1
437: -1
438: -1
439: -1
440: -1
441: -1
442: -1
443: 430 -1
444: -1
445: 619 861 971 1398 -1
446: -1
447: -1
448: -1
449: -1
450: -1
451: -1
452: 2540 -1
453: -1
454: -1
455: -1
456: -1
457: 522 2290 -1
458: -1
459: -1
460: -1
461: -1
462: -1
463: 943 -1
464: 473 484 487 -1
465: 473 484 487 -1
466: 473 484 487 -1
467: 473 484 487 -1
468: 473 484 487 -1
469: 473 484 487 -1
470: 487 -1
471: 484 487 598 -1
472: 484 487 -1
473: 10 465 466 467 468 470 471 472 474 475 476 477 478 479 482 483 485 486 487 494 577 578 579 580 581 582 597 606 -1
474: 484 487 -1
475: 484 487 -1
476: 484 487 -1
477: 484 487 -1
478: 484 487 -1
479: 473 484 487 -1
480: 484 487 -1
481: 484 487 -1
482: 473 484 487 -1
483: 484 487 -1
484: 10 465 466 467 468 470 471 472 474 475 476 477 478 479 482 483 485 486 487 496 577 578 579 580 581 582 597 606 -1
485: 322 484 487 598 661 2846 2957 -1
486: 473 484 487 -1
487: 10 467 473 476 478 485 494 496 -1
488: 10 -1
489: 10 -1
490: 10 17 433 505 619 3477 -1
491: 10 -1
492: 10 -1
493: 487 -1
494: 473 487 -1
495: 10 43 68 165 2850 2852 3420 -1
496: -1
497: 10 1404 1985 -1
498: 10 588 937 -1
499: 10 -1
500: 10 1985 2852 -1
501: 10 927 3477 -1
502: 10 107 2826 -1
503: 10 616 -1
504: 10 864 1705 1993 -1
505: 10 107 355 463 936 945 951 -1
506: 10 -1
507: 10 -1
508: 10 -1
509: 10 -1
510: 10 -1
511: 10 -1
512: 10 100 612 954 1985 1986 2003 2096 2960 -1
513: 10 39 333 340 350 1075 1076 1081 1096 1599 1686 2897 2993 3249 3278 -1
514: 10 107 619 864 -1
515: 10 435 2317 2858 -1
516: 10 107 -1
517: 10 864 1389 -1
518: 10 1986 -1
519: 10 440 -1
520: 10 600 -1
521: 10 1088 -1
522: 10 107 208 457 589 596 654 972 973 1093 1100 2848 -1
523: 10 953 2293 -1
524: 10 -1
525: 10 155 206 208 355 400 410 437 463 526 589 654 937 953 1706 2372 2783 2993 3508 -1
526: 10 43 96 155 165 206 208 312 318 322 328 334 345 355 410 437 463 588 612 615 654 850 864 886 897 929 937 953 954 971 972 973 1075 1076 1081 1419 1634 1635 1640 1646 1648 1654 1687 1997 1999 2008 2088 2121 2191 2309 2628 2695 2993 3175 3380 3382 3383 3481 3498 3504 3508 3509 -1
527: 10 -1
528: 10 17 321 505 605 3508 -1
529: 10 -1
530: 10 -1
531: 10 -1
532: 10 -1
533: 10 -1
534: 10 -1
535: 10 -1
536: 10 -1
537: 10 -1
538: 10 -1
539: 10 -1
540: 10 -1
541: 10 -1
542: 10 -1
543: 10 -1
544: 10 -1
545: 10 -1
546: 10 -1
547: 10 -1
548: 10 -1
549: 10 -1
550: 10 -1
551: 10 -1
552: 10 -1
553: 10 -1
554: 10 -1
555: 10 -1
556: 10 619 842 953 972 973 978 -1
557: 10 17 155 457 505 596 952 953 972 973 1093 1095 1102 1612 1985 1999 2096 2103 2150 2295 2382 3249 -1
558: 10 165 586 3420 -1
559: 10 -1
560: 10 583 886 929 963 1687 1985 2008 2317 3428 -1
561: 10 -1
562: 10 68 512 596 612 965 1985 1986 2001 2160 2427 2430 -1
563: 10 -1
564: 10 39 43 96 123 130 150 155 165 191 205 206 208 291 292 294 295 306 307 312 322 328 334 335 345 355 394 410 429 439 446 460 462 463 504 512 570 584 585 586 591 595 596 604 612 615 618 646 654 843 850 858 861 863 864 869 870 876 878 881 886 896 897 928 937 938 953 954 958 963 965 971 972 973 979 984 986 1041 1073 1075 1076 1077 1081 1084 1093 1095 1096 1100 1102 1312 1393 1401 1403 1405 1406 1408 1419 1587 1617 1627 1629 1633 1634 1635 1637 1638 1640 1641 1645 1646 1654 1687 1700 1702 1703 1704 1708 1709 1762 1769 1935 1966 1986 1993 1995 1999 2008 2088 2091 2092 2096 2150 2191 2309 2317 2322 2342 2372 2556 2628 2630 2695 2784 2794 2826 2850 2888 2899 2956 2957 2960 2971 2975 2993 2999 3042 3175 3249 3375 3376 3380 3420 3428 3477 3500 3504 3508 3509 -1
565: 10 107 618 864 896 2342 -1
566: 10 -1
567: 10 -1
568: 10 298 896 -1
569: 10 291 444 -1
570: 10 355 429 438 439 586 599 619 653 842 864 882 953 1005 1048 1071 1393 1398 1405 1629 1645 1648 1732 1762 1923 2088 2191 2294 2556 2562 -1
571: 10 1102 -1
572: 10 850 -1
573: 10 43 653 863 864 869 876 879 887 896 953 958 963 1393 1406 1999 2090 2191 2960 3420 3428 3508 -1
574: 10 2090 -1
575: 10 971 1401 1406 2322 2956 2960 3508 -1
576: 10 -1
577: 473 484 487 -1
578: 473 484 487 -1
579: 473 484 487 -1
580: 473 484 487 -1
581: 473 484 487 -1
582: 473 484 487 -1
583: 943 -1
584: -1
585: -1
586: 1405 -1
587: -1
588: -1
589: -1
590: -1
591: -1
592: -1
593: -1
594: 33 327 356 614 874 1358 1514 1518 1529 1532 1631 1788 1790 1791 1792 1793 1795 1796 1797 1798 1799 1800 1803 1804 1805 1806 1807 1808 1809 1810 1813 1814 1817 1818 1819 1820 1821 1823 1827 1829 1830 1831 1832 2160 2541 2542 3016 3017 3025 3374 3475 -1
595: -1
596: 1404 -1
597: 2694 -1
598: -1
599: -1
600: 943 -1
601: -1
602: -1
603: -1
604: -1
605: 943 1404 -1
606: -1
607: -1
608: -1
609: -1
610: -1
611: -1
612: -1
613: -1
614: -1
615: -1
616: -1
617: -1
618: -1
619: -1
620: 11 -1
621: 11 208 645 649 654 680 1055 2561 -1
622: 11 -1
623: -1
624: 640 -1
625: -1
626: -1
627: -1
628: -1
629: 845 -1
630: -1
631: -1
632: 1283 -1
633: -1
634: 2721 -1
635: -1
636: -1
637: -1
638: -1
639: -1
640: 208 635 -1
641: -1
642: -1
643: 1093 -1
644: 844 1177 1202 2031 -1
645: 625 649 826 847 1042 1177 1202 1290 1426 1725 2031 -1
646: -1
647: -1
648: 635 969 -1
649: 208 633 635 1283 1845 -1
650: -1
651: -1
652: -1
653: -1
654: -1
655: -1
656: -1
657: -1
658: -1
659: -1
660: -1
661: -1
662: -1
663: -1
664: -1
665: -1
666: -1
667: -1
668: -1
669: -1
670: -1
671: -1
672: -1
673: -1
674: -1
675: -1
676: -1
677: -1
678: -1
679: 230 625 828 845 1583 -1
680: -1
681: -1
682: -1
683: -1
684: -1
685: 14 629 837 1552 1732 1842 -1
686: -1
687: -1
688: -1
689: -1
690: -1
691: -1
692: -1
693: 678 -1
694: -1
695: 14 3466 -1
696: 14 89 745 1552 2036 2417 2584 -1
697: 14 2624 3097 -1
698: 14 -1
699: 14 23 140 228 625 846 847 1129 1138 1177 1202 1290 1822 2031 2624 -1
700: 14 327 346 826 1011 1021 1203 1563 2694 -1
701: 14 2624 -1
702: 14 -1
703: 14 2584 -1
704: 14 89 745 837 846 1177 1202 1552 1732 1842 2031 -1
705: 14 -1
706: 14 -1
707: 14 228 837 1177 1202 2031 -1
708: 14 -1
709: 14 806 1552 1842 -1
710: 14 1331 -1
711: 14 -1
712: 14 1552 1842 2167 -1
713: 14 -1
714: 14 -1
715: 14 1732 2584 -1
716: 14 826 1290 -1
717: 14 49 1726 2016 -1
718: 14 21 49 410 636 646 972 973 1029 1030 1036 1041 1045 1051 1071 1289 1304 1691 1726 1732 1850 1876 1929 1980 2016 2856 3249 3487 -1
719: 14 -1
720: 14 1578 1732 -1
721: 14 -1
722: 14 1177 1202 2031 -1
723: 14 -1
724: 14 694 1577 2624 -1
725: 14 -1
726: 14 -1
727: 14 -1
728: 14 -1
729: 14 87 252 847 887 1732 2986 -1
730: 14 1842 2036 -1
731: 14 -1
732: 14 46 49 252 1552 1726 1732 1775 1783 1786 1789 1822 1825 1922 2173 2626 2895 -1
733: 14 -1
734: 14 1138 1177 1202 2031 -1
735: 14 1716 -1
736: 14 -1
737: 14 -1
738: 14 625 745 1177 1202 1552 1725 2031 2167 -1
739: 14 89 1732 2088 2623 2624 -1
740: 14 -1
741: 14 1552 2624 -1
742: 14 1552 -1
743: 14 -1
744: 14 2016 2167 3358 3359 3360 -1
745: 14 252 837 1552 1732 1842 2624 -1
746: 14 -1
747: 14 1842 2767 -1
748: 14 685 694 1577 -1
749: 14 -1
750: 14 -1
751: 14 23 1013 1138 1177 1202 1290 2031 2036 -1
752: 14 -1
753: 14 23 1177 1202 2031 -1
754: 14 767 -1
755: 14 -1
756: 14 685 745 837 1552 1732 1842 -1
757: 14 -1
758: 14 846 -1
759: 14 -1
760: 14 -1
761: 14 -1
762: 14 846 847 1587 -1
763: 14 -1
764: 14 745 847 -1
765: 14 49 89 1726 -1
766: 14 3249 -1
767: 14 -1
768: 14 1177 1202 2031 2036 2624 -1
769: 14 -1
770: 14 1732 1927 -1
771: 14 89 743 817 -1
772: 14 -1
773: -1
774: 14 817 2613 -1
775: 14 623 843 927 1093 1331 2624 3097 -1
776: 14 826 1290 1405 -1
777: 14 -1
778: 14 745 758 846 1732 3097 -1
779: 14 831 846 1787 2026 2601 -1
780: 14 -1
781: 14 846 -1
782: 14 89 745 837 -1
783: 14 -1
784: 14 685 745 826 837 1552 1842 -1
785: 14 2624 -1
786: 14 -1
787: 14 -1
788: 14 23 246 646 659 1177 1202 2031 -1
789: 14 2890 -1
790: 14 2624 -1
791: 14 255 775 824 2624 -1
792: 14 49 1041 1726 -1
793: 14 -1
794: 14 685 -1
795: 14 -1
796: 14 1622 -1
797: 14 -1
798: 14 146 685 745 837 1552 -1
799: 14 846 1425 1428 3096 3097 -1
800: 14 -1
801: 14 -1
802: 14 257 -1
803: 14 -1
804: 14 -1
805: 14 1177 1202 2031 -1
806: 14 246 669 709 727 846 1138 1732 1822 2173 -1
807: 14 -1
808: 14 -1
809: 14 625 715 846 1177 1202 2031 -1
810: 14 -1
811: 14 -1
812: 14 -1
813: 14 -1
814: 14 -1
815: 14 49 1037 1040 1041 1045 1047 1053 1059 1063 1065 1707 1726 1850 1853 1914 1926 1927 -1
816: 14 -1
817: 14 49 1726 -1
818: 14 837 847 1648 -1
819: 14 1005 1021 -1
820: 14 826 -1
821: 14 -1
822: 14 1707 1853 -1
823: 14 817 1319 -1
824: 14 846 -1
825: 14 625 846 1177 1202 2031 -1
826: 14 642 680 828 829 830 834 845 1111 -1
827: 14 834 845 1312 1575 1588 -1
828: -1
829: -1
830: 676 -1
831: -1
832: -1
833: -1
834: -1
835: -1
836: -1
837: -1
838: -1
839: -1
840: -1
841: -1
842: -1
843: -1
844: 1210 -1
845: -1
846: -1
847: 830 -1
848: 589 605 615 858 863 864 876 940 2361 2367 2371 2380 3249 3278 3501 -1
849: 15 153 863 864 876 1656 2954 2955 2958 2959 3307 3308 3309 3310 3311 3312 3313 3314 3315 3316 3317 3318 3319 3320 3321 3322 3323 3324 3325 3326 3327 3328 3329 3330 3331 3332 3333 3334 3335 3336 3337 3338 3339 3340 3341 3342 3343 3344 3345 3346 3347 3348 3349 3350 3351 3352 3353 3354 -1
850: -1
851: 16 858 862 869 871 878 879 883 885 3376 3377 -1
852: 16 863 864 865 876 2993 -1
853: 334 355 429 463 570 589 615 881 886 953 1075 1093 1102 1405 1629 1645 2191 2628 2783 3249 3278 3376 3509 -1
854: 881 -1
855: 1648 -1
856: 878 881 -1
857: -1
858: -1
859: 950 -1
860: -1
861: -1
862: 860 865 -1
863: -1
864: -1
865: -1
866: -1
867: 68 -1
868: 3379 -1
869: 618 -1
870: -1
871: -1
872: -1
873: -1
874: -1
875: -1
876: 972 1398 1935 3278 -1
877: -1
878: -1
879: 3278 -1
880: 859 860 868 3377 3379 -1
881: -1
882: -1
883: -1
884: -1
885: -1
886: 68 1405 2091 2827 -1
887: -1
888: 17 435 505 -1
889: 17 505 936 -1
890: 17 505 -1
891: 17 505 945 -1
892: 17 505 -1
893: 17 505 -1
894: 17 505 583 1400 -1
895: 17 96 440 505 605 607 897 913 948 1404 1421 1625 2088 2191 -1
896: 17 505 943 1923 -1
897: 17 505 943 -1
898: 17 505 -1
899: 17 55 505 595 972 1076 1637 1638 1643 1647 1687 1997 2008 2630 2905 2966 3498 -1
900: 17 505 -1
901: 17 433 505 -1
902: 17 39 107 205 355 435 437 441 444 460 505 512 598 600 605 850 864 896 936 947 953 954 963 972 973 1044 1048 1076 1081 1096 1365 1389 1393 1394 1400 1633 1705 1716 1769 1999 2003 2096 2322 2960 2993 3278 3428 -1
903: 17 505 940 -1
904: 17 505 -1
905: 17 505 -1
906: 17 505 935 -1
907: 17 505 -1
908: 17 505 -1
909: 17 505 -1
910: 17 505 -1
911: 17 505 -1
912: 17 505 -1
913: 17 505 -1
914: 17 505 897 -1
915: 17 505 897 -1
916: 17 505 -1
917: 17 505 -1
918: 17 505 932 -1
919: 17 433 505 2339 -1
920: 17 505 -1
921: 17 505 -1
922: 17 505 -1
923: 17 505 954 1687 2008 -1
924: 17 130 355 410 453 505 605 927 950 1421 1986 1998 2193 2712 2826 3112 3175 3508 -1
925: 17 505 2334 -1
926: 17 68 505 -1
927: 17 505 -1
928: 17 505 -1
929: 17 505 943 -1
930: 17 505 1986 -1
931: 17 505 932 933 934 935 940 941 944 955 2691 -1
932: -1
933: -1
934: 700 -1
935: 949 -1
936: 943 -1
937: 943 -1
938: 943 -1
939: 943 -1
940: -1
941: 949 -1
942: 943 -1
943: -1
944: 462 -1
945: 943 -1
946: 943 -1
947: 943 -1
948: 943 -1
949: 943 -1
950: 943 -1
951: 943 -1
952: 943 -1
953: 943 -1
954: 943 -1
955: 355 936 -1
956: -1
957: -1
958: -1
959: -1
960: -1
961: -1
962: -1
963: -1
964: -1
965: -1
966: -1
967: -1
968: -1
969: -1
970: -1
971: 2099 -1
972: -1
973: -1
974: -1
975: -1
976: -1
977: -1
978: -1
979: -1
980: -1
981: -1
982: -1
983: -1
984: -1
985: -1
986: -1
987: 962 -1
988: -1
989: -1
990: 355 971 2628 -1
991: -1
992: -1
993: -1
994: -1
995: -1
996: -1
997: -1
998: -1
999: -1
1000: -1
1001: -1
1002: -1
1003: -1
1004: -1
1005: -1
1006: -1
1007: -1
1008: -1
1009: -1
1010: -1
1011: 1210 -1
1012: -1
1013: 1021 -1
1014: -1
1015: -1
1016: 258 634 828 836 843 1008 1013 1014 1019 1026 1177 1202 1312 1569 1575 2031 2721 -1
1017: -1
1018: -1
1019: -1
1020: 23 258 1014 1019 1119 1280 1281 1289 1290 1292 1295 1302 1303 1304 1307 1308 1550 1575 2721 -1
1021: -1
1022: -1
1023: -1
1024: -1
1025: -1
1026: -1
1027: 21 65 327 1035 1040 1691 1707 1733 1853 1927 2094 -1
1028: 21 1029 1691 -1
1029: 1027 1039 1040 1054 1707 1853 1893 1927 -1
1030: 49 1726 -1
1031: 1063 1287 1551 1555 1588 2841 2842 -1
1032: -1
1033: 1707 1853 -1
1034: 1707 1853 -1
1035: 49 1726 1727 -1
1036: -1
1037: 312 1417 2410 -1
1038: -1
1039: 49 1726 1927 1930 -1
1040: 49 1063 1726 1914 -1
1041: -1
1042: -1
1043: -1
1044: -1
1045: 1914 -1
1046: 3244 -1
1047: 49 1063 1726 -1
1048: -1
1049: -1
1050: -1
1051: -1
1052: -1
1053: -1
1054: -1
1055: -1
1056: 1686 1707 1853 -1
1057: -1
1058: -1
1059: 49 1726 -1
1060: -1
1061: 49 1063 1707 1726 1733 1853 3244 -1
1062: -1
1063: -1
1064: -1
1065: 746 1287 1587 1707 1853 1914 -1
1066: -1
1067: -1
1068: -1
1069: -1
1070: -1
1071: -1
1072: -1
1073: -1
1074: 1099 -1
1075: -1
1076: -1
1077: -1
1078: -1
1079: -1
1080: -1
1081: -1
1082: -1
1083: -1
1084: -1
1085: -1
1086: -1
1087: 208 654 -1
1088: -1
1089: -1
1090: -1
1091: -1
1092: -1
1093: -1
1094: -1
1095: -1
1096: -1
1097: -1
1098: -1
1099: -1
1100: 2150 -1
1101: -1
1102: -1
1103: -1
1104: -1
1105: -1
1106: -1
1107: 23 1227 -1
1108: 23 146 223 439 625 642 700 842 844 1004 1005 1009 1011 1013 1014 1020 1021 1022 1026 1070 1071 1110 1278 1288 1298 1550 1563 1580 1705 1732 1981 1999 2433 2611 2834 2836 2842 2844 2846 3176 -1
1109: 23 625 -1
1110: 23 845 -1
1111: 23 826 1210 1290 -1
1112: 23 1307 -1
1113: 23 826 1290 -1
1114: 23 680 1012 1307 1648 -1
1115: 23 1290 1307 1648 -1
1116: 23 1290 -1
1117: 23 -1
1118: 23 964 969 974 1071 1280 1290 1292 1295 1307 1648 2721 2845 -1
1119: 23 1014 1020 1292 1295 1307 2721 -1
1120: 23 1013 1203 -1
1121: 23 -1
1122: 23 1292 1295 -1
1123: 23 1026 1124 1281 1308 -1
1124: 23 244 1123 1281 1286 -1
1125: 23 1123 -1
1126: 23 1123 1648 -1
1127: 23 208 654 837 1014 1026 1124 -1
1128: 23 1124 1648 1959 -1
1129: 23 208 260 654 680 1005 1014 1132 1276 1290 1295 1302 1308 1970 1971 1981 -1
1130: 23 -1
1131: 23 1012 1014 1289 1290 1292 1295 1303 1426 -1
1132: 23 1129 1290 -1
1133: 23 -1
1134: 23 -1
1135: 23 -1
1136: 23 1303 -1
1137: 23 1290 -1
1138: 23 56 236 242 625 844 1064 1381 1553 -1
1139: 23 -1
1140: 23 248 260 1025 1064 1317 1648 -1
1141: 23 244 1005 1276 1287 1292 1295 -1
1142: 23 1003 1292 1295 -1
1143: 23 256 258 439 612 659 1003 1004 1005 1009 1013 1014 1020 1021 1069 1302 1426 1981 1999 2844 2848 3013 -1
1144: 23 1013 1302 -1
1145: 23 1290 1292 1295 1307 1309 -1
1146: 23 -1
1147: 23 1239 -1
1148: 23 1292 1295 -1
1149: 23 367 682 692 828 829 964 969 974 1003 1021 1111 1227 1283 1318 1580 2724 2839 -1
1150: 23 208 226 230 244 625 654 672 825 833 837 839 840 841 842 1018 1210 1297 1552 1559 1563 1716 2891 2988 3006 -1
1151: 23 230 248 1013 1021 1210 -1
1152: 23 -1
1153: 23 -1
1154: 23 -1
1155: 23 34 207 208 230 231 234 240 244 245 251 259 260 270 585 625 646 653 654 659 661 803 828 830 838 839 841 843 883 1010 1014 1021 1026 1285 1298 1311 1312 1317 1378 1426 1552 1557 1559 1569 1575 1582 1584 1587 1648 1716 1721 1728 1732 1822 1842 1914 1961 1981 1983 2556 2562 2611 2782 2796 2831 2832 2837 3249 3508 -1
1156: 23 439 1013 1021 1981 2848 -1
1157: 23 229 239 625 839 1312 1569 1575 1588 -1
1158: 23 625 1312 1575 2124 2831 2832 -1
1159: 23 230 231 244 261 625 1572 1575 1961 2124 -1
1160: 23 251 625 659 828 964 969 974 1021 1095 1159 1589 2831 2832 2841 2842 2848 -1
1161: 23 251 625 634 659 837 843 1012 1026 1282 1290 1308 1575 1648 2611 -1
1162: 23 -1
1163: 23 234 625 653 659 963 1279 1283 1290 1291 1300 1305 1552 2015 2782 -1
1164: 23 230 625 1006 1021 -1
1165: 23 208 251 258 610 625 634 642 653 659 843 844 969 974 1005 1010 1014 1019 1021 1023 1131 1144 1291 1302 1310 1312 1426 1569 1575 1648 1845 2560 2611 2656 2993 3203 -1
1166: 23 230 1005 1011 1014 1021 1129 1290 1302 -1
1167: 23 -1
1168: 23 230 1011 -1
1169: 23 1280 1290 -1
1170: 23 1014 -1
1171: 23 208 628 632 635 643 644 648 1281 -1
1172: 23 630 1026 1177 1202 1284 1845 2031 -1
1173: 23 -1
1174: 23 1201 -1
1175: 23 700 846 -1
1176: 23 230 629 826 1285 1311 -1
1177: 23 -1
1178: 23 1169 1290 -1
1179: 23 625 -1
1180: 23 846 1177 1202 2031 -1
1181: 23 -1
1182: 23 -1
1183: 23 -1
1184: 23 -1
1185: 23 -1
1186: 23 -1
1187: 23 -1
1188: 23 826 1118 1290 -1
1189: 23 1290 -1
1190: 23 1189 1552 3208 -1
1191: 23 252 625 659 847 1648 1732 -1
1192: 23 -1
1193: 23 -1
1194: 23 -1
1195: 23 700 1203 -1
1196: 23 -1
1197: 23 630 -1
1198: 23 1138 2661 -1
1199: 23 847 1290 1981 -1
1200: 23 659 1290 1648 1732 3097 -1
1201: 23 638 -1
1202: 23 625 634 828 845 1981 -1
1203: 23 700 -1
1204: 23 1203 1290 -1
1205: 23 1290 -1
1206: 23 1290 -1
1207: 23 1290 -1
1208: 23 1290 -1
1209: 23 1290 -1
1210: 23 826 1014 1129 1290 1732 3106 -1
1211: 23 -1
1212: 23 1290 -1
1213: 23 -1
1214: 23 1290 -1
1215: 23 1290 -1
1216: 23 649 1290 -1
1217: 23 1290 -1
1218: 23 775 826 1176 1203 1290 -1
1219: 23 1221 1290 -1
1220: 23 208 230 254 258 625 654 659 684 747 779 817 833 844 1019 1178 1221 1232 1279 1280 1286 1287 1290 1297 1300 1301 1305 1312 1317 1377 1385 1563 1569 1575 1845 1910 1963 2841 2842 2843 2848 2890 3278 -1
1221: 23 254 964 974 1290 -1
1222: 23 1290 -1
1223: 23 659 826 1131 1290 1981 3206 -1
1224: 23 1290 -1
1225: 23 230 256 846 1021 1177 1202 2031 3013 -1
1226: 23 1285 1290 1311 -1
1227: 23 826 1290 -1
1228: 23 1290 -1
1229: 23 1290 -1
1230: 23 1290 -1
1231: 23 1290 -1
1232: 23 826 1290 -1
1233: 23 1177 1202 1284 1290 2031 -1
1234: 23 826 1177 1202 1290 2031 -1
1235: 23 -1
1236: 23 1021 1981 -1
1237: 23 846 1008 1021 1129 1290 2169 -1
1238: 23 257 -1
1239: 23 1290 -1
1240: 23 1290 -1
1241: 23 252 625 659 847 1021 1290 -1
1242: 23 -1
1243: 23 1290 -1
1244: 23 -1
1245: 23 1290 -1
1246: 23 1956 1957 -1
1247: 23 1290 -1
1248: 23 700 1144 -1
1249: 23 659 1290 1587 1648 1732 1953 1956 1957 1958 1959 -1
1250: 23 1285 1311 -1
1251: 23 1290 -1
1252: 23 -1
1253: 23 826 1280 1290 -1
1254: 23 1177 1202 1284 1290 2031 -1
1255: 23 826 1290 -1
1256: 23 -1
1257: 23 -1
1258: 23 1648 -1
1259: 23 -1
1260: 23 625 846 1014 1177 1202 2031 -1
1261: 23 659 847 1026 -1
1262: 23 846 847 -1
1263: 23 845 1290 -1
1264: 23 1290 -1
1265: 23 1284 -1
1266: 23 -1
1267: 23 -1
1268: 23 846 847 -1
1269: 23 629 1177 1202 1290 1648 2031 -1
1270: 23 -1
1271: 23 -1
1272: 23 672 847 2654 2661 -1
1273: 23 826 -1
1274: 23 1021 -1
1275: 23 -1
1276: 23 -1
1277: 23 -1
1278: 1290 1981 -1
1279: -1
1280: -1
1281: -1
1282: -1
1283: -1
1284: -1
1285: -1
1286: -1
1287: -1
1288: 1172 -1
1289: -1
1290: 829 830 1210 1281 1285 1297 1311 1575 1732 3406 3420 -1
1291: -1
1292: -1
1293: 3215 -1
1294: -1
1295: 1292 -1
1296: -1
1297: 826 -1
1298: 3207 -1
1299: -1
1300: -1
1301: 826 1290 -1
1302: -1
1303: -1
1304: -1
1305: -1
1306: -1
1307: 1227 1308 -1
1308: 1210 1280 1281 -1
1309: -1
1310: -1
1311: -1
1312: -1
1313: -1
1314: -1
1315: 844 -1
1316: -1
1317: -1
1318: -1
1319: -1
1320: -1
1321: 1319 1331 1336 -1
1322: -1
1323: -1
1324: 1325 -1
1325: -1
1326: -1
1327: 2847 -1
1328: 817 -1
1329: 1319 1331 -1
1330: -1
1331: -1
1332: 1326 -1
1333: -1
1334: -1
1335: -1
1336: 1326 -1
1337: -1
1338: -1
1339: 25 1364 2965 3168 3174 3175 3285 3286 3289 3296 -1
1340: 25 1349 1351 1367 1372 3169 3175 -1
1341: 25 -1
1342: 25 -1
1343: 1340 3171 -1
1344: 1354 1362 3168 3175 -1
1345: -1
1346: -1
1347: -1
1348: -1
1349: -1
1350: 1353 1355 1371 3166 3173 3287 3289 3292 -1
1351: -1
1352: -1
1353: -1
1354: -1
1355: 3167 -1
1356: -1
1357: -1
1358: -1
1359: -1
1360: 151 1366 1371 3167 3168 3290 -1
1361: -1
1362: -1
1363: 1374 -1
1364: 1371 3174 -1
1365: -1
1366: 1364 1371 3166 3168 3174 3292 -1
1367: -1
1368: 3175 -1
1369: 3298 -1
1370: -1
1371: -1
1372: -1
1373: -1
1374: -1
1375: -1
1376: -1
1377: 1385 3357 -1
1378: -1
1379: -1
1380: -1
1381: -1
1382: -1
1383: -1
1384: -1
1385: 1377 -1
1386: -1
1387: 653 1361 1421 -1
1388: 1286 -1
1389: -1
1390: 1999 -1
1391: 1393 -1
1392: -1
1393: 28 864 1398 1399 -1
1394: -1
1395: -1
1396: -1
1397: 96 107 -1
1398: 1405 -1
1399: -1
1400: -1
1401: 440 -1
1402: 605 1404 -1
1403: -1
1404: -1
1405: 355 586 1399 1702 1709 2339 3278 3420 3504 -1
1406: -1
1407: 1349 -1
1408: -1
1409: -1
1410: -1
1411: -1
1412: 1349 1367 -1
1413: -1
1414: -1
1415: -1
1416: 1349 -1
1417: 1926 2410 -1
1418: -1
1419: -1
1420: -1
1421: -1
1422: -1
1423: -1
1424: -1
1425: -1
1426: 236 634 1008 1014 1131 1381 1425 2372 2845 -1
1427: 76 -1
1428: 76 -1
1429: 1437 -1
1430: 1437 -1
1431: 1437 -1
1432: 1437 -1
1433: 1437 -1
1434: 1437 -1
1435: 1437 -1
1436: 1437 -1
1437: 32 1429 1438 1439 1440 1441 1442 1443 1444 1445 1446 1447 1448 1449 1450 1451 1452 1453 1454 1461 1463 1464 1465 1466 1467 1468 1469 1470 1471 1473 1474 1475 1476 1477 1478 1479 1480 1481 1483 1484 1485 1486 1487 1488 1489 1490 1491 1492 1493 1494 1495 1496 1497 1498 1499 1500 1503 1504 1505 1506 1507 1508 1509 1510 1511 1512 -1
1438: -1
1439: -1
1440: -1
1441: -1
1442: 1437 -1
1443: 1437 -1
1444: 1437 -1
1445: -1
1446: -1
1447: -1
1448: -1
1449: -1
1450: -1
1451: -1
1452: -1
1453: -1
1454: -1
1455: 32 -1
1456: 32 462 884 931 1814 2099 2858 -1
1457: 32 -1
1458: 32 1429 1461 1463 1464 1465 1466 1467 1468 1469 1470 1471 1473 1474 1475 1476 1477 1478 1479 1480 1481 1483 1484 1486 1487 1488 1489 1490 1491 1492 1493 1494 1495 1496 1497 1498 1499 1500 1503 1504 1505 1507 1508 1509 1510 1511 1512 -1
1459: 32 1429 1461 1463 1464 1465 1466 1467 1468 1469 1470 1471 1473 1474 1475 1476 1477 1478 1479 1480 1481 1483 1484 1486 1487 1488 1489 1490 1491 1492 1493 1494 1495 1496 1497 1498 1499 1500 1503 1504 1505 1507 1508 1509 1510 1511 1512 -1
1460: 32 1429 1461 1463 1464 1465 1466 1467 1468 1469 1470 1471 1473 1474 1475 1476 1477 1478 1479 1480 1481 1483 1484 1486 1487 1488 1489 1490 1491 1492 1493 1494 1495 1496 1497 1498 1499 1500 1503 1504 1505 1507 1508 1509 1510 1511 1512 -1
1461: 1437 -1
1462: 32 1463 1464 1465 1466 1467 1468 1469 1470 1471 1473 1474 1475 1476 1477 1478 1479 1480 1481 1483 1484 1486 1487 1488 1489 1490 1491 1492 1493 1494 1495 1496 1497 1498 1499 1500 1503 1504 1505 1507 1508 1509 1510 1511 1512 -1
1463: -1
1464: -1
1465: -1
1466: -1
1467: -1
1468: -1
1469: -1
1470: -1
1471: -1
1472: -1
1473: -1
1474: -1
1475: -1
1476: -1
1477: -1
1478: -1
1479: -1
1480: -1
1481: -1
1482: -1
1483: -1
1484: -1
1485: -1
1486: -1
1487: -1
1488: -1
1489: -1
1490: -1
1491: -1
1492: -1
1493: -1
1494: -1
1495: -1
1496: -1
1497: -1
1498: -1
1499: -1
1500: -1
1501: -1
1502: 1482 -1
1503: -1
1504: -1
1505: -1
1506: -1
1507: -1
1508: -1
1509: -1
1510: -1
1511: -1
1512: -1
1513: -1
1514: 1534 -1
1515: 33 1533 1534 -1
1516: 33 1514 1529 1535 -1
1517: -1
1518: -1
1519: -1
1520: 33 1513 1514 1529 1537 -1
1521: 33 1513 -1
1522: 1521 -1
1523: 33 1514 1515 1517 1519 1530 1534 1535 1541 -1
1524: 33 -1
1525: 33 -1
1526: 33 1529 -1
1527: 33 1519 -1
1528: 33 1518 -1
1529: 33 1518 -1
1530: 33 1514 1518 1533 1535 1536 1537 -1
1531: 33 1518 1534 1536 1540 1767 -1
1532: 1534 -1
1533: 327 1534 1535 1537 1538 -1
1534: 1514 1529 1531 1537 -1
1535: 1529 1533 1534 1537 1538 -1
1536: 1531 -1
1537: 1514 1517 1523 1531 1532 1533 1534 1535 1536 -1
1538: -1
1539: 1536 -1
1540: 1530 1535 1537 -1
1541: -1
1542: 1514 1516 1535 1536 1537 -1
1543: 34 242 1553 1583 -1
1544: 34 229 257 773 1565 2591 -1
1545: 34 -1
1546: 34 242 244 254 828 846 847 1015 1227 1553 1580 1582 1583 1584 2626 -1
1547: 34 233 242 625 690 773 1159 1278 1288 1551 1552 1553 1554 1559 1562 1563 1564 1567 1568 1573 1579 1581 1584 2065 2198 -1
1548: 34 -1
1549: 34 1554 1562 -1
1550: -1
1551: -1
1552: -1
1553: -1
1554: -1
1555: -1
1556: -1
1557: -1
1558: 1568 1574 1585 -1
1559: 56 208 625 654 1026 1563 1564 1567 1568 1955 -1
1560: 1159 1838 -1
1561: -1
1562: -1
1563: -1
1564: 56 625 1556 1561 1568 1574 1585 -1
1565: -1
1566: 2415 -1
1567: -1
1568: -1
1569: -1
1570: -1
1571: -1
1572: 843 -1
1573: 1568 1574 1585 -1
1574: -1
1575: 1228 -1
1576: 1560 -1
1577: -1
1578: -1
1579: 1554 1562 -1
1580: -1
1581: -1
1582: -1
1583: -1
1584: 1572 -1
1585: -1
1586: -1
1587: -1
1588: -1
1589: -1
1590: -1
1591: -1
1592: -1
1593: -1
1594: -1
1595: -1
1596: -1
1597: -1
1598: -1
1599: -1
1600: -1
1601: -1
1602: -1
1603: -1
1604: -1
1605: -1
1606: -1
1607: -1
1608: -1
1609: -1
1610: 208 441 886 972 1076 1081 2787 3498 3501 -1
1611: 157 310 323 325 326 329 330 332 333 338 340 342 343 347 348 349 350 352 353 1598 1599 1601 1602 1603 1604 1606 1607 1608 1609 1613 1614 2158 2897 2898 2899 2900 2901 2902 2903 2904 2906 2907 3384 3385 3386 3508 -1
1612: -1
1613: -1
1614: -1
1615: 37 -1
1616: -1
1617: -1
1618: 1621 -1
1619: 1624 -1
1620: -1
1621: -1
1622: 653 1580 -1
1623: 1616 -1
1624: -1
1625: -1
1626: -1
1627: 2630 -1
1628: -1
1629: -1
1630: -1
1631: -1
1632: -1
1633: -1
1634: -1
1635: -1
1636: 972 -1
1637: -1
1638: -1
1639: -1
1640: -1
1641: -1
1642: -1
1643: -1
1644: -1
1645: -1
1646: -1
1647: -1
1648: -1
1649: -1
1650: -1
1651: -1
1652: -1
1653: -1
1654: -1
1655: -1
1656: 236 1381 1634 -1
1657: 1705 -1
1658: 39 1070 3503 -1
1659: 39 -1
1660: 39 -1
1661: 39 -1
1662: 39 -1
1663: 39 191 208 234 240 252 260 327 335 346 453 599 610 614 625 646 654 659 740 833 838 845 864 884 949 963 1010 1018 1019 1041 1060 1207 1210 1227 1237 1241 1283 1286 1298 1304 1310 1318 1349 1353 1367 1370 1384 1403 1425 1552 1587 1629 1645 1653 1716 1727 1785 1788 1801 1802 1809 1811 1812 1815 1816 1818 1822 1826 1831 1842 1981 2170 2193 2211 2361 2367 2372 2421 2492 2540 2556 2562 2575 2591 2729 2830 2888 2986 3012 3015 3023 3178 3189 3191 3213 3214 3378 -1
1664: 39 585 2088 -1
1665: 39 229 234 239 252 258 259 327 335 346 585 625 642 646 653 659 721 819 830 837 838 841 883 1010 1015 1019 1025 1070 1208 1210 1237 1241 1302 1309 1312 1405 1422 1425 1552 1587 1622 1629 1645 1714 1716 1721 1727 1732 1822 2556 2562 2591 2725 2729 2891 3214 3244 3500 3501 3508 -1
1666: 39 -1
1667: 39 -1
1668: 39 844 1302 -1
1669: 39 -1
1670: 39 -1
1671: 39 167 614 2832 3444 3445 3446 3447 3448 3449 3450 3452 -1
1672: 39 -1
1673: 39 -1
1674: 39 614 838 1008 1060 1602 2158 2898 2903 -1
1675: 39 -1
1676: 39 -1
1677: 39 2849 -1
1678: 39 614 1396 1788 1994 -1
1679: 39 -1
1680: 39 105 355 950 1399 1627 1629 1645 1705 1769 1771 1772 1773 2339 2385 -1
1681: 39 938 1999 -1
1682: 39 107 585 864 984 1041 1393 1629 1645 2960 3249 -1
1683: 39 646 863 864 876 1007 1084 1633 2556 2562 2986 -1
1684: 39 43 96 165 206 208 355 463 615 654 886 953 972 973 983 1076 1081 1093 1095 1102 1405 1627 1629 1633 1645 1687 2008 2088 2288 2292 2630 2834 2835 2836 2841 2842 2846 2960 3382 -1
1685: 39 440 1096 1629 1633 1645 1706 1769 1771 1772 1773 2960 -1
1686: 39 -1
1687: 39 43 118 165 355 410 463 615 864 1706 1999 2957 2968 2969 2970 3112 -1
1688: 39 -1
1689: 39 -1
1690: 39 -1
1691: 39 1062 -1
1692: 39 -1
1693: 39 355 357 429 439 457 610 619 653 654 667 676 688 828 844 864 952 963 983 1041 1048 1071 1074 1076 1077 1081 1093 1095 1099 1100 1111 1359 1686 1914 2088 2288 2630 2632 2682 2688 2837 2841 2842 2848 2891 2960 2993 3249 3302 3428 3477 -1
1694: 39 180 188 323 347 394 411 429 585 653 887 897 929 953 1026 1060 1070 1076 1081 1335 1599 1603 1609 1705 1727 2088 2124 2135 2191 2339 2556 2897 2903 2906 3249 3373 3420 3481 3508 -1
1695: 39 189 1655 -1
1696: 39 -1
1697: 39 -1
1698: 39 -1
1699: 39 -1
1700: 355 462 1703 1704 -1
1701: -1
1702: -1
1703: -1
1704: -1
1705: -1
1706: -1
1707: 1923 1928 3246 -1
1708: -1
1709: -1
1710: 1411 -1
1711: 1714 -1
1712: 1822 -1
1713: -1
1714: -1
1715: -1
1716: -1
1717: -1
1718: -1
1719: -1
1720: 1732 1822 1842 2167 3015 -1
1721: -1
1722: -1
1723: -1
1724: -1
1725: 230 1587 1719 1822 -1
1726: 41 1088 1914 1923 1924 1926 1928 -1
1727: -1
1728: 49 1726 -1
1729: 49 1726 -1
1730: -1
1731: -1
1732: -1
1733: -1
1734: -1
1735: 42 -1
1736: 42 1737 -1
1737: 42 -1
1738: 42 107 410 1401 -1
1739: 42 107 933 938 1401 3112 3398 3399 3400 -1
1740: 42 107 -1
1741: 42 107 459 1734 -1
1742: 42 -1
1743: 42 1070 3481 -1
1744: 1648 1993 -1
1745: 43 165 206 439 850 1634 1769 1771 1772 1773 2088 2628 2960 3428 -1
1746: 43 165 612 897 1088 1633 1769 1771 1772 1773 1999 2094 -1
1747: 43 165 410 615 1077 1095 1635 1640 1646 1654 1769 1771 1772 1773 2628 3428 -1
1748: 43 1405 -1
1749: 43 165 405 2372 -1
1750: 43 165 208 355 405 408 654 839 972 973 1076 1081 1419 1629 1634 1645 1769 1771 1772 1773 3508 -1
1751: 43 165 208 405 411 654 897 972 973 1629 1645 1845 2191 2372 -1
1752: 43 165 -1
1753: 43 165 596 1647 -1
1754: 43 -1
1755: 43 355 976 1071 2285 2960 3420 -1
1756: 43 3420 -1
1757: 43 -1
1758: 43 439 444 614 864 953 1401 1587 1648 2191 2291 2372 2956 3420 -1
1759: 43 208 410 448 612 654 864 886 953 972 973 1350 1398 2957 2993 3042 3420 -1
1760: 43 3420 -1
1761: 43 439 927 1398 1401 1587 2096 2794 2960 3420 -1
1762: 43 191 445 570 612 864 1398 1401 1705 2099 2960 3420 -1
1763: 43 410 861 864 887 896 963 973 1403 1923 2336 2364 2956 3382 3420 3508 -1
1764: 43 2202 3420 -1
1765: -1
1766: -1
1767: -1
1768: -1
1769: -1
1770: 96 165 -1
1771: -1
1772: -1
1773: -1
1774: 46 1775 1783 1786 1789 1922 2173 -1
1775: -1
1776: 46 89 208 838 1426 1586 1775 1783 1786 1789 1822 1842 1922 2173 2891 -1
1777: 46 1775 1783 1786 1789 1922 2173 -1
1778: 46 625 1775 1783 1786 1789 1922 2173 -1
1779: 46 594 614 1536 1597 1775 1783 1786 1789 1803 1814 1824 1825 1922 2173 2421 3451 -1
1780: 1794 1814 -1
1781: 46 2016 -1
1782: 46 -1
1783: -1
1784: 46 365 387 389 797 845 1311 1572 2620 2890 -1
1785: 46 1084 1093 1822 2036 -1
1786: -1
1787: 46 1732 -1
1788: -1
1789: -1
1790: -1
1791: -1
1792: -1
1793: -1
1794: -1
1795: 1794 1824 1825 -1
1796: -1
1797: -1
1798: -1
1799: -1
1800: -1
1801: -1
1802: -1
1803: -1
1804: -1
1805: -1
1806: -1
1807: -1
1808: -1
1809: -1
1810: -1
1811: -1
1812: -1
1813: -1
1814: -1
1815: -1
1816: -1
1817: 1824 1825 -1
1818: -1
1819: -1
1820: -1
1821: -1
1822: -1
1823: -1
1824: -1
1825: -1
1826: -1
1827: -1
1828: -1
1829: -1
1830: -1
1831: -1
1832: -1
1833: 1812 -1
1834: -1
1835: -1
1836: 1835 -1
1837: -1
1838: -1
1839: -1
1840: -1
1841: 1210 -1
1842: -1
1843: -1
1844: -1
1845: 634 2015 -1
1846: -1
1847: -1
1848: 1726 -1
1849: 1726 -1
1850: 49 1726 1733 -1
1851: 49 1726 -1
1852: 49 1026 1726 -1
1853: 49 1726 -1
1854: 49 1726 -1
1855: 49 1726 -1
1856: 49 1726 -1
1857: 49 1726 -1
1858: 49 1726 -1
1859: 49 1726 -1
1860: 49 1726 -1
1861: 49 1726 -1
1862: 49 1726 -1
1863: 49 252 265 394 659 680 687 689 1312 1569 1575 1726 -1
1864: 49 -1
1865: 1726 -1
1866: 49 1726 1865 1930 -1
1867: 49 1726 -1
1868: 49 1726 -1
1869: 49 1726 -1
1870: 1726 -1
1871: 1726 -1
1872: 49 1726 -1
1873: 49 847 1726 1732 3188 -1
1874: 49 817 1331 1707 1726 1732 1853 1876 2626 -1
1875: 49 1726 -1
1876: 49 252 628 632 718 1227 1707 1726 1853 1881 1914 3243 3248 3249 -1
1877: 49 1726 -1
1878: 49 1707 1726 1853 -1
1879: 49 1726 -1
1880: 49 767 1726 -1
1881: 49 1726 -1
1882: 49 1726 -1
1883: 49 1707 1726 1853 -1
1884: 49 1707 1726 1853 1927 -1
1885: 49 1726 -1
1886: 49 1726 -1
1887: 49 1726 -1
1888: 1707 1726 1853 -1
1889: 49 1726 -1
1890: 49 1726 -1
1891: 49 1726 -1
1892: 49 1726 -1
1893: 49 1060 1707 1726 1853 -1
1894: 49 1726 -1
1895: 49 1707 1726 1732 1853 3358 3359 3360 -1
1896: 49 1726 -1
1897: 49 252 327 646 887 1726 1732 2556 3249 -1
1898: 49 1726 -1
1899: 49 1726 -1
1900: 49 1726 -1
1901: 49 672 1331 1726 -1
1902: 49 1726 -1
1903: 49 1726 -1
1904: 864 1070 1707 1726 1853 1927 3466 -1
1905: 49 1726 -1
1906: 49 1726 -1
1907: 49 1726 -1
1908: 49 1053 1059 1726 -1
1909: 49 1726 -1
1910: 49 1047 1065 1707 1726 1853 -1
1911: 49 1726 -1
1912: 14 49 685 1726 1732 2167 -1
1913: 49 1707 1726 1853 -1
1914: 49 1726 -1
1915: 49 1726 -1
1916: 49 1314 1726 -1
1917: 49 208 654 1726 1894 2889 -1
1918: 49 1726 2567 -1
1919: 49 815 1027 1040 1707 1726 1853 1930 -1
1920: 49 1707 1726 1730 1853 -1
1921: 3244 -1
1922: -1
1923: -1
1924: 1920 -1
1925: 1707 1853 -1
1926: -1
1927: 1707 1853 -1
1928: 1707 1853 -1
1929: -1
1930: 1927 -1
1931: 50 1933 -1
1932: 50 1934 -1
1933: -1
1934: -1
1935: -1
1936: 50 1935 -1
1937: 50 1933 1935 -1
1938: 50 1084 1245 1933 1935 1937 1942 1943 -1
1939: 50 -1
1940: 50 1933 -1
1941: 50 1933 -1
1942: -1
1943: 50 1934 -1
1944: 50 -1
1945: 50 -1
1946: 50 -1
1947: 50 -1
1948: 50 -1
1949: 50 -1
1950: 50 -1
1951: 50 1084 1113 -1
1952: 1290 -1
1953: -1
1954: -1
1955: 1956 -1
1956: -1
1957: -1
1958: -1
1959: -1
1960: -1
1961: -1
1962: -1
1963: -1
1964: 964 969 974 2087 -1
1965: 589 590 2285 -1
1966: -1
1967: -1
1968: 983 2288 2580 2583 2722 -1
1969: 410 570 586 864 896 1587 1762 1993 2003 2088 2858 2957 -1
1970: -1
1971: -1
1972: -1
1973: -1
1974: -1
1975: 1005 2088 -1
1976: 616 -1
1977: 1550 1983 -1
1978: -1
1979: -1
1980: -1
1981: -1
1982: 605 -1
1983: -1
1984: 1286 -1
1985: 355 462 -1
1986: 2694 -1
1987: -1
1988: 55 -1
1989: 55 -1
1990: 55 1643 1650 2189 2628 -1
1991: -1
1992: -1
1993: -1
1994: -1
1995: -1
1996: -1
1997: -1
1998: 1599 2904 -1
1999: -1
2000: -1
2001: -1
2002: -1
2003: -1
2004: -1
2005: -1
2006: -1
2007: -1
2008: -1
2009: -1
2010: -1
2011: 56 -1
2012: 56 236 1381 -1
2013: 56 236 260 795 844 1005 1381 1571 1845 -1
2014: 56 87 242 833 1553 1732 2592 2773 -1
2015: 56 208 230 244 260 625 634 654 659 828 844 1016 1021 1026 1210 1291 1310 1312 1327 1563 1575 1578 2656 2847 -1
2016: 56 235 242 646 1333 1423 1425 1553 1583 -1
2017: 56 208 251 625 646 654 843 844 1044 1378 1428 1622 1914 2088 2650 3095 3101 -1
2018: 56 634 1572 -1
2019: 56 236 1381 -1
2020: 56 242 256 625 843 1553 3013 -1
2021: 56 252 276 646 661 1041 1227 -1
2022: 56 642 1008 1302 2657 2853 2854 -1
2023: 56 1552 2853 2854 -1
2024: 56 625 646 847 2853 2854 -1
2025: 56 634 1578 -1
2026: 56 208 625 654 672 739 1555 1559 1563 1584 1587 2623 2624 3022 -1
2027: 56 179 230 231 233 242 244 251 254 265 276 389 401 412 460 477 625 659 676 835 843 883 936 1015 1018 1026 1064 1070 1210 1298 1553 1554 1555 1557 1559 1562 1563 1567 1579 1581 1584 1587 1716 1727 1732 1842 1843 1844 1914 1961 2037 2054 2055 2117 2141 2831 2832 2848 3023 3240 3375 -1
2028: 56 208 227 230 242 254 255 654 672 735 828 1010 1015 1018 1021 1210 1234 1312 1317 1552 1553 1563 1569 1575 1579 1582 1587 2845 2988 3213 3215 -1
2029: 56 690 1555 1559 1563 1571 1584 1587 2622 2777 -1
2030: 56 89 208 242 260 625 652 654 659 685 798 828 837 1010 1064 1273 1312 1552 1553 1569 1575 1587 1588 1716 1732 2029 2045 2174 2599 2782 3215 -1
2031: 56 208 230 634 635 654 757 837 838 843 844 1008 1014 1021 1026 1714 1719 1822 2848 -1
2032: 56 65 114 739 765 844 1335 1552 2176 2178 2413 2415 2894 3022 -1
2033: 56 1335 2782 -1
2034: 56 208 244 625 654 672 844 1008 1327 1424 2847 -1
2035: 56 1555 -1
2036: 56 188 202 208 209 230 242 259 281 394 409 605 654 660 662 671 676 677 679 680 719 732 828 829 1019 1157 1159 1210 1312 1317 1553 1555 1569 1575 1583 1716 2580 2587 2619 2625 -1
2037: 56 -1
2038: 56 208 230 242 244 258 281 389 394 409 625 654 672 679 680 684 737 798 828 839 1006 1019 1026 1159 1208 1210 1269 1280 1285 1291 1302 1311 1317 1552 1553 1575 1648 1822 2406 2848 3494 -1
2039: 56 230 242 247 249 266 281 409 411 679 680 686 689 690 739 743 844 1006 1159 1312 1317 1552 1553 1575 1580 3022 -1
2040: 56 -1
2041: 56 181 209 230 242 249 275 277 281 409 625 672 685 686 689 838 1247 1287 1312 1552 1553 1575 1732 2404 2782 -1
2042: 56 230 242 389 393 409 659 739 1317 1553 1587 3022 3249 -1
2043: 56 180 188 238 252 258 268 276 279 280 281 302 361 365 366 367 371 373 381 387 394 396 413 634 657 658 660 664 666 672 680 687 690 737 839 843 1019 1065 1581 1822 1842 2404 2406 -1
2044: 56 209 230 242 249 260 281 409 411 634 662 671 679 686 743 1026 1313 1317 1333 1335 1552 1553 1716 2045 2624 2782 2888 -1
2045: 56 -1
2046: 56 181 209 238 242 280 281 302 365 372 385 389 393 394 409 625 666 672 690 839 1552 1553 2403 2624 3023 -1
2047: 56 1581 1582 -1
2048: 56 239 242 1587 -1
2049: 56 239 1587 2591 -1
2050: 56 208 240 261 366 409 642 654 661 700 845 969 1227 1283 1317 1318 3302 -1
2051: 56 689 828 1003 -1
2052: 56 191 208 240 248 259 599 654 661 700 779 803 839 844 845 972 1008 1014 1018 1041 1285 1294 1311 1317 1426 1587 1728 1842 1914 1981 2088 2611 2782 2848 3189 3249 -1
2053: 56 242 845 1553 1557 1559 1584 -1
2054: 56 65 207 244 251 460 828 887 1018 1070 1237 1312 1317 1557 1575 1582 1648 1822 2149 2372 3249 3508 -1
2055: 56 1552 -1
2056: 56 65 208 230 261 599 625 635 654 828 843 844 1018 1021 1026 1312 1648 2054 2055 2372 2831 2832 2848 -1
2057: 56 825 837 847 1580 3006 -1
2058: 56 261 843 1294 2149 -1
2059: 56 1563 -1
2060: 56 208 228 230 242 245 248 254 258 625 642 654 659 672 696 715 732 737 828 832 833 841 843 844 964 969 974 1005 1006 1013 1018 1019 1021 1071 1210 1234 1241 1293 1302 1307 1312 1334 1551 1553 1563 1569 1575 1580 1581 1587 1588 1845 1981 2019 2611 2625 2630 2841 2842 2848 -1
2061: 56 1041 1249 1960 2062 2556 2562 2782 2960 3428 -1
2062: 56 208 233 242 817 1553 1587 1953 1958 1959 1963 2059 2782 -1
2063: 56 1555 -1
2064: 56 -1
2065: 56 625 1564 1568 1573 1574 1583 1585 -1
2066: 56 179 208 242 244 251 261 625 654 667 700 843 844 864 1018 1049 1070 1312 1551 1553 1554 1557 1559 1562 1569 1575 1579 1581 1584 1620 1648 1716 1842 1914 2141 2596 2831 2832 2966 3380 3383 -1
2067: 56 -1
2068: 56 844 1552 1583 2626 -1
2069: 56 815 1055 1589 1707 1853 2782 -1
2070: 56 280 302 700 964 969 974 1234 1927 2404 2835 -1
2071: 242 1553 1583 -1
2072: 2623 2624 -1
2073: 1818 3017 -1
2074: 625 -1
2075: -1
2076: 228 230 843 844 1070 2135 -1
2077: 625 -1
2078: -1
2079: -1
2080: -1
2081: -1
2082: -1
2083: -1
2084: 2079 -1
2085: 1640 1646 3041 -1
2086: 614 1654 2112 -1
2087: 616 3420 -1
2088: -1
2089: -1
2090: 897 -1
2091: -1
2092: 150 593 616 619 983 2087 2088 2287 2288 2580 2581 2583 2630 2971 -1
2093: 59 457 596 953 977 1627 2688 2960 3428 -1
2094: 59 155 191 357 586 612 616 850 954 960 964 969 974 1071 1072 1073 1074 1075 1087 1088 1093 1095 1096 1099 1100 1102 1103 1633 2087 2088 2096 2099 2100 2287 2295 2322 2580 2581 2630 2834 2835 2836 2841 2842 2846 2960 3428 3508 -1
2095: 59 2630 2960 3420 -1
2096: 59 943 952 -1
2097: 2630 -1
2098: -1
2099: -1
2100: -1
2101: -1
2102: -1
2103: -1
2104: 60 2105 -1
2105: -1
2106: -1
2107: 2106 -1
2108: 700 3377 -1
2109: 3508 -1
2110: 61 -1
2111: 61 2010 -1
2112: -1
2113: 2114 -1
2114: -1
2115: -1
2116: -1
2117: -1
2118: -1
2119: -1
2120: -1
2121: -1
2122: -1
2123: -1
2124: 599 2141 -1
2125: 3420 -1
2126: -1
2127: -1
2128: -1
2129: -1
2130: -1
2131: -1
2132: -1
2133: -1
2134: -1
2135: -1
2136: -1
2137: -1
2138: -1
2139: -1
2140: -1
2141: -1
2142: -1
2143: -1
2144: -1
2145: -1
2146: -1
2147: -1
2148: 1589 -1
2149: -1
2150: -1
2151: -1
2152: -1
2153: -1
2154: -1
2155: -1
2156: -1
2157: -1
2158: -1
2159: 2099 -1
2160: -1
2161: 64 -1
2162: 1084 1904 2629 -1
2163: -1
2164: -1
2165: 2166 -1
2166: -1
2167: 65 833 841 1894 1927 2174 2889 -1
2168: 65 -1
2169: 65 -1
2170: 65 -1
2171: -1
2172: -1
2173: -1
2174: -1
2175: 228 242 249 654 688 739 808 844 1334 1335 1553 2624 2890 3022 -1
2176: -1
2177: 2167 -1
2178: -1
2179: 66 1110 2180 2181 2195 -1
2180: 155 1991 -1
2181: -1
2182: 66 2180 2181 2195 -1
2183: 66 2180 2181 2195 -1
2184: 66 2180 2181 2195 -1
2185: 66 2180 2181 2195 -1
2186: -1
2187: -1
2188: -1
2189: 583 598 1641 -1
2190: 155 -1
2191: -1
2192: -1
2193: -1
2194: -1
2195: -1
2196: 67 679 680 1555 1581 2782 -1
2197: 67 837 2624 -1
2198: -1
2199: 68 -1
2200: 68 610 1279 1300 1305 2289 2688 -1
2201: 68 -1
2202: 68 -1
2203: 68 -1
2204: 68 -1
2205: 68 -1
2206: 68 2339 -1
2207: 68 -1
2208: 68 2339 -1
2209: 68 -1
2210: 68 -1
2211: 68 610 953 2188 -1
2212: 68 2339 -1
2213: 68 610 -1
2214: 68 2339 -1
2215: 68 2339 -1
2216: 68 2339 -1
2217: 68 2339 -1
2218: 68 445 448 614 864 972 973 1401 3042 3420 -1
2219: 68 886 945 -1
2220: 68 -1
2221: 68 1095 1100 1102 -1
2222: 68 445 448 619 628 953 1398 2541 2542 -1
2223: 68 -1
2224: 68 864 2956 -1
2225: 68 -1
2226: 68 -1
2227: 68 3175 -1
2228: 68 2339 -1
2229: 68 457 -1
2230: 68 -1
2231: 68 123 312 445 448 1405 3386 -1
2232: 68 431 1076 1081 2993 3000 3001 3477 -1
2233: 68 1421 2339 -1
2234: 68 972 2339 -1
2235: 68 589 -1
2236: 68 -1
2237: 68 -1
2238: 68 1365 1374 3296 -1
2239: 68 -1
2240: 68 591 886 1421 1654 1985 1993 -1
2241: 68 -1
2242: 68 -1
2243: 68 3379 -1
2244: 68 -1
2245: 68 -1
2246: 68 939 2339 -1
2247: 68 2339 -1
2248: 68 -1
2249: 68 612 858 864 881 896 2090 2091 3249 -1
2250: 68 2339 2630 -1
2251: 68 150 -1
2252: 68 -1
2253: 68 -1
2254: 68 1640 1646 2339 -1
2255: 68 -1
2256: 68 -1
2257: 68 953 2285 -1
2258: 68 437 -1
2259: 68 -1
2260: 68 983 2288 -1
2261: 68 2339 -1
2262: 68 -1
2263: 68 -1
2264: 68 1398 2960 -1
2265: 68 1398 1401 2556 2562 2782 -1
2266: 68 -1
2267: 68 2339 -1
2268: 68 189 194 208 429 688 864 985 1312 1417 1575 1648 1727 1967 1992 2010 2355 2858 3380 -1
2269: 68 3508 -1
2270: 68 438 653 2556 2993 -1
2271: 68 -1
2272: 68 -1
2273: 68 512 1625 -1
2274: 68 449 2339 -1
2275: 68 449 2339 -1
2276: 68 449 -1
2277: 68 449 2339 -1
2278: 68 2339 -1
2279: 68 -1
2280: 68 2339 -1
2281: 68 586 972 1302 1398 1923 -1
2282: 68 -1
2283: 68 357 457 962 983 987 1095 1102 1279 1300 1305 2288 2292 2688 2834 2836 2842 2845 2846 -1
2284: 68 983 1995 2288 2290 2292 2293 2335 -1
2285: 68 -1
2286: 68 208 223 610 654 828 964 969 974 1283 1981 2682 -1
2287: 68 -1
2288: 68 -1
2289: 68 -1
2290: 68 -1
2291: 68 -1
2292: 68 -1
2293: 68 450 842 -1
2294: 68 -1
2295: 68 983 1088 2087 2288 2290 -1
2296: 68 -1
2297: 68 -1
2298: 68 1700 -1
2299: 68 -1
2300: 68 -1
2301: 68 2339 -1
2302: 68 -1
2303: 68 -1
2304: 68 -1
2305: 68 -1
2306: 68 1700 2100 -1
2307: 68 -1
2308: 68 -1
2309: 68 2339 -1
2310: 68 433 -1
2311: 68 208 2339 -1
2312: 68 -1
2313: 68 1075 1095 -1
2314: 68 -1
2315: 68 329 512 583 633 939 969 1071 1095 1102 1279 1300 1305 1354 1396 2087 2530 2630 2784 3380 3383 -1
2316: 68 -1
2317: 68 -1
2318: 68 2339 -1
2319: 68 310 314 322 326 329 330 332 342 349 350 352 353 407 557 954 1399 1601 1602 1604 1607 1640 1646 2087 2158 2339 2901 2971 3384 3385 3386 -1
2320: 68 96 953 -1
2321: 68 445 448 863 864 876 886 972 973 3501 -1
2322: 68 2339 -1
2323: 68 972 973 2851 3509 -1
2324: 68 874 972 1984 2361 2367 2371 2380 2867 2868 3391 -1
2325: 68 583 929 1769 -1
2326: 68 -1
2327: 68 150 437 616 939 1404 1640 1646 2339 2427 2540 2850 3280 -1
2328: 68 605 843 1702 1709 3420 -1
2329: 68 1923 -1
2330: 68 570 -1
2331: 68 429 439 659 864 1350 -1
2332: 68 -1
2333: 68 -1
2334: -1
2335: -1
2336: -1
2337: 3477 -1
2338: 950 -1
2339: 938 -1
2340: -1
2341: 304 -1
2342: -1
2343: 69 1404 -1
2344: 69 355 1771 1772 1773 2339 2351 2423 2424 3040 3041 -1
2345: 69 -1
2346: -1
2347: -1
2348: -1
2349: -1
2350: -1
2351: -1
2352: 2354 -1
2353: -1
2354: -1
2355: -1
2356: 71 105 1375 1376 1648 1906 2385 2809 3436 -1
2357: 71 -1
2358: 71 -1
2359: -1
2360: -1
2361: -1
2362: -1
2363: -1
2364: -1
2365: -1
2366: -1
2367: -1
2368: -1
2369: -1
2370: -1
2371: -1
2372: -1
2373: -1
2374: 2376 -1
2375: -1
2376: -1
2377: -1
2378: -1
2379: -1
2380: -1
2381: -1
2382: -1
2383: -1
2384: 3385 -1
2385: -1
2386: 72 2395 -1
2387: -1
2388: -1
2389: -1
2390: -1
2391: -1
2392: -1
2393: -1
2394: 2398 2399 -1
2395: -1
2396: -1
2397: -1
2398: -1
2399: 2398 -1
2400: -1
2401: -1
2402: -1
2403: -1
2404: -1
2405: -1
2406: -1
2407: -1
2408: 646 -1
2409: -1
2410: -1
2411: 276 -1
2412: 208 -1
2413: -1
2414: 2416 -1
2415: -1
2416: -1
2417: -1
2418: -1
2419: -1
2420: -1
2421: -1
2422: -1
2423: -1
2424: 2423 -1
2425: -1
2426: -1
2427: -1
2428: -1
2429: -1
2430: -1
2431: -1
2432: -1
2433: -1
2434: 79 143 2435 2436 2437 2438 2439 2440 2441 2442 2443 2444 2445 2446 2447 2448 2449 2450 2451 2452 2453 2455 2457 2458 2462 2463 2464 2465 2466 2467 2468 2469 2476 2477 2478 2479 2480 2481 2482 2495 2496 2497 2498 2499 2500 2501 2502 2503 2504 2505 2506 2507 2508 2509 2510 2511 2514 2515 2516 2519 2521 2522 2523 2524 2525 3115 3116 3117 3118 3119 3120 3121 3122 3123 3124 3126 3127 3128 3134 3135 3136 3137 3138 3139 3140 3141 3142 3143 3144 3145 3146 3147 3148 3149 3150 3151 3155 3156 3157 3160 3161 -1
2435: -1
2436: -1
2437: -1
2438: -1
2439: 2476 2477 2478 2479 2480 2481 2482 2502 2503 2504 2505 2506 2507 2508 2509 2510 2511 3144 3145 3146 3147 3148 3149 3150 3151 -1
2440: 2476 2477 2478 2479 2480 2481 2482 2502 2503 2504 2505 2506 2507 2508 2509 2510 2511 3144 3145 3146 3147 3148 3149 3150 3151 -1
2441: 2476 2477 2478 2479 2480 2481 2482 2502 2503 2504 2505 2506 2507 2508 2509 2510 2511 3144 3145 3146 3147 3148 3149 3150 3151 -1
2442: 2476 2477 2478 2479 2480 2481 2482 2502 2503 2504 2505 2506 2507 2508 2509 2510 2511 3144 3145 3146 3147 3148 3149 3150 3151 -1
2443: 2476 2477 2478 2479 2480 2481 2482 2502 2503 2504 2505 2506 2507 2508 2509 2510 2511 3144 3145 3146 3147 3148 3149 3150 3151 -1
2444: 2476 2477 2478 2479 2480 2481 2482 2502 2503 2504 2505 2506 2507 2508 2509 2510 2511 3144 3145 3146 3147 3148 3149 3150 3151 -1
2445: 2476 2477 2478 2479 2480 2481 2482 2502 2503 2504 2505 2506 2507 2508 2509 2510 2511 3144 3145 3146 3147 3148 3149 3150 3151 -1
2446: 2476 2477 2478 2479 2480 2481 2482 2502 2503 2504 2505 2506 2507 2508 2509 2510 2511 3144 3145 3146 3147 3148 3149 3150 3151 -1
2447: -1
2448: -1
2449: -1
2450: -1
2451: 2476 2477 2478 2479 2480 2481 2482 2502 2503 2504 2505 2506 2507 2508 2509 2510 2511 3144 3145 3146 3147 3148 3149 3150 3151 -1
2452: 2476 2477 2478 2479 2480 2481 2482 2502 2503 2504 2505 2506 2507 2508 2509 2510 2511 3144 3145 3146 3147 3148 3149 3150 3151 -1
2453: 2476 2477 2478 2479 2480 2481 2482 2502 2503 2504 2505 2506 2507 2508 2509 2510 2511 3144 3145 3146 3147 3148 3149 3150 3151 -1
2454: 2476 2477 2478 2479 2480 2481 2482 2502 2503 2504 2505 2506 2507 2508 2509 2510 2511 3144 3145 3146 3147 3148 3149 3150 3151 -1
2455: -1
2456: 79 2435 2436 2437 2438 2439 2440 2441 2442 2443 2444 2445 2446 2447 2448 2449 2450 2451 2452 2453 2457 2462 2463 2464 2465 2466 2467 2468 2469 2495 2496 2497 2498 2499 2500 2501 2514 2515 2519 3160 -1
2457: 2476 2477 2478 2479 2480 2481 2482 2502 2503 2504 2505 2506 2507 2508 2509 2510 2511 3126 3144 3145 3146 3147 3148 3149 3150 3151 -1
2458: 614 1625 2513 2516 2517 2526 2527 2528 3125 3126 3157 3158 -1
2459: 79 143 2435 2436 2437 2438 2439 2440 2441 2442 2443 2444 2445 2446 2447 2448 2449 2450 2451 2452 2453 2457 2462 2463 2464 2465 2466 2467 2468 2469 2495 2496 2497 2498 2499 2500 2501 2514 2515 2519 2521 2522 2523 3115 3116 3117 3118 3119 3120 3121 3122 3123 3124 3127 3128 3134 3135 3136 3137 3138 3139 3140 3141 3142 3143 3155 3156 3160 -1
2460: 79 143 2435 2436 2437 2438 2439 2440 2441 2442 2443 2444 2445 2446 2447 2448 2449 2450 2451 2452 2453 2457 2462 2463 2464 2465 2466 2467 2468 2469 2495 2496 2497 2498 2499 2500 2501 2514 2515 2519 2521 2522 2523 3115 3116 3117 3118 3119 3120 3121 3122 3123 3124 3127 3128 3134 3135 3136 3137 3138 3139 3140 3141 3142 3143 3155 3156 3160 -1
2461: 79 143 2435 2436 2437 2438 2439 2440 2441 2442 2443 2444 2445 2446 2447 2448 2449 2450 2451 2452 2453 2457 2462 2463 2464 2465 2466 2467 2468 2469 2495 2496 2497 2498 2499 2500 2501 2514 2515 2519 2521 2522 2523 3115 3116 3117 3118 3119 3120 3121 3122 3123 3124 3127 3128 3134 3135 3136 3137 3138 3139 3140 3141 3142 3143 3155 3156 3160 -1
2462: -1
2463: -1
2464: -1
2465: -1
2466: -1
2467: -1
2468: 2476 2477 2478 2479 2480 2481 2482 2502 2503 2504 2505 2506 2507 2508 2509 2510 2511 3144 3145 3146 3147 3148 3149 3150 3151 -1
2469: 2476 2477 2478 2479 2480 2481 2482 2502 2503 2504 2505 2506 2507 2508 2509 2510 2511 3144 3145 3146 3147 3148 3149 3150 3151 -1
2470: -1
2471: -1
2472: -1
2473: 79 143 2435 2436 2437 2438 2439 2440 2441 2442 2443 2444 2445 2446 2447 2448 2449 2450 2451 2452 2453 2457 2462 2463 2464 2465 2466 2467 2468 2469 2470 2471 2472 2495 2496 2497 2498 2499 2500 2501 2514 2515 2519 2521 2522 2523 2524 2525 3115 3116 3117 3118 3119 3120 3121 3122 3123 3124 3127 3128 3134 3135 3136 3137 3138 3139 3140 3141 3142 3143 3155 3156 3160 3161 -1
2474: 79 143 2435 2436 2437 2438 2439 2440 2441 2442 2443 2444 2445 2446 2447 2448 2449 2450 2451 2452 2453 2457 2462 2463 2464 2465 2466 2467 2468 2469 2470 2471 2472 2495 2496 2497 2498 2499 2500 2501 2514 2515 2519 2521 2522 2523 2524 2525 3115 3116 3117 3118 3119 3120 3121 3122 3123 3124 3127 3128 3134 3135 3136 3137 3138 3139 3140 3141 3142 3143 3155 3156 3160 3161 -1
2475: 79 143 2435 2436 2437 2438 2439 2440 2441 2442 2443 2444 2445 2446 2447 2448 2449 2450 2451 2452 2453 2457 2462 2463 2464 2465 2466 2467 2468 2469 2470 2471 2472 2495 2496 2497 2498 2499 2500 2501 2514 2515 2519 2521 2522 2523 2524 2525 3115 3116 3117 3118 3119 3120 3121 3122 3123 3124 3127 3128 3134 3135 3136 3137 3138 3139 3140 3141 3142 3143 3155 3156 3160 3161 -1
2476: 79 143 2435 2436 2437 2438 2439 2440 2441 2442 2443 2444 2445 2446 2447 2448 2449 2450 2451 2452 2453 2457 2462 2463 2464 2465 2466 2467 2468 2469 2470 2471 2472 2495 2496 2497 2498 2499 2500 2501 2514 2515 2519 2521 2522 3115 3116 3117 3118 3119 3120 3121 3122 3123 3124 3127 3128 3134 3135 3136 3137 3138 3139 3140 3141 3142 3143 3155 3156 3160 -1
2477: 79 143 2435 2436 2437 2438 2439 2440 2441 2442 2443 2444 2445 2446 2447 2448 2449 2450 2451 2452 2453 2457 2462 2463 2464 2465 2466 2467 2468 2469 2470 2471 2472 2495 2496 2497 2498 2499 2500 2501 2514 2515 2519 2521 2522 3115 3116 3117 3118 3119 3120 3121 3122 3123 3124 3127 3128 3134 3135 3136 3137 3138 3139 3140 3141 3142 3143 3155 3156 3160 -1
2478: 79 143 2435 2436 2437 2438 2439 2440 2441 2442 2443 2444 2445 2446 2447 2448 2449 2450 2451 2452 2453 2457 2462 2463 2464 2465 2466 2467 2468 2469 2470 2471 2472 2495 2496 2497 2498 2499 2500 2501 2514 2515 2519 2521 2522 3115 3116 3117 3118 3119 3120 3121 3122 3123 3124 3127 3128 3134 3135 3136 3137 3138 3139 3140 3141 3142 3143 3155 3156 3160 -1
2479: 79 143 2435 2436 2437 2438 2439 2440 2441 2442 2443 2444 2445 2446 2447 2448 2449 2450 2451 2452 2453 2457 2462 2463 2464 2465 2466 2467 2468 2469 2470 2471 2472 2495 2496 2497 2498 2499 2500 2501 2514 2515 2519 2521 2522 3115 3116 3117 3118 3119 3120 3121 3122 3123 3124 3127 3128 3134 3135 3136 3137 3138 3139 3140 3141 3142 3143 3155 3156 3160 -1
2480: 79 143 2435 2436 2437 2438 2439 2440 2441 2442 2443 2444 2445 2446 2447 2448 2449 2450 2451 2452 2453 2457 2462 2463 2464 2465 2466 2467 2468 2469 2470 2471 2472 2495 2496 2497 2498 2499 2500 2501 2514 2515 2519 2521 2522 3115 3116 3117 3118 3119 3120 3121 3122 3123 3124 3127 3128 3134 3135 3136 3137 3138 3139 3140 3141 3142 3143 3155 3156 3160 -1
2481: 79 143 2435 2436 2437 2438 2439 2440 2441 2442 2443 2444 2445 2446 2447 2448 2449 2450 2451 2452 2453 2457 2462 2463 2464 2465 2466 2467 2468 2469 2470 2471 2472 2495 2496 2497 2498 2499 2500 2501 2514 2515 2519 2521 2522 3115 3116 3117 3118 3119 3120 3121 3122 3123 3124 3127 3128 3134 3135 3136 3137 3138 3139 3140 3141 3142 3143 3155 3156 3160 -1
2482: 79 143 2435 2436 2437 2438 2439 2440 2441 2442 2443 2444 2445 2446 2447 2448 2449 2450 2451 2452 2453 2457 2462 2463 2464 2465 2466 2467 2468 2469 2470 2471 2472 2495 2496 2497 2498 2499 2500 2501 2514 2515 2519 2521 2522 3115 3116 3117 3118 3119 3120 3121 3122 3123 3124 3127 3128 3134 3135 3136 3137 3138 3139 3140 3141 3142 3143 3155 3156 3160 -1
2483: 79 143 2435 2436 2437 2438 2439 2440 2441 2442 2443 2444 2445 2446 2447 2448 2449 2450 2451 2452 2453 2457 2462 2463 2464 2465 2466 2467 2468 2469 2470 2471 2472 2495 2496 2497 2498 2499 2500 2501 2514 2515 2519 2521 2522 3115 3116 3117 3118 3119 3120 3121 3122 3123 3124 3127 3128 3134 3135 3136 3137 3138 3139 3140 3141 3142 3143 3155 3156 3160 -1
2484: 79 143 2435 2436 2437 2438 2439 2440 2441 2442 2443 2444 2445 2446 2447 2448 2449 2450 2451 2452 2453 2457 2462 2463 2464 2465 2466 2467 2468 2469 2470 2471 2472 2495 2496 2497 2498 2499 2500 2501 2514 2515 2519 2521 2522 3115 3116 3117 3118 3119 3120 3121 3122 3123 3124 3127 3128 3134 3135 3136 3137 3138 3139 3140 3141 3142 3143 3155 3156 3160 -1
2485: 79 143 2435 2436 2437 2438 2439 2440 2441 2442 2443 2444 2445 2446 2447 2448 2449 2450 2451 2452 2453 2457 2462 2463 2464 2465 2466 2467 2468 2469 2470 2471 2472 2495 2496 2497 2498 2499 2500 2501 2514 2515 2519 2521 2522 3115 3116 3117 3118 3119 3120 3121 3122 3123 3124 3127 3128 3134 3135 3136 3137 3138 3139 3140 3141 3142 3143 3155 3156 3160 -1
2486: 79 143 2435 2436 2437 2438 2439 2440 2441 2442 2443 2444 2445 2446 2447 2448 2449 2450 2451 2452 2453 2457 2462 2463 2464 2465 2466 2467 2468 2469 2470 2471 2472 2495 2496 2497 2498 2499 2500 2501 2514 2515 2519 2521 2522 3115 3116 3117 3118 3119 3120 3121 3122 3123 3124 3127 3128 3134 3135 3136 3137 3138 3139 3140 3141 3142 3143 3155 3156 3160 -1
2487: 79 143 2435 2436 2437 2438 2439 2440 2441 2442 2443 2444 2445 2446 2447 2448 2449 2450 2451 2452 2453 2457 2462 2463 2464 2465 2466 2467 2468 2469 2470 2471 2472 2495 2496 2497 2498 2499 2500 2501 2514 2515 2519 2521 2522 3115 3116 3117 3118 3119 3120 3121 3122 3123 3124 3127 3128 3134 3135 3136 3137 3138 3139 3140 3141 3142 3143 3155 3156 3160 -1
2488: 79 143 2435 2436 2437 2438 2439 2440 2441 2442 2443 2444 2445 2446 2447 2448 2449 2450 2451 2452 2453 2457 2462 2463 2464 2465 2466 2467 2468 2469 2470 2471 2472 2495 2496 2497 2498 2499 2500 2501 2514 2515 2519 2521 2522 3115 3116 3117 3118 3119 3120 3121 3122 3123 3124 3127 3128 3134 3135 3136 3137 3138 3139 3140 3141 3142 3143 3155 3156 3160 -1
2489: 79 143 2435 2436 2437 2438 2439 2440 2441 2442 2443 2444 2445 2446 2447 2448 2449 2450 2451 2452 2453 2457 2462 2463 2464 2465 2466 2467 2468 2469 2470 2471 2472 2495 2496 2497 2498 2499 2500 2501 2514 2515 2519 2521 2522 3115 3116 3117 3118 3119 3120 3121 3122 3123 3124 3127 3128 3134 3135 3136 3137 3138 3139 3140 3141 3142 3143 3155 3156 3160 -1
2490: 79 -1
2491: 79 -1
2492: 79 -1
2493: 79 -1
2494: 79 143 2437 2439 2440 2441 2442 2443 2444 2445 2446 2447 2448 2449 2450 2451 2452 2453 2462 2463 2464 2465 2466 2467 2468 2469 2470 2471 2472 2495 2496 2497 2498 2499 2500 2501 2514 2515 2519 2521 2522 2523 2524 2525 3117 3118 3119 3120 3121 3122 3123 3124 3127 3128 3134 3135 3136 3137 3138 3139 3140 3141 3142 3143 3155 3156 3160 3161 -1
2495: -1
2496: -1
2497: -1
2498: -1
2499: -1
2500: -1
2501: -1
2502: 79 2437 2439 2440 2441 2442 2447 2448 2449 2450 2451 2452 2463 2464 2465 2466 2467 2468 2469 2495 2496 2497 2498 2499 2500 2501 2514 2515 2519 3160 -1
2503: 79 2437 2439 2440 2441 2442 2447 2448 2449 2450 2451 2452 2463 2464 2465 2466 2467 2468 2469 2495 2496 2497 2498 2499 2500 2501 2514 2515 2519 3160 -1
2504: 79 2437 2439 2440 2441 2442 2447 2448 2449 2450 2451 2452 2463 2464 2465 2466 2467 2468 2469 2495 2496 2497 2498 2499 2500 2501 2514 2515 2519 3160 -1
2505: 79 2437 2439 2440 2441 2442 2447 2448 2449 2450 2451 2452 2463 2464 2465 2466 2467 2468 2469 2495 2496 2497 2498 2499 2500 2501 2514 2515 2519 3160 -1
2506: 79 2437 2439 2440 2441 2442 2447 2448 2449 2450 2451 2452 2463 2464 2465 2466 2467 2468 2469 2495 2496 2497 2498 2499 2500 2501 2514 2515 2519 3160 -1
2507: 79 2437 2439 2440 2441 2442 2447 2448 2449 2450 2451 2452 2463 2464 2465 2466 2467 2468 2469 2495 2496 2497 2498 2499 2500 2501 2514 2515 2519 3160 -1
2508: 79 2437 2439 2440 2441 2442 2447 2448 2449 2450 2451 2452 2463 2464 2465 2466 2467 2468 2469 2495 2496 2497 2498 2499 2500 2501 2514 2515 2519 3160 -1
2509: 79 2437 2439 2440 2441 2442 2447 2448 2449 2450 2451 2452 2463 2464 2465 2466 2467 2468 2469 2495 2496 2497 2498 2499 2500 2501 2514 2515 2519 3160 -1
2510: 79 2437 2439 2440 2441 2442 2447 2448 2449 2450 2451 2452 2463 2464 2465 2466 2467 2468 2469 2495 2496 2497 2498 2499 2500 2501 2514 2515 2519 3160 -1
2511: 79 2437 2439 2440 2441 2442 2447 2448 2449 2450 2451 2452 2463 2464 2465 2466 2467 2468 2469 2495 2496 2497 2498 2499 2500 2501 2514 2515 2519 3160 -1
2512: 79 2437 2439 2440 2441 2442 2447 2448 2449 2450 2451 2452 2463 2464 2465 2466 2467 2468 2469 2495 2496 2497 2498 2499 2500 2501 2514 2515 2519 3160 -1
2513: 79 2435 2436 2437 2438 2439 2440 2441 2442 2443 2444 2445 2446 2447 2448 2449 2450 2451 2452 2453 2455 2457 2462 2463 2464 2465 2466 2467 2468 2469 2476 2477 2478 2479 2480 2481 2482 2495 2496 2497 2498 2499 2500 2501 2502 2503 2504 2505 2506 2507 2508 2509 2510 2511 2514 2515 2519 3126 3144 3145 3146 3147 3148 3149 3150 3151 3160 -1
2514: 2476 2477 2478 2479 2480 2481 2482 2502 2503 2504 2505 2506 2507 2508 2509 2510 2511 2517 2528 3144 3145 3146 3147 3148 3149 3150 3151 3158 -1
2515: 2476 2477 2478 2479 2480 2481 2482 2502 2503 2504 2505 2506 2507 2508 2509 2510 2511 3144 3145 3146 3147 3148 3149 3150 3151 -1
2516: 2476 2477 2478 2479 2480 2481 2482 2502 2503 2504 2505 2506 2507 2508 2509 2510 2511 3126 3144 3145 3146 3147 3148 3149 3150 3151 3157 -1
2517: 79 2435 2436 2437 2438 2439 2440 2441 2442 2443 2444 2445 2446 2447 2448 2449 2450 2451 2452 2453 2455 2457 2462 2463 2464 2465 2466 2467 2468 2469 2476 2477 2478 2479 2480 2481 2482 2495 2496 2497 2498 2499 2500 2501 2502 2503 2504 2505 2506 2507 2508 2509 2510 2511 2514 2515 2519 2521 2523 3126 3144 3145 3146 3147 3148 3149 3150 3151 3160 -1
2518: 2476 2477 2478 2479 2480 2481 2482 2502 2503 2504 2505 2506 2507 2508 2509 2510 2511 2517 2526 2527 2528 3126 3144 3145 3146 3147 3148 3149 3150 3151 3158 -1
2519: -1
2520: 79 2435 2436 2437 2438 2439 2440 2441 2442 2443 2444 2445 2446 2447 2448 2449 2450 2451 2452 2453 2457 2462 2463 2464 2465 2466 2467 2468 2469 2495 2496 2497 2498 2499 2500 2501 2514 2515 2519 3160 -1
2521: 2476 2477 2478 2479 2480 2481 2482 2502 2503 2504 2505 2506 2507 2508 2509 2510 2511 3126 3144 3145 3146 3147 3148 3149 3150 3151 -1
2522: 2476 2477 2478 2479 2480 2481 2482 2502 2503 2504 2505 2506 2507 2508 2509 2510 2511 3126 3144 3145 3146 3147 3148 3149 3150 3151 -1
2523: 2476 2477 2478 2479 2480 2481 2482 2502 2503 2504 2505 2506 2507 2508 2509 2510 2511 3126 3144 3145 3146 3147 3148 3149 3150 3151 -1
2524: 2476 2477 2478 2479 2480 2481 2482 2502 2503 2504 2505 2506 2507 2508 2509 2510 2511 3126 3144 3145 3146 3147 3148 3149 3150 3151 -1
2525: -1
2526: 79 143 2435 2436 2437 2438 2439 2440 2441 2442 2443 2444 2445 2446 2447 2448 2449 2450 2451 2452 2453 2455 2457 2458 2462 2463 2464 2465 2466 2467 2468 2469 2476 2477 2478 2479 2480 2481 2482 2495 2496 2497 2498 2499 2500 2501 2502 2503 2504 2505 2506 2507 2508 2509 2510 2511 2514 2515 2519 2521 2522 2523 2524 2525 3115 3116 3117 3118 3119 3120 3121 3122 3123 3124 3127 3128 3134 3135 3136 3137 3138 3139 3140 3141 3142 3143 3144 3145 3146 3147 3148 3149 3150 3151 3155 3156 3160 3161 -1
2527: 79 143 2435 2436 2437 2438 2439 2440 2441 2442 2443 2444 2445 2446 2447 2448 2449 2450 2451 2452 2453 2455 2457 2458 2462 2463 2464 2465 2466 2467 2468 2469 2476 2477 2478 2479 2480 2481 2482 2495 2496 2497 2498 2499 2500 2501 2502 2503 2504 2505 2506 2507 2508 2509 2510 2511 2514 2515 2519 2521 2522 2523 2524 2525 3115 3116 3117 3118 3119 3120 3121 3122 3123 3124 3127 3128 3134 3135 3136 3137 3138 3139 3140 3141 3142 3143 3144 3145 3146 3147 3148 3149 3150 3151 3155 3156 3160 3161 -1
2528: 79 143 2435 2436 2437 2438 2439 2440 2441 2442 2443 2444 2445 2446 2447 2448 2449 2450 2451 2452 2453 2457 2458 2462 2463 2464 2465 2466 2467 2468 2469 2495 2496 2497 2498 2499 2500 2501 2514 2515 2519 2521 2522 2523 2524 2525 3115 3116 3117 3118 3119 3120 3121 3122 3123 3124 3127 3128 3134 3135 3136 3137 3138 3139 3140 3141 3142 3143 3155 3156 3160 3161 -1
2529: 80 2160 -1
2530: -1
2531: -1
2532: -1
2533: -1
2534: -1
2535: -1
2536: -1
2537: -1
2538: -1
2539: -1
2540: -1
2541: -1
2542: 2541 -1
2543: -1
2544: -1
2545: -1
2546: 82 -1
2547: 82 -1
2548: 82 -1
2549: 82 -1
2550: 82 -1
2551: 82 1334 -1
2552: 82 -1
2553: 682 1014 1021 1290 1732 2723 2724 3206 -1
2554: 864 1032 -1
2555: 82 1084 1123 1218 2545 2553 2563 2631 -1
2556: -1
2557: 2650 -1
2558: -1
2559: -1
2560: -1
2561: -1
2562: 440 460 897 936 1070 1707 1714 1853 1923 2993 -1
2563: -1
2564: 83 277 382 394 397 407 665 666 689 1014 1731 1842 2404 2405 -1
2565: -1
2566: -1
2567: -1
2568: -1
2569: -1
2570: 181 207 218 382 389 394 614 661 663 839 1227 1981 -1
2571: -1
2572: -1
2573: -1
2574: -1
2575: -1
2576: -1
2577: -1
2578: 86 638 2206 2575 2576 2577 -1
2579: -1
2580: -1
2581: -1
2582: -1
2583: -1
2584: -1
2585: 87 2584 3358 3359 3360 -1
2586: 89 252 1716 1732 2593 2624 -1
2587: 87 1573 2036 2584 2782 -1
2588: 242 1553 3215 -1
2589: -1
2590: -1
2591: -1
2592: 2589 -1
2593: -1
2594: 843 988 1084 1227 1702 1709 1986 2088 2598 -1
2595: 208 258 641 646 653 676 985 1290 1310 1570 1582 1842 2598 -1
2596: 634 1290 -1
2597: 2598 -1
2598: -1
2599: 89 659 839 1716 2030 2623 2624 2895 -1
2600: 89 846 2622 -1
2601: 89 244 690 757 758 843 1312 1569 1575 1580 2848 3466 -1
2602: 89 -1
2603: 89 -1
2604: 89 -1
2605: 89 745 -1
2606: 89 750 -1
2607: 89 -1
2608: 89 -1
2609: 89 -1
2610: 89 -1
2611: 89 -1
2612: 89 1319 2016 2623 2624 -1
2613: 89 -1
2614: 89 -1
2615: 89 -1
2616: 89 739 3022 -1
2617: 89 887 3202 -1
2618: 89 252 -1
2619: 89 719 -1
2620: 89 -1
2621: 89 -1
2622: -1
2623: -1
2624: -1
2625: -1
2626: -1
2627: 90 -1
2628: -1
2629: -1
2630: 566 602 1088 -1
2631: -1
2632: -1
2633: -1
2634: -1
2635: -1
2636: -1
2637: -1
2638: -1
2639: -1
2640: 91 2634 2635 2636 2637 -1
2641: 91 614 2099 2556 2643 2645 2646 3296 3375 -1
2642: 91 2633 2634 2635 2636 2637 2638 2639 -1
2643: -1
2644: 2643 2645 2646 -1
2645: -1
2646: 2643 -1
2647: 92 689 -1
2648: 2650 -1
2649: -1
2650: -1
2651: 94 208 259 260 282 302 625 649 654 679 680 700 837 864 887 1003 1011 1338 1554 1555 1562 1587 1648 1713 1842 1981 2042 2050 2361 2367 2371 2372 2380 2404 2405 2660 2782 2842 3487 -1
2652: 94 247 751 2659 -1
2653: -1
2654: -1
2655: 230 234 236 239 244 258 433 625 641 659 682 683 692 838 844 1005 1010 1013 1018 1019 1021 1023 1026 1129 1138 1228 1234 1280 1290 1297 1381 1426 1572 1714 1724 1732 1822 1978 1981 1983 2558 2653 2658 2661 -1
2656: -1
2657: -1
2658: -1
2659: -1
2660: -1
2661: -1
2662: 224 456 461 603 613 2125 2126 2140 2143 2144 2155 -1
2663: 224 456 461 603 613 2125 2126 2140 2143 2144 2155 -1
2664: 224 456 461 603 613 2125 2126 2140 2143 2144 2155 -1
2665: 95 152 204 224 456 461 523 558 603 613 1680 1698 2125 2126 2140 2143 2144 2155 2383 2675 2676 2677 2678 2679 2680 2681 2684 2685 2686 2687 3429 -1
2666: 224 456 461 603 613 2125 2126 2140 2143 2144 2155 -1
2667: 95 152 204 224 456 461 523 558 603 613 1680 1698 2125 2126 2140 2143 2144 2155 2383 2675 2676 2677 2678 2679 2680 2681 2684 2685 2686 2687 3429 -1
2668: 95 152 204 224 456 461 523 558 603 613 1680 1698 2125 2126 2140 2143 2144 2155 2383 2675 2676 2677 2678 2679 2680 2681 2684 2685 2686 2687 3429 -1
2669: 95 152 204 224 456 461 523 558 603 613 1680 1698 2125 2126 2140 2143 2144 2155 2383 2675 2676 2677 2678 2679 2680 2681 2684 2685 2686 2687 3429 -1
2670: 95 152 204 224 456 461 523 558 603 613 1680 1698 2125 2126 2140 2143 2144 2155 2383 2675 2676 2677 2678 2679 2680 2681 2684 2685 2686 2687 3429 -1
2671: 95 152 204 224 456 461 523 558 603 613 1680 1698 2125 2126 2140 2143 2144 2155 2383 2675 2676 2677 2678 2679 2680 2681 2684 2685 2686 2687 3429 -1
2672: 224 456 461 603 613 2125 2126 2140 2143 2144 2155 2669 -1
2673: 224 456 461 603 613 2125 2126 2140 2143 2144 2155 -1
2674: 224 456 461 603 613 2125 2126 2140 2143 2144 2155 -1
2675: -1
2676: -1
2677: -1
2678: -1
2679: 2682 -1
2680: -1
2681: 605 -1
2682: -1
2683: -1
2684: -1
2685: 950 1078 2858 -1
2686: -1
2687: 605 850 950 -1
2688: -1
2689: 96 -1
2690: 96 953 1093 1769 2960 -1
2691: 96 1986 -1
2692: 717 884 1084 -1
2693: 96 991 1652 2251 2252 -1
2694: -1
2695: -1
2696: -1
2697: 97 -1
2698: 97 -1
2699: 97 896 953 1078 1398 1923 -1
2700: 97 -1
2701: -1
2702: 97 -1
2703: 97 -1
2704: 97 864 -1
2705: -1
2706: -1
2707: 97 -1
2708: 97 -1
2709: 97 -1
2710: 97 593 616 1404 2087 2092 2100 2103 -1
2711: 97 2701 -1
2712: 97 618 2342 2705 2706 3374 3381 -1
2713: 97 -1
2714: -1
2715: 99 -1
2716: 99 -1
2717: 99 628 632 643 648 650 964 969 974 975 982 985 1291 1716 2718 2721 2726 -1
2718: 99 2726 -1
2719: 99 2721 2726 2728 -1
2720: 99 -1
2721: -1
2722: -1
2723: -1
2724: -1
2725: -1
2726: -1
2727: -1
2728: -1
2729: 2727 -1
2730: 965 1078 1393 1999 2285 2290 2784 -1
2731: 2858 -1
2732: 100 -1
2733: 100 937 997 -1
2734: 100 -1
2735: 100 -1
2736: 100 -1
2737: 100 -1
2738: 100 -1
2739: 100 614 3112 -1
2740: -1
2741: 101 2749 2750 2751 2756 2761 2762 2764 -1
2742: 101 651 742 769 842 846 1310 1596 1622 1790 1791 1792 1793 1796 1797 1798 1799 1800 1806 1807 1808 1809 1810 1818 1819 1820 1821 1829 1830 1831 1832 1915 2136 2248 2590 2749 2750 2751 2756 2761 2762 2764 3025 3095 3478 -1
2743: -1
2744: 2743 -1
2745: -1
2746: -1
2747: -1
2748: -1
2749: -1
2750: -1
2751: -1
2752: -1
2753: 2747 2752 2754 2759 2760 2763 -1
2754: -1
2755: 2746 2753 3242 -1
2756: -1
2757: -1
2758: -1
2759: -1
2760: -1
2761: -1
2762: -1
2763: -1
2764: -1
2765: 103 -1
2766: 103 -1
2767: 103 2016 -1
2768: 103 252 1732 2566 -1
2769: 103 -1
2770: 103 -1
2771: 103 -1
2772: 103 -1
2773: 103 1290 -1
2774: 103 -1
2775: 1552 -1
2776: -1
2777: -1
2778: -1
2779: -1
2780: -1
2781: -1
2782: -1
2783: -1
2784: -1
2785: 106 -1
2786: -1
2787: -1
2788: 107 599 610 1716 -1
2789: 107 439 2191 2794 -1
2790: 107 -1
2791: 107 864 1398 2091 2317 -1
2792: 107 394 403 407 409 439 460 690 864 897 1648 2556 2562 -1
2793: 107 -1
2794: 107 -1
2795: 107 -1
2796: 107 972 973 1014 -1
2797: 107 -1
2798: 107 -1
2799: 107 864 1363 1365 1401 1648 2322 2784 3296 -1
2800: 107 842 1055 1071 1935 -1
2801: 107 -1
2802: 107 -1
2803: 107 433 -1
2804: 107 1393 -1
2805: 107 -1
2806: 107 -1
2807: 107 -1
2808: 107 -1
2809: 107 -1
2810: 107 -1
2811: 107 600 -1
2812: 107 864 951 1421 3249 3306 -1
2813: 107 2956 -1
2814: 107 2956 -1
2815: 107 -1
2816: 107 -1
2817: 107 -1
2818: 107 1070 -1
2819: 107 -1
2820: 107 -1
2821: 107 -1
2822: 107 -1
2823: 107 -1
2824: 107 -1
2825: 107 -1
2826: -1
2827: -1
2828: 108 -1
2829: 108 1318 1378 2840 -1
2830: -1
2831: -1
2832: -1
2833: -1
2834: 700 828 1330 -1
2835: -1
2836: -1
2837: -1
2838: -1
2839: -1
2840: -1
2841: -1
2842: -1
2843: -1
2844: -1
2845: -1
2846: -1
2847: -1
2848: 1021 -1
2849: -1
2850: -1
2851: 2323 -1
2852: -1
2853: -1
2854: 2853 -1
2855: -1
2856: -1
2857: 971 -1
2858: 335 614 1286 1501 1514 1537 1653 2080 2082 2355 2537 2540 2541 2542 2891 3012 3026 3067 3432 -1
2859: 2864 -1
2860: -1
2861: -1
2862: -1
2863: -1
2864: -1
2865: -1
2866: -1
2867: -1
2868: -1
2869: 2871 -1
2870: -1
2871: -1
2872: 114 -1
2873: 114 228 599 841 1286 2075 3380 3383 -1
2874: 114 -1
2875: 114 2082 -1
2876: 114 -1
2877: 114 -1
2878: 114 -1
2879: 114 -1
2880: 114 -1
2881: 114 -1
2882: 2887 -1
2883: 114 -1
2884: 114 -1
2885: -1
2886: 2987 -1
2887: -1
2888: -1
2889: -1
2890: -1
2891: -1
2892: -1
2893: -1
2894: -1
2895: -1
2896: 115 -1
2897: -1
2898: -1
2899: -1
2900: -1
2901: -1
2902: -1
2903: -1
2904: -1
2905: -1
2906: -1
2907: -1
2908: -1
2909: 116 2961 -1
2910: 116 -1
2911: 116 -1
2912: 116 591 -1
2913: 116 -1
2914: 116 -1
2915: 116 -1
2916: 116 -1
2917: 116 -1
2918: 116 2953 -1
2919: 116 927 2339 3249 -1
2920: 116 -1
2921: 116 -1
2922: 116 -1
2923: 116 -1
2924: 116 -1
2925: 116 -1
2926: 116 -1
2927: 116 -1
2928: 116 -1
2929: 116 -1
2930: 116 -1
2931: 116 -1
2932: 116 -1
2933: 116 -1
2934: 116 -1
2935: 116 -1
2936: 116 2961 -1
2937: 116 2961 -1
2938: 116 2953 -1
2939: 116 2813 2953 -1
2940: 116 2953 -1
2941: 116 -1
2942: 116 2813 2953 -1
2943: 116 -1
2944: 116 -1
2945: 116 -1
2946: 116 -1
2947: 116 -1
2948: 116 2953 -1
2949: 116 -1
2950: 116 2961 -1
2951: 116 -1
2952: 1401 -1
2953: -1
2954: -1
2955: -1
2956: 1401 -1
2957: -1
2958: -1
2959: -1
2960: 123 165 1405 -1
2961: -1
2962: 117 -1
2963: 117 -1
2964: 1349 1367 -1
2965: -1
2966: 118 927 938 1984 3112 -1
2967: 118 -1
2968: -1
2969: -1
2970: -1
2971: -1
2972: 119 -1
2973: 119 -1
2974: 119 -1
2975: -1
2976: 2980 -1
2977: -1
2978: 2977 -1
2979: 2977 -1
2980: -1
2981: 121 646 846 847 1177 1202 2031 2985 -1
2982: 121 2895 -1
2983: 121 -1
2984: 242 625 646 659 841 1021 1551 1553 2981 2983 3194 3407 -1
2985: -1
2986: -1
2987: -1
2988: -1
2989: 122 -1
2990: 2991 -1
2991: -1
2992: 123 1088 2971 -1
2993: 123 -1
2994: 123 -1
2995: 123 314 -1
2996: 123 -1
2997: 123 3005 -1
2998: 123 944 1413 1702 1709 1815 1986 2088 2099 2189 2540 3246 -1
2999: -1
3000: 3477 -1
3001: -1
3002: -1
3003: 2993 -1
3004: 3477 -1
3005: -1
3006: -1
3007: -1
3008: -1
3009: -1
3010: -1
3011: -1
3012: -1
3013: -1
3014: 1795 1803 -1
3015: -1
3016: 126 -1
3017: 126 -1
3018: 126 -1
3019: 126 -1
3020: 126 -1
3021: 126 -1
3022: -1
3023: -1
3024: 127 391 653 843 963 1283 1716 1721 1914 2361 2367 2371 2380 2782 2831 2832 3249 -1
3025: -1
3026: -1
3027: 129 -1
3028: 130 -1
3029: 130 -1
3030: 130 410 963 3477 -1
3031: 130 -1
3032: 130 -1
3033: 130 -1
3034: 130 -1
3035: -1
3036: 131 -1
3037: 131 700 1041 1972 1973 3038 3039 3508 -1
3038: -1
3039: -1
3040: -1
3041: -1
3042: 1401 -1
3043: 586 -1
3044: 445 448 619 953 1398 1401 -1
3045: 843 847 1093 1629 1645 2556 2562 -1
3046: -1
3047: 3049 -1
3048: -1
3049: -1
3050: 302 634 639 659 830 864 972 973 985 1014 1026 1070 1283 1291 1981 2361 2367 2371 2380 2682 2841 2842 3470 3508 -1
3051: 208 234 240 252 335 345 585 628 641 643 646 648 652 653 654 819 830 838 844 845 964 969 971 974 983 985 986 1008 1041 1210 1283 1291 1296 1312 1317 1426 1552 1732 1822 1842 2088 2099 2288 2411 2725 2729 2842 2848 2888 3406 -1
3052: 135 -1
3053: 135 -1
3054: 135 -1
3055: 135 -1
3056: 135 -1
3057: 135 -1
3058: 135 -1
3059: 135 -1
3060: 135 -1
3061: 135 626 1299 3064 -1
3062: 135 -1
3063: 135 -1
3064: -1
3065: 3066 -1
3066: -1
3067: -1
3068: 937 2858 -1
3069: -1
3070: -1
3071: 137 -1
3072: 137 -1
3073: 137 -1
3074: 137 -1
3075: 137 -1
3076: 137 -1
3077: 137 -1
3078: 137 3166 -1
3079: 137 -1
3080: 137 1640 1646 1649 -1
3081: 137 -1
3082: 137 -1
3083: 137 -1
3084: 137 -1
3085: 137 -1
3086: 137 3070 -1
3087: 138 598 3088 -1
3088: -1
3089: -1
3090: -1
3091: -1
3092: -1
3093: -1
3094: -1
3095: -1
3096: -1
3097: -1
3098: -1
3099: -1
3100: 3095 3101 -1
3101: -1
3102: 1717 -1
3103: 140 -1
3104: 2587 -1
3105: 141 -1
3106: 1013 1021 -1
3107: 1014 -1
3108: -1
3109: 3112 -1
3110: 3109 -1
3111: -1
3112: 3111 -1
3113: -1
3114: -1
3115: -1
3116: -1
3117: -1
3118: -1
3119: -1
3120: -1
3121: -1
3122: -1
3123: -1
3124: -1
3125: 143 2522 3115 3116 3117 3118 3119 3120 3121 3122 3123 3124 3127 3128 3134 3135 3136 3137 3138 3139 3140 3141 3142 3143 3155 3156 -1
3126: 143 2451 2521 2522 3115 3116 3117 3118 3119 3120 3121 3122 3123 3124 3127 3128 3134 3135 3136 3137 3138 3139 3140 3141 3142 3143 3155 3156 -1
3127: -1
3128: -1
3129: 143 -1
3130: 143 -1
3131: 143 -1
3132: 143 -1
3133: 143 -1
3134: -1
3135: -1
3136: -1
3137: -1
3138: -1
3139: -1
3140: -1
3141: -1
3142: -1
3143: -1
3144: 143 2522 3117 3118 3119 3120 3121 3122 3123 3124 3127 3128 3134 3135 3136 3137 3138 3139 3141 3142 3143 3155 3156 -1
3145: 143 2522 3117 3118 3119 3120 3121 3122 3123 3124 3127 3128 3134 3135 3136 3137 3138 3139 3141 3142 3143 3155 3156 -1
3146: 143 2522 3117 3118 3119 3120 3121 3122 3123 3124 3127 3128 3134 3135 3136 3137 3138 3139 3141 3142 3143 3155 3156 -1
3147: 143 2522 3117 3118 3119 3120 3121 3122 3123 3124 3127 3128 3134 3135 3136 3137 3138 3139 3141 3142 3143 3155 3156 -1
3148: 143 2522 3117 3118 3119 3120 3121 3122 3123 3124 3127 3128 3134 3135 3136 3137 3138 3139 3141 3142 3143 3155 3156 -1
3149: 143 2522 3117 3118 3119 3120 3121 3122 3123 3124 3127 3128 3134 3135 3136 3137 3138 3139 3141 3142 3143 3155 3156 -1
3150: 143 2522 3117 3118 3119 3120 3121 3122 3123 3124 3127 3128 3134 3135 3136 3137 3138 3139 3141 3142 3143 3155 3156 -1
3151: 143 2522 3117 3118 3119 3120 3121 3122 3123 3124 3127 3128 3134 3135 3136 3137 3138 3139 3141 3142 3143 3155 3156 -1
3152: 143 2522 3117 3118 3119 3120 3121 3122 3123 3124 3127 3128 3134 3135 3136 3137 3138 3139 3141 3142 3143 3155 3156 -1
3153: 143 2437 2447 2448 2449 2450 2452 2467 2468 2501 2514 2515 2519 2521 2522 3117 3118 3119 3120 3121 3122 3123 3124 3127 3128 3134 3135 3136 3137 3138 3139 3141 3142 3143 3155 3156 3160 -1
3154: 143 2437 2447 2448 2449 2450 2452 2467 2468 2501 2514 2515 2519 2521 2522 3117 3118 3119 3120 3121 3122 3123 3124 3127 3128 3134 3135 3136 3137 3138 3139 3141 3142 3143 3155 3156 3160 -1
3155: 2517 2528 3158 -1
3156: -1
3157: 143 2516 2522 3115 3116 3117 3118 3119 3120 3121 3122 3123 3124 3127 3128 3134 3135 3136 3137 3138 3139 3140 3141 3142 3143 3155 3156 -1
3158: 143 2522 3115 3116 3117 3118 3119 3120 3121 3122 3123 3124 3127 3128 3134 3135 3136 3137 3138 3139 3140 3141 3142 3143 3155 3156 -1
3159: 143 2458 2470 2471 2472 2521 2522 2524 2525 3115 3116 3117 3118 3119 3120 3121 3122 3123 3124 3127 3128 3134 3135 3136 3137 3138 3139 3140 3141 3142 3143 3155 3156 3161 -1
3160: -1
3161: -1
3162: 144 1173 3163 3164 -1
3163: -1
3164: -1
3165: -1
3166: -1
3167: 1360 3294 -1
3168: 1350 1360 1374 3173 3175 3286 3294 -1
3169: 1340 -1
3170: 3175 -1
3171: -1
3172: 3168 3289 -1
3173: 3174 -1
3174: -1
3175: 1421 3171 -1
3176: 659 1006 1298 3198 3207 -1
3177: -1
3178: 1026 -1
3179: 146 -1
3180: 3201 -1
3181: 847 -1
3182: 146 3176 -1
3183: 659 3201 -1
3184: 146 3176 3181 -1
3185: 3207 -1
3186: 146 3176 3207 -1
3187: 146 -1
3188: -1
3189: -1
3190: 146 3176 3207 -1
3191: -1
3192: 1648 -1
3193: 146 -1
3194: 146 1207 1822 2985 3178 3213 -1
3195: 146 -1
3196: 3211 -1
3197: 146 -1
3198: 146 -1
3199: 146 -1
3200: 3207 -1
3201: 146 2556 2562 3180 3183 -1
3202: -1
3203: -1
3204: 146 632 636 646 790 1207 1291 1616 1623 1635 1838 2088 2141 2361 2537 3112 3178 3185 3189 3212 3213 3214 3216 -1
3205: 146 3212 3213 3214 3216 -1
3206: -1
3207: 146 3185 3190 -1
3208: -1
3209: 3207 -1
3210: 3207 -1
3211: -1
3212: -1
3213: -1
3214: -1
3215: -1
3216: -1
3217: 147 3218 3219 3220 3221 3222 3223 3224 3225 3226 -1
3218: -1
3219: -1
3220: -1
3221: -1
3222: -1
3223: -1
3224: -1
3225: -1
3226: -1
3227: -1
3228: -1
3229: -1
3230: -1
3231: 148 715 729 804 843 1093 1551 2088 2855 3211 3227 -1
3232: 148 389 705 804 1274 1551 3211 3227 3228 3229 3230 3231 3239 3241 3242 3412 -1
3233: 148 1274 3211 3239 -1
3234: 148 1274 3211 3227 3239 -1
3235: 148 1274 3211 -1
3236: 148 -1
3237: 148 -1
3238: 148 -1
3239: 3240 -1
3240: -1
3241: -1
3242: 625 -1
3243: -1
3244: 1707 1853 -1
3245: -1
3246: -1
3247: -1
3248: 1730 1923 1928 -1
3249: -1
3250: -1
3251: -1
3252: -1
3253: 150 3279 -1
3254: 150 3279 -1
3255: 150 -1
3256: 150 -1
3257: 150 -1
3258: 150 -1
3259: 150 -1
3260: 150 -1
3261: 150 -1
3262: 150 -1
3263: 150 -1
3264: 150 -1
3265: 150 -1
3266: 150 3279 -1
3267: 150 -1
3268: 150 2628 -1
3269: 150 -1
3270: 150 -1
3271: 150 -1
3272: 150 -1
3273: 150 -1
3274: 150 -1
3275: 150 -1
3276: 150 519 2340 -1
3277: 150 3252 3279 3280 -1
3278: -1
3279: -1
3280: 3277 -1
3281: 151 1364 1366 3173 3174 3296 3299 3300 -1
3282: 151 192 662 671 864 1076 1081 1286 1353 1403 1587 1621 2088 3508 -1
3283: -1
3284: -1
3285: 3166 3167 -1
3286: -1
3287: 3167 -1
3288: -1
3289: -1
3290: -1
3291: -1
3292: -1
3293: -1
3294: -1
3295: -1
3296: -1
3297: 1341 -1
3298: -1
3299: -1
3300: -1
3301: 1354 -1
3302: -1
3303: 2956 3412 -1
3304: 1060 1424 -1
3305: -1
3306: -1
3307: -1
3308: -1
3309: -1
3310: -1
3311: -1
3312: -1
3313: -1
3314: -1
3315: -1
3316: -1
3317: -1
3318: -1
3319: -1
3320: -1
3321: -1
3322: -1
3323: -1
3324: -1
3325: -1
3326: -1
3327: -1
3328: -1
3329: -1
3330: -1
3331: -1
3332: -1
3333: -1
3334: -1
3335: -1
3336: -1
3337: -1
3338: -1
3339: -1
3340: -1
3341: -1
3342: -1
3343: -1
3344: -1
3345: -1
3346: -1
3347: -1
3348: -1
3349: -1
3350: -1
3351: -1
3352: -1
3353: -1
3354: -1
3355: 239 -1
3356: 154 2013 -1
3357: -1
3358: -1
3359: -1
3360: -1
3361: 155 -1
3362: 155 2103 2287 2581 2582 2583 -1
3363: 155 208 654 864 886 1647 1654 3420 -1
3364: 155 972 1076 1081 1638 1647 2153 2628 2630 3040 3041 3080 -1
3365: 155 863 972 1763 2993 -1
3366: 155 967 2099 2309 2561 3420 -1
3367: 155 -1
3368: 155 -1
3369: 155 -1
3370: 155 301 345 971 1037 1041 1102 1393 1405 2960 3097 -1
3371: 155 355 583 1986 3106 -1
3372: 155 -1
3373: -1
3374: -1
3375: -1
3376: -1
3377: -1
3378: -1
3379: -1
3380: -1
3381: -1
3382: -1
3383: -1
3384: -1
3385: -1
3386: -1
3387: 3389 3390 -1
3388: 3390 -1
3389: -1
3390: -1
3391: -1
3392: 160 3401 -1
3393: 160 433 3401 -1
3394: 160 3401 -1
3395: 160 3401 3402 -1
3396: 160 927 3401 3402 -1
3397: 160 3401 3402 -1
3398: 160 3401 3402 -1
3399: 160 3401 3402 -1
3400: 160 3401 3402 -1
3401: 433 -1
3402: -1
3403: 160 3401 -1
3404: -1
3405: -1
3406: -1
3407: 838 847 2986 -1
3408: -1
3409: -1
3410: -1
3411: -1
3412: -1
3413: -1
3414: -1
3415: 163 -1
3416: -1
3417: 3416 -1
3418: -1
3419: -1
3420: 1405 -1
3421: 165 3420 -1
3422: 165 1421 3419 3420 -1
3423: 165 619 873 1648 3379 -1
3424: 43 165 -1
3425: 165 1633 -1
3426: 165 667 887 1555 2556 2562 -1
3427: 165 -1
3428: 165 615 -1
3429: 165 -1
3430: 165 2088 -1
3431: -1
3432: -1
3433: 166 3431 3432 3438 3439 -1
3434: 166 208 646 654 964 969 974 1093 1095 1102 1234 1589 2088 2133 2148 2841 2842 3431 3432 -1
3435: 166 208 1838 2889 3440 -1
3436: 166 -1
3437: 166 -1
3438: -1
3439: -1
3440: 3435 -1
3441: 1671 3455 -1
3442: -1
3443: -1
3444: -1
3445: -1
3446: -1
3447: -1
3448: -1
3449: -1
3450: -1
3451: 167 3444 3445 3446 3447 3448 3449 3450 -1
3452: -1
3453: -1
3454: -1
3455: 167 3444 3445 3446 3447 3448 3449 3450 -1
3456: -1
3457: -1
3458: -1
3459: -1
3460: -1
3461: -1
3462: -1
3463: 167 1671 3442 3443 3444 3445 3446 3447 3448 3449 3450 3452 3453 3454 3455 3456 3457 3458 3459 3460 3461 3462 -1
3464: -1
3465: -1
3466: 208 -1
3467: -1
3468: -1
3469: -1
3470: -1
3471: -1
3472: 169 -1
3473: -1
3474: -1
3475: -1
3476: -1
3477: -1
3478: 939 2540 2560 -1
3479: 170 625 843 864 1699 1881 3248 3481 -1
3480: -1
3481: -1
3482: 2649 -1
3483: 171 -1
3484: 171 -1
3485: 171 3035 3492 -1
3486: 171 3035 -1
3487: 171 628 643 648 -1
3488: 171 -1
3489: 171 -1
3490: 171 -1
3491: 171 -1
3492: -1
3493: 172 -1
3494: 172 208 -1
3495: 172 -1
3496: 172 3497 -1
3497: 1091 -1
3498: -1
3499: -1
3500: -1
3501: -1
3502: -1
3503: -1
3504: 1405 -1
3505: -1
3506: -1
3507: -1
3508: -1
3509: -1
3510: 173 3514 3515 3516 3517 3518 3519 3520 3521 3522 3523 3524 3525 3526 3527 3528 3529 3530 3531 3532 3533 3534 3535 3536 3537 3538 3539 3540 3541 3542 3543 3544 3545 3546 3547 3548 3549 3550 3551 3552 3553 3554 3555 3556 3557 3558 3559 3560 3561 3562 3563 -1
3511: 3510 -1
3512: 173 3508 3510 3514 3515 3516 3517 3518 3519 3520 3521 3522 3523 3524 3525 3526 3527 3528 3529 3530 3531 3532 3533 3534 3535 3536 3537 3538 3539 3540 3541 3542 3543 3544 3545 3546 3547 3548 3549 3550 3551 3552 3553 3554 3555 3556 3557 3558 3559 3560 3561 3562 3563 -1
3513: 173 3514 3515 3516 3517 3518 3519 3520 3521 3522 3523 3524 3525 3526 3527 3528 3529 3530 3531 3532 3533 3534 3535 3536 3537 3538 3539 3540 3541 3542 3543 3544 3545 3546 3547 3548 3549 3550 3551 3552 3553 3554 3555 3556 3557 3558 3559 3560 3561 3562 3563 -1
3514: -1
3515: -1
3516: -1
3517: -1
3518: -1
3519: -1
3520: -1
3521: -1
3522: -1
3523: -1
3524: -1
3525: -1
3526: -1
3527: -1
3528: -1
3529: -1
3530: -1
3531: -1
3532: -1
3533: -1
3534: -1
3535: -1
3536: -1
3537: -1
3538: -1
3539: -1
3540: -1
3541: -1
3542: -1
3543: -1
3544: -1
3545: -1
3546: -1
3547: -1
3548: -1
3549: -1
3550: -1
3551: -1
3552: -1
3553: -1
3554: -1
3555: -1
3556: -1
3557: -1
3558: -1
3559: -1
3560: -1
3561: -1
3562: -1
3563: -1
