0: 136 137 138 140 141 142 143 144 145 146 -1
1: -1
2: -1
3: 200 -1
4: -1
5: -1
6: 272 -1
7: 306 307 77 308 309 310 311 312 313 314 315 316 -1
8: -1
9: 96 356 -1
10: -1
11: -1
12: 423 424 -1
13: 427 428 429 430 431 432 433 434 435 436 437 438 439 10 440 441 442 443 444 445 -1
14: -1
15: -1
16: 525 526 527 528 529 530 531 532 533 534 535 536 537 538 539 540 541 542 543 544 545 546 547 548 549 550 551 552 553 554 555 556 557 558 -1
17: -1
18: 593 -1
19: 627 628 629 630 631 632 633 634 635 636 637 638 639 640 641 642 643 644 647 648 649 650 651 652 653 -1
20: -1
21: 799 800 801 802 803 231 804 805 806 360 209 154 807 808 809 -1
22: 837 -1
23: -1
24: -1
25: 889 890 -1
26: 910 911 912 913 914 -1
27: -1
28: -1
29: 943 -1
30: 958 -1
31: -1
32: -1
33: 964 965 966 967 968 969 970 971 -1
34: -1
35: 989 990 970 -1
36: 793 2 997 998 999 1000 1001 6 441 1002 1003 1004 1005 1006 1007 1008 1009 1010 1011 1012 444 9 -1
37: 1016 -1
38: 1018 -1
39: 1043 1044 1045 1046 1047 1048 1049 1050 1051 1052 1053 1054 1055 1056 1057 1058 1059 1060 1061 1062 1063 1064 1065 1066 1067 1068 1069 1070 1071 1072 1073 1074 1075 1076 1077 1078 1079 1080 1081 1082 1083 1084 1085 1086 1087 1088 1089 1090 1091 1092 1093 -1
40: 1094 1095 -1
41: 1105 -1
42: -1
43: 1111 1112 1113 1114 1115 1116 -1
44: 1121 1123 1124 1125 77 1126 1127 1128 1129 1130 1131 1132 1113 1133 1134 1135 1136 1137 1138 1139 1140 793 1001 6 441 1003 885 1005 1141 1143 1144 1145 1146 1147 1148 1149 1150 1151 1152 1153 1154 1155 1156 1157 1158 1159 1160 1161 1162 1163 1165 1166 1167 1168 1169 1170 1171 1172 1173 1174 1175 1176 1177 1178 1179 1180 1181 1182 1183 1184 1185 1186 1187 1188 -1
45: 1192 1193 1194 1195 1196 1197 1198 1199 -1
46: -1
47: 1204 1205 -1
48: 1192 1193 1194 1195 1196 1198 1199 -1
49: -1
50: 1211 1212 -1
51: -1
52: -1
53: 1255 1256 1287 1291 -1
54: -1
55: 627 1318 1319 149 1005 21 1320 647 644 648 649 650 651 652 653 -1
56: 1334 1335 1337 1338 441 1339 1340 1341 1342 1343 1344 1345 1346 1347 1348 1349 1350 1351 1352 1353 1354 1355 1356 1357 1358 1359 1360 1361 -1
57: -1
58: 1365 1366 1367 -1
59: 1368 -1
60: 1376 1378 1379 1380 1381 -1
61: -1
62: 441 1383 1384 -1
63: 29 1389 -1
64: 1401 -1
65: 1457 -1
66: 1464 -1
67: -1
68: -1
69: 1005 -1
70: -1
71: -1
72: -1
73: 1181 1152 1511 1512 1513 1514 77 1515 1516 1517 1518 1519 1520 1521 1522 1523 1524 1525 1001 1526 1527 1528 1529 1530 -1
74: 1535 1536 -1
75: 1538 1539 1540 1541 1542 1543 1544 1545 1546 1547 6 31 1548 7 1549 1550 1551 1552 1553 1554 1555 1556 1557 1003 1558 1109 1559 1005 1560 358 1561 1562 1563 77 238 1564 9 14 -1
76: -1
77: -1
78: -1
79: -1
80: 1018 1095 -1
81: 1667 1668 1669 1670 1671 1672 1673 1674 1675 1676 -1
82: 1677 1678 1679 1680 1681 1682 1683 1684 -1
83: 1133 1140 -1
84: 1685 1686 441 1001 1687 1005 1002 260 11 793 444 -1
85: -1
86: -1
87: 1691 1692 1693 1694 -1
88: 1005 1699 1700 1701 1702 1703 1704 -1
89: 1005 1714 -1
90: 1721 -1
91: 1723 1559 -1
92: -1
93: 1731 -1
94: 1734 1735 1736 1737 1738 -1
95: 1774 442 1775 1113 77 441 593 1005 537 1776 1777 885 444 -1
96: -1
97: -1
98: -1
99: 1820 1834 1838 1841 1843 1845 1854 1856 1858 1860 1863 1865 1867 1873 1876 1880 1882 1883 1884 1885 1886 1887 1888 1889 1890 1891 1892 1893 1894 1895 1896 1897 1898 1899 1900 1901 1902 1903 1904 1905 1906 1907 1908 1909 1910 1911 1912 1913 1914 1915 1916 1917 1918 1919 1920 1921 1922 1923 1924 1925 1926 -1
100: 1928 -1
101: 1929 -1
102: 1005 441 1930 -1
103: 1931 1933 -1
104: 1936 -1
105: 1937 1291 -1
106: -1
107: -1
108: 1943 -1
109: 1955 -1
110: 1962 -1
111: 306 307 77 308 1980 -1
112: 1001 -1
113: 1983 -1
114: 1984 -1
115: 1985 1986 1987 1988 1989 1990 1991 1992 1993 1994 1995 1003 1996 1997 1998 1999 1018 537 2000 2001 2002 2003 2004 2005 2006 160 2007 2008 2009 2010 2011 2012 2013 2014 2015 2016 2017 2018 1931 428 2019 14 2020 2021 2022 2023 2024 2025 2026 2027 2028 2029 2030 2031 2032 2033 2034 2035 2036 2037 2038 2039 2040 2041 2042 2043 2044 2045 2046 2047 2048 2049 2050 2051 2052 2053 2054 2055 793 2056 2057 2058 2059 2060 2061 2062 2063 2064 2065 2066 2067 2068 77 2069 2070 2071 2072 2073 2074 16 2075 2076 2077 2078 6 2079 2080 1016 2081 2082 2083 2084 2085 2086 2087 2088 2089 2090 2091 2092 2093 2094 2095 2096 2097 1564 2098 2099 2100 2101 2102 1005 1559 2103 2104 2105 2106 -1
116: 2117 2118 2119 1694 1692 -1
117: -1
118: 14 2135 -1
119: 136 137 138 -1
120: 136 137 138 1083 -1
121: 136 137 138 142 -1
122: 136 137 138 -1
123: 136 137 138 -1
124: 136 137 138 -1
125: 136 137 138 -1
126: 136 137 138 142 -1
127: 136 137 138 142 -1
128: 136 137 138 -1
129: 136 137 138 -1
130: 136 137 138 -1
131: 136 137 138 -1
132: 136 137 138 -1
133: 136 137 138 -1
134: 136 137 138 -1
135: 136 137 138 -1
136: 137 -1
137: 136 120 138 125 122 139 -1
138: 137 122 120 136 -1
139: 136 137 138 -1
140: 137 -1
141: -1
142: -1
143: -1
144: -1
145: -1
146: -1
147: 136 137 138 -1
148: 0 -1
149: 0 25 1005 54 441 10 20 -1
150: 136 137 138 142 -1
151: 1005 54 6 1003 2054 793 9 1995 806 989 441 444 2075 0 1366 13 77 -1
152: 1383 1689 77 1165 1183 2118 997 1744 800 8 1718 0 429 159 28 1685 1675 793 2054 2073 6 271 21 38 1003 80 1995 1004 1005 1562 537 9 989 1699 1672 -1
153: 21 1689 2054 6 38 0 1003 1018 2118 1005 806 766 37 793 2065 238 20 1562 775 1980 -1
154: 21 2054 1665 2080 6 38 0 1003 20 1018 2118 1005 1689 806 766 37 1562 793 2065 238 775 -1
155: 120 0 122 125 126 128 129 131 132 134 135 147 137 -1
156: 793 2054 997 849 6 16 2102 1003 1018 2118 2073 1005 54 2040 1562 77 1511 86 1689 2065 1942 20 120 0 9 441 885 29 1204 1133 1135 307 -1
157: 159 441 1005 0 -1
158: 1133 -1
159: 108 -1
160: 1929 -1
161: 1005 54 6 793 2073 77 21 1995 38 20 1 1720 1514 430 1003 537 9 28 1383 1009 1675 1685 1538 441 1001 444 885 2118 593 806 2049 1699 -1
162: 1720 1 2033 2078 6 793 16 1005 806 467 1702 77 1995 159 1931 2102 38 2000 1137 444 1671 1672 -1
163: 1929 -1
164: 1140 1 -1
165: 1 109 -1
166: 1 1005 -1
167: 1 1133 -1
168: 1137 1 -1
169: 997 2080 33 21 22 1524 38 428 1 1744 18 441 444 1675 806 1383 1539 2073 1672 8 6 2078 1003 1995 505 1312 1004 1005 2118 521 793 537 280 9 1009 31 1562 77 983 1394 1684 215 1564 2069 1012 576 137 2033 1136 2040 160 2059 2102 2013 1990 2071 2038 850 1514 2039 -1
170: 1139 1135 1 1133 -1
171: 1197 1928 1183 2 -1
172: 2040 1135 160 184 2 -1
173: 2 -1
174: 1196 394 2 -1
175: 2036 2038 2090 2013 2039 2046 2033 160 1685 775 2086 2 2016 -1
176: 793 997 999 6 8 1003 80 1004 2 1005 1007 1562 77 9 998 1001 441 1002 885 444 1513 1514 1163 -1
177: 2040 1881 1133 2 1135 -1
178: 2 1005 444 441 42 3 77 1133 1135 1134 1137 1562 1715 -1
179: 1137 1135 2 1134 -1
180: 885 1133 1137 1135 1138 1001 441 444 2 1774 1140 -1
181: 1401 1684 -1
182: 1137 2 1135 -1
183: 2 -1
184: -1
185: 2 1134 1137 1133 -1
186: 1005 1559 13 1699 1009 444 2 1 970 1714 2013 1684 1675 971 -1
187: 1193 1194 1204 1196 1893 3 200 1475 463 2 998 394 -1
188: 137 2090 2084 2042 1728 160 215 1514 1010 793 1001 998 1005 2 444 -1
189: 160 2061 1990 137 2038 2090 2037 2042 1728 215 646 1514 74 2058 2014 1010 793 1001 997 6 1005 998 2 444 -1
190: 1133 2 -1
191: 2 998 793 1383 -1
192: 1401 -1
193: 2 -1
194: 1699 1685 1562 2102 1009 1133 1137 1135 1136 793 1689 77 38 1687 806 1005 1559 6 16 8 1003 2073 358 1753 2126 1383 2 1702 1006 -1
195: 394 441 21 2 -1
196: 2 -1
197: 1113 1137 1135 1133 1134 444 2 -1
198: 1133 2 -1
199: 1196 394 2 -1
200: -1
201: 1672 6 1005 22 1383 442 1001 4 1183 441 24 5 3 -1
202: 86 3 793 1682 1001 1002 2 29 1005 1776 998 1777 444 1181 -1
203: 3 -1
204: 1684 -1
205: 885 3 463 424 63 1001 441 593 18 29 66 1776 1777 444 1980 -1
206: 1001 -1
207: 1505 646 1685 1538 3 1702 1672 1667 1559 1005 1699 521 -1
208: 86 3 793 1682 1001 1002 2 29 1005 1776 998 1777 444 1181 -1
209: 885 463 3 424 63 1001 441 593 18 29 66 1776 1777 444 234 -1
210: 1774 1137 1114 1769 1881 3 2013 2038 1005 1694 -1
211: 1005 6 2073 1003 9 793 329 77 1689 806 21 1562 358 1744 479 1214 1667 1672 1671 1670 1668 2102 2039 441 444 1001 3 1113 1137 -1
212: 793 1005 441 3 2013 -1
213: 1197 521 3 -1
214: -1
215: -1
216: 215 -1
217: 1401 1684 -1
218: 33 1699 1672 1670 1005 1701 -1
219: 1005 646 -1
220: 21 -1
221: 4 -1
222: 2002 1005 6 2039 2046 2038 2013 85 1689 806 160 5 435 646 1685 1675 1728 506 264 872 1672 1562 467 1496 989 18 2020 2034 2043 967 966 1537 521 2047 934 1723 1559 1538 793 2072 441 1774 2054 1684 488 1702 819 2089 509 394 2104 1942 2092 1394 4 829 2086 23 1140 1539 997 2073 2061 215 1990 451 75 2000 775 2080 2051 8 2049 65 102 1535 1252 19 40 12 57 1546 63 2102 802 10 16 271 842 2078 1108 21 1001 964 28 2075 38 2097 1389 1999 2071 1003 137 1931 13 885 20 2064 2090 429 2118 1995 1012 2044 505 2083 593 537 98 1004 1006 159 120 29 54 2037 1776 2085 1930 1560 2040 850 2033 1514 1009 31 358 1095 2016 1204 2065 1383 280 1699 214 347 138 1113 1137 1769 33 115 444 1363 9 14 2042 -1
223: 2045 1005 -1
224: 4 -1
225: 435 999 1113 1133 1774 1137 998 1183 441 1135 69 1525 1475 1005 793 970 1670 -1
226: 441 444 1204 -1
227: 4 1137 1774 1133 1135 24 -1
228: 4 77 -1
229: 109 1005 9 -1
230: 793 1004 1781 1562 1519 430 2054 1033 38 9 6 537 927 77 20 1522 1018 238 1998 1029 -1
231: 33 1559 4 -1
232: 20 10 1744 265 1684 159 1514 806 793 1702 1672 8 6 21 1003 1995 505 1685 1005 766 9 5 1001 441 444 1562 1689 -1
233: 1003 1777 441 -1
234: 1001 63 18 593 24 4 1776 1204 1675 -1
235: 33 1559 1538 4 1980 -1
236: 441 -1
237: 441 1197 -1
238: 21 793 5 1003 6 2075 441 444 1094 -1
239: 5 -1
240: 69 1001 1005 793 5 -1
241: 1002 5 1005 -1
242: 1401 1684 -1
243: 5 444 24 1777 1005 9 1995 -1
244: 1519 1005 5 -1
245: 971 5 1005 1562 -1
246: 432 20 1686 430 1113 1675 793 6 1003 1995 1005 876 5 1001 441 1776 1777 444 1671 1669 1685 -1
247: 441 1005 793 1001 5 -1
248: 5 -1
249: 5 -1
250: 1137 1714 1135 1012 1007 109 260 1001 444 5 1383 6 1562 997 77 1685 1197 -1
251: 5 13 21 29 -1
252: 5 -1
253: 5 793 999 1496 8 6 441 1004 1559 1005 29 1744 77 989 1519 1562 9 1685 1672 1671 1702 1675 33 1003 1006 1009 1669 1699 1667 -1
254: 444 1005 21 5 1291 -1
255: 1401 1684 -1
256: 441 5 593 1001 11 10 20 -1
257: 5 444 24 1777 1005 9 1995 -1
258: 5 -1
259: 5 10 -1
260: -1
261: 5 -1
262: 1113 441 793 1001 5 1135 1005 444 -1
263: 441 5 1614 1005 -1
264: 1001 441 444 5 63 -1
265: 61 -1
266: 5 1001 441 885 69 1777 444 29 1004 1005 -1
267: 1528 1137 1113 1714 5 2125 793 2 21 807 441 1005 1006 -1
268: 850 5 1686 1137 1005 793 1675 6 441 1001 444 77 1000 -1
269: 2040 5 10 1181 -1
270: 1001 1522 441 24 1005 5 793 6 1127 -1
271: -1
272: 77 1744 -1
273: 2000 1005 6 1009 1562 -1
274: 6 1003 -1
275: 1005 6 -1
276: 2051 2039 6 -1
277: 1521 1012 -1
278: 6 1003 793 -1
279: 215 2069 207 1005 6 1012 2033 2040 -1
280: 1095 536 -1
281: 1003 6 -1
282: 6 -1
283: 1672 1671 1113 793 1702 1137 14 6 1667 1701 1003 1668 1006 1005 2069 1669 646 1670 -1
284: 6 -1
285: 1005 793 6 1016 77 1744 -1
286: 6 1004 -1
287: 6 -1
288: 160 793 215 1537 6 163 2069 2042 -1
289: 2061 -1
290: 775 -1
291: 1670 1671 1009 1005 271 6 1702 -1
292: 6 -1
293: 2054 1514 2013 1005 806 215 6 1689 14 1562 -1
294: 6 -1
295: 1005 441 444 6 -1
296: 1005 6 998 842 -1
297: 1029 2013 137 120 138 1942 6 1018 1005 775 -1
298: 1005 793 6 1702 1669 1672 -1
299: 6 1457 -1
300: 2083 2086 1774 2013 2033 2046 -1
301: 6 1005 -1
302: 1675 1137 6 2078 1006 1672 1669 1670 -1
303: 6 -1
304: 6 16 9 33 -1
305: 6 -1
306: -1
307: -1
308: -1
309: -1
310: -1
311: 9 21 246 10 3 1319 -1
312: -1
313: -1
314: -1
315: 21 110 2080 -1
316: -1
317: 1562 1699 7 470 -1
318: 1980 -1
319: 2073 6 21 1582 1003 1931 1562 537 9 154 360 209 -1
320: 1980 -1
321: 1005 8 6 1018 793 77 80 1562 14 38 21 20 1665 1671 1667 1672 1701 2112 1670 2000 806 1009 1699 -1
322: 1729 1672 2065 1113 2073 8 793 9 1685 1009 1753 1702 88 -1
323: 6 -1
324: 1538 1672 8 6 2078 38 1995 1559 989 9 1689 77 2080 1564 1699 1311 1685 76 1684 1942 775 1932 215 1095 -1
325: 8 1005 1562 9 -1
326: 1672 8 -1
327: 8 1005 -1
328: 8 1702 -1
329: 1005 1702 1699 1685 1006 6 1672 8 -1
330: 8 2040 -1
331: 1538 70 1113 1675 2073 8 16 89 1513 1699 2126 1942 1744 1167 1004 793 77 1383 -1
332: 1774 1684 8 1005 -1
333: 6 8 1005 1539 2073 9 793 1702 1004 1006 537 -1
334: 8 -1
335: 1562 1005 1004 479 8 1383 1181 1134 1012 971 1095 -1
336: 8 -1
337: 1401 1684 -1
338: 8 1699 1005 -1
339: 8 -1
340: 441 8 -1
341: 1005 8 -1
342: 8 1005 21 1009 -1
343: 1466 -1
344: 54 1689 2073 -1
345: 1675 1699 -1
346: 1702 1006 1672 8 2065 2102 9 2061 -1
347: 793 8 6 1005 1018 -1
348: 116 1672 -1
349: 8 80 -1
350: 8 1005 1113 1744 1562 -1
351: 1457 77 1129 2102 1005 1685 1183 1312 21 28 1562 1009 2073 2080 1383 1539 1113 8 1942 160 646 -1
352: 6 793 8 1003 9 1004 1702 1128 1667 1671 1672 -1
353: 1005 793 2073 6 1675 1559 1538 1685 1670 1669 1009 8 2084 1003 1942 1699 -1
354: 1005 793 1562 6 8 77 1009 1685 1505 1667 1699 -1
355: 1685 1699 1675 6 8 1005 1006 -1
356: -1
357: 1942 1003 1005 6 2102 -1
358: 13 1528 1519 1744 1383 793 6 28 1003 9 -1
359: 9 -1
360: 68 793 2054 2073 1672 8 2049 16 6 2078 964 28 1003 1781 1995 775 505 1005 806 521 537 280 9 -1
361: 68 793 2054 2073 1672 8 2049 16 6 2078 964 28 1003 1781 775 1005 806 537 280 1995 505 521 9 1980 -1
362: -1
363: 10 1005 444 -1
364: 10 24 441 885 444 646 1394 -1
365: 10 2102 77 -1
366: 10 1134 -1
367: 24 441 10 442 20 1005 1133 -1
368: 10 2102 77 -1
369: 1135 1134 1137 10 1005 444 -1
370: 10 -1
371: 1394 10 2040 1197 1457 -1
372: 525 1394 394 1012 914 10 25 444 1774 1126 1457 -1
373: 10 1005 444 -1
374: 10 -1
375: 246 1135 793 -1
376: 10 2040 -1
377: 441 10 20 -1
378: 1774 10 -1
379: 1672 1701 1670 1539 1006 1702 1675 1669 2052 1496 10 1004 77 1133 1005 6 793 -1
380: 10 2102 77 -1
381: 440 13 10 -1
382: 441 1005 10 20 -1
383: 1115 246 1001 441 24 1005 1699 1508 -1
384: 1012 10 -1
385: 1401 1684 -1
386: 1685 999 829 793 2054 819 2073 1007 246 6 842 1003 1018 1005 54 766 1095 1562 1524 1689 77 537 2065 22 521 9 799 966 1774 1001 63 441 885 593 1776 1010 444 1204 -1
387: 10 -1
388: 623 246 1394 -1
389: 1401 1684 -1
390: 246 623 1005 -1
391: 806 2078 775 1005 1931 10 1511 1541 1559 989 1672 -1
392: 1394 1395 1396 1397 1439 1400 1401 1403 1412 1413 1414 1415 1416 1417 1418 1398 1419 1420 1421 1422 1423 1424 1425 1426 1427 1428 1429 1430 1431 1432 1433 1434 1435 1436 1437 1438 1440 1441 1442 1443 1444 1445 1446 1447 1448 1449 1450 1451 1452 1453 -1
393: 1394 -1
394: -1
395: 11 -1
396: 11 -1
397: 525 1193 853 1686 866 1114 -1
398: 11 -1
399: 11 -1
400: 11 -1
401: 11 25 -1
402: 1684 11 -1
403: 11 -1
404: 444 441 1774 1137 1005 11 -1
405: 25 1686 21 11 441 24 54 159 444 -1
406: 11 -1
407: 11 -1
408: 11 -1
409: 11 -1
410: 11 -1
411: 11 -1
412: 11 260 -1
413: 11 -1
414: 77 1005 444 1776 1001 -1
415: 11 -1
416: 1774 444 441 1005 394 11 -1
417: 77 1005 441 444 1776 1001 -1
418: 11 -1
419: 1774 11 -1
420: 11 -1
421: 11 -1
422: 442 885 11 1135 1138 -1
423: -1
424: -1
425: 85 1689 806 160 5 435 646 1685 1675 1728 506 264 872 1672 1562 467 1496 989 2002 18 2020 2034 2043 967 966 1537 521 2047 934 1723 1559 1538 793 2072 441 1774 2054 1684 488 1702 819 2089 509 394 2104 1942 2092 1394 2013 4 829 2086 23 1140 1539 997 2073 2061 215 1990 451 75 2000 775 2080 2051 8 2049 65 102 1535 1252 19 40 12 57 1546 63 2102 802 10 16 271 6 842 2078 1108 21 1001 964 28 2075 38 2097 1389 1999 2071 1003 137 1931 13 885 20 2038 2064 2090 429 2118 1995 1012 2044 505 2083 593 537 98 1004 1005 1006 159 120 29 2046 54 2037 1776 2085 1930 1560 2040 850 2033 1514 1009 31 358 1095 2016 1204 2065 1383 280 1699 214 347 138 1113 1137 1769 33 115 444 1363 9 14 2039 2042 -1
426: 222 2002 1003 1005 6 2039 85 1689 806 160 1685 1675 1728 264 872 18 2043 967 966 1537 2047 1723 1538 1559 33 793 2072 441 1774 2054 1684 819 2089 394 1942 2092 1394 2013 646 829 2086 1539 997 2073 2061 1990 451 215 1672 2051 8 2049 65 1931 1535 1252 40 4 12 13 1546 63 10 16 271 842 2078 1108 21 1001 2102 964 2075 2097 1389 2071 137 885 20 2038 2064 2090 429 1995 1012 505 2104 2083 98 1004 1006 159 120 29 2046 54 2037 1776 2085 1930 1560 2040 850 2033 1009 31 358 1095 2016 1383 1699 989 1113 1137 1769 521 115 775 444 9 2042 -1
427: -1
428: -1
429: -1
430: -1
431: -1
432: -1
433: 1005 6 -1
434: -1
435: -1
436: -1
437: 1538 -1
438: 1538 -1
439: -1
440: -1
441: -1
442: -1
443: -1
444: -1
445: -1
446: 1702 1562 1685 1009 1006 13 998 6 77 1005 1511 1003 441 444 467 21 1942 1127 2040 1193 885 1113 2013 38 1547 -1
447: 13 -1
448: 13 1685 1005 -1
449: 432 850 1197 67 13 1383 1675 1668 1669 1672 1699 1670 1562 1007 997 1009 1685 6 1928 -1
450: 1113 13 -1
451: -1
452: 1401 1684 -1
453: 1005 13 -1
454: 1394 1395 1396 1397 1439 1400 1401 1403 1404 1412 1413 1414 1415 1416 1417 1418 1398 1419 1420 1421 1422 1423 1424 1425 1426 1427 1428 1429 1430 1431 1432 1433 1434 1435 1436 1437 1438 1440 1441 1442 1443 1444 1445 1446 1447 1448 1449 1450 1451 1452 1453 -1
455: 1519 1005 793 1672 1669 1671 1670 997 13 1009 1008 -1
456: 1990 13 38 6 16 137 2083 2033 1514 2084 2065 2071 2039 -1
457: 13 -1
458: 432 1194 1192 13 1669 1670 646 -1
459: 1699 1685 1672 1539 94 1009 1547 13 394 1003 1383 1928 -1
460: 1043 1675 2040 1744 94 1005 1133 793 13 6 1127 -1
461: 13 -1
462: 2013 997 6 13 -1
463: 1183 13 -1
464: 13 -1
465: 13 1511 999 1133 1135 997 1521 98 1514 1513 -1
466: 1005 793 13 1003 -1
467: 13 990 1140 999 989 1005 9 -1
468: 82 13 77 999 842 1005 444 885 1774 6 2102 -1
469: 1140 1126 1929 1197 13 432 1928 1457 971 -1
470: -1
471: 537 536 -1
472: 13 -1
473: 1685 1005 793 1009 13 1672 1699 -1
474: 1005 13 1685 1672 1198 -1
475: 1140 1126 1929 1197 13 432 1928 1457 971 -1
476: 13 -1
477: 646 -1
478: -1
479: -1
480: -1
481: 14 -1
482: 14 -1
483: 506 521 2013 6 14 -1
484: 14 -1
485: 14 -1
486: 1692 14 -1
487: 1005 14 -1
488: 2039 2038 1990 2013 2021 14 -1
489: 2013 2021 2039 2032 2038 14 -1
490: 14 -1
491: 2054 1128 1018 537 1513 14 542 545 546 548 549 1699 1685 1671 1667 1669 1672 -1
492: 1689 77 1005 766 2073 14 806 54 997 2061 2038 2064 2034 2037 2039 2046 1990 2013 2033 1003 27 6 -1
493: 1159 54 14 6 793 2054 2073 28 1003 38 1004 1005 537 9 1018 -1
494: 14 -1
495: 14 -1
496: 1672 1670 1669 1668 1701 1005 1699 1685 14 -1
497: 1196 1457 -1
498: 2039 54 137 2073 14 1005 6 -1
499: 14 -1
500: 2088 14 -1
501: 14 -1
502: 1095 14 -1
503: 14 -1
504: 1990 38 14 1003 6 1699 1005 -1
505: 38 2054 77 14 -1
506: 1018 511 14 537 -1
507: 120 2013 2039 2032 1194 138 14 -1
508: 2036 2086 1564 14 1003 -1
509: 14 -1
510: 1672 1670 1669 1668 1701 1005 1699 1685 14 -1
511: 2002 14 271 1003 1005 793 9 1689 1995 16 1538 1672 8 2078 28 2118 505 1004 1559 989 2086 2080 21 22 38 1564 1744 480 1699 575 565 358 1311 1685 2059 562 1684 1942 2092 451 2044 115 2039 1001 441 885 444 29 66 1776 1777 -1
512: 6 1005 14 -1
513: 2064 2084 14 -1
514: 1005 -1
515: 21 14 -1
516: 1005 1003 793 6 1383 14 -1
517: 15 1223 -1
518: 514 6 15 -1
519: 1384 69 25 1002 1678 15 1980 -1
520: 1384 69 1002 25 1678 15 1980 -1
521: 15 -1
522: 15 -1
523: 2103 526 527 528 529 530 2073 -1
524: 531 532 533 534 535 2103 -1
525: -1
526: 550 523 -1
527: 523 521 -1
528: 523 569 -1
529: 523 -1
530: 542 523 -1
531: 524 579 -1
532: 1693 1095 524 537 -1
533: 524 537 523 -1
534: 524 -1
535: 524 16 521 569 579 -1
536: -1
537: -1
538: -1
539: 524 537 523 -1
540: 1513 1161 1519 1998 521 1521 790 21 108 999 1152 117 1005 54 6 1003 1094 537 1018 238 964 28 38 2102 465 441 619 444 -1
541: 1665 -1
542: 2103 549 545 546 548 -1
543: 542 -1
544: 1667 1672 1005 542 523 -1
545: 542 -1
546: 542 646 550 -1
547: 542 537 550 -1
548: 542 646 550 347 16 -1
549: 542 -1
550: 537 2103 523 528 542 545 546 548 549 -1
551: 550 -1
552: 550 1693 -1
553: 550 -1
554: 1005 550 1095 523 -1
555: 550 -1
556: 550 -1
557: 550 -1
558: 550 16 646 347 -1
559: 1005 1383 1003 9 793 6 16 2092 -1
560: 16 -1
561: 2013 2039 2046 2061 1005 793 120 1990 1365 6 1003 16 2038 2006 -1
562: 523 528 542 536 -1
563: 646 16 1537 1003 1942 775 215 2013 -1
564: 793 -1
565: 521 1751 16 6 79 511 1699 -1
566: 1005 1685 1539 6 1003 16 -1
567: 16 1003 2040 2058 -1
568: 646 215 16 1675 -1
569: 521 524 535 1018 537 2103 523 528 579 -1
570: 1018 6 1672 537 1990 2013 2046 1005 -1
571: 306 16 1003 2073 1005 6 215 1942 1720 441 -1
572: 521 347 -1
573: 1005 6 1685 1009 77 428 -1
574: 16 -1
575: 521 1751 16 6 79 511 -1
576: -1
577: 2078 16 6 1003 1689 -1
578: 1685 989 793 2073 6 16 479 1003 1005 1667 1689 9 1113 885 444 -1
579: 569 6 1005 1942 137 1018 537 2103 524 535 -1
580: 16 2073 -1
581: 2083 2039 2046 2013 1514 1530 394 120 -1
582: 2103 2106 528 -1
583: 16 -1
584: 16 -1
585: 1672 1675 1113 1702 1539 8 16 6 2078 1003 1559 1005 1006 -1
586: 1003 6 1695 793 2054 16 271 2118 -1
587: 993 1519 117 -1
588: 17 430 1559 160 -1
589: 17 -1
590: 17 -1
591: 215 17 -1
592: 17 -1
593: 1066 1089 -1
594: 1005 2049 6 806 2078 1003 9 1018 793 21 593 537 1006 775 24 18 1001 441 444 799 67 -1
595: 441 1001 444 24 63 1776 1113 67 29 1005 1006 -1
596: 1401 -1
597: 18 441 1001 444 885 6 793 2073 1003 1005 -1
598: 18 -1
599: 18 885 1777 -1
600: 613 1133 444 885 -1
601: 18 593 441 1001 885 -1
602: 18 -1
603: 18 442 1001 441 885 -1
604: 1776 1001 441 444 593 24 -1
605: 2032 394 2039 18 6 441 1003 819 1005 444 1562 21 20 2064 159 793 77 1128 2040 -1
606: 2040 18 441 -1
607: 18 1204 63 -1
608: 1133 444 18 593 -1
609: 521 488 646 2069 18 506 1675 28 2065 1782 1505 966 2112 1684 2040 215 1928 1457 1193 2013 1197 851 1339 -1
610: 18 -1
611: 18 -1
612: 1204 441 18 1001 -1
613: -1
614: 18 1001 1108 441 24 593 29 1777 444 -1
615: 441 1001 18 593 444 -1
616: 18 1113 1133 -1
617: 18 -1
618: 18 441 442 24 593 29 1113 1133 1774 1001 444 -1
619: -1
620: 18 -1
621: 18 -1
622: 18 -1
623: -1
624: 885 18 1001 441 52 4 -1
625: 1929 18 -1
626: 1777 593 18 1001 441 885 444 -1
627: -1
628: -1
629: -1
630: -1
631: -1
632: -1
633: -1
634: -1
635: -1
636: -1
637: -1
638: -1
639: -1
640: -1
641: -1
642: -1
643: -1
644: -1
645: 627 647 644 648 649 650 651 652 653 -1
646: 627 644 653 -1
647: -1
648: -1
649: -1
650: -1
651: -1
652: -1
653: -1
654: 627 647 644 648 649 650 651 652 653 -1
655: 627 647 644 648 649 650 651 652 653 -1
656: 627 647 644 648 649 650 651 652 653 -1
657: 627 647 644 648 649 650 651 652 653 -1
658: 627 647 644 648 649 650 651 652 653 -1
659: 627 647 644 648 649 650 651 652 653 -1
660: 627 647 644 648 649 650 651 652 653 -1
661: 627 647 644 648 649 650 651 652 653 -1
662: 627 647 644 648 649 650 651 652 653 -1
663: 627 647 644 648 649 650 651 652 653 -1
664: 627 647 644 648 649 650 651 652 653 -1
665: 627 647 644 648 649 650 651 652 653 -1
666: 627 647 644 648 649 650 651 652 653 -1
667: 627 647 644 648 649 650 651 652 653 -1
668: 627 647 644 648 649 650 651 652 653 -1
669: 627 647 644 648 649 650 651 652 653 -1
670: 627 647 644 648 649 650 651 652 653 -1
671: 627 647 644 648 649 650 651 652 653 -1
672: 627 647 644 648 649 650 651 652 653 -1
673: 627 647 644 648 649 650 651 652 653 -1
674: 627 647 644 648 649 650 651 652 653 -1
675: 627 647 644 648 649 650 651 652 653 -1
676: 627 647 644 648 649 650 651 652 653 -1
677: 627 647 644 648 649 650 651 652 653 -1
678: 627 647 644 648 649 650 651 652 653 -1
679: 627 647 644 648 649 650 651 652 653 -1
680: 627 647 644 648 649 650 651 652 653 -1
681: 627 647 644 648 649 650 651 652 653 -1
682: 627 647 644 648 649 650 651 652 653 -1
683: 627 647 644 648 649 650 651 652 653 -1
684: 627 647 644 648 649 650 651 652 653 -1
685: 627 647 644 648 649 650 651 652 653 -1
686: 627 647 644 648 649 650 651 652 653 -1
687: 627 647 644 648 649 650 651 652 653 -1
688: 627 647 644 648 649 650 651 652 653 -1
689: 627 647 644 648 649 650 651 652 653 -1
690: 627 647 644 648 649 650 651 652 653 -1
691: 627 1320 647 644 648 649 650 651 652 653 -1
692: 627 189 1320 647 644 648 649 650 651 652 653 -1
693: 627 189 1320 647 644 648 649 650 651 652 653 -1
694: 627 1320 647 644 648 649 650 651 652 653 -1
695: 627 1320 647 644 648 649 650 651 652 653 -1
696: 627 1320 647 644 648 649 650 651 652 653 -1
697: 627 1320 647 644 648 649 650 651 652 653 -1
698: 627 1320 647 644 648 649 650 651 652 653 -1
699: 627 1320 647 644 648 649 650 651 652 653 -1
700: 627 1320 647 644 648 649 650 651 652 653 -1
701: 627 1320 647 644 648 649 650 651 652 653 -1
702: 627 1320 647 644 648 649 650 651 652 653 -1
703: 627 1320 2038 647 644 648 649 650 651 652 653 -1
704: 627 1320 647 644 648 649 650 651 652 653 -1
705: 627 2040 1320 647 644 648 649 650 651 652 653 -1
706: 627 189 1320 647 644 648 649 650 651 652 653 -1
707: 627 1320 647 644 648 649 650 651 652 653 -1
708: 627 1320 647 644 648 649 650 651 652 653 -1
709: 627 1320 647 644 648 649 650 651 652 653 -1
710: 627 1320 647 644 648 649 650 651 652 653 -1
711: 627 2038 1320 647 644 648 649 650 651 652 653 -1
712: 627 1320 647 644 648 649 650 651 652 653 -1
713: 627 1320 647 644 648 649 650 651 652 653 -1
714: 627 1320 647 644 648 649 650 651 652 653 -1
715: 627 1320 647 644 648 649 650 651 652 653 -1
716: 627 1320 647 644 648 649 650 651 652 653 -1
717: 627 1320 647 644 648 649 650 651 652 653 -1
718: 627 1320 647 644 648 649 650 651 652 653 -1
719: 627 1320 647 644 648 649 650 651 652 653 -1
720: 627 1320 647 644 648 649 650 651 652 653 -1
721: 627 1320 647 644 648 649 650 651 652 653 -1
722: 627 1320 647 644 648 649 650 651 652 653 -1
723: 627 1320 647 644 648 649 650 651 652 653 -1
724: 627 1320 647 644 648 649 650 651 652 653 -1
725: 627 1320 647 644 648 649 650 651 652 653 -1
726: 627 1320 647 644 648 649 650 651 652 653 -1
727: 627 1320 647 644 648 649 650 651 652 653 -1
728: 627 1320 647 644 648 649 650 651 652 653 -1
729: 627 1320 647 644 648 649 650 651 652 653 -1
730: 627 1320 647 644 648 649 650 651 652 653 -1
731: 627 1320 647 644 648 649 650 651 652 653 -1
732: 627 1320 647 644 648 649 650 651 652 653 -1
733: 627 1320 647 644 648 649 650 651 652 653 -1
734: 627 1320 647 644 648 649 650 651 652 653 -1
735: 627 1320 647 644 648 649 650 651 652 653 -1
736: 627 1320 647 644 648 649 650 651 652 653 -1
737: 627 1320 647 644 648 649 650 651 652 653 -1
738: 627 1684 1320 647 644 648 649 650 651 652 653 -1
739: 627 1320 647 644 648 649 650 651 652 653 -1
740: 627 1320 647 644 648 649 650 651 652 653 -1
741: 627 1320 647 644 648 649 650 651 652 653 -1
742: 627 1320 647 644 648 649 650 651 652 653 -1
743: 627 1320 647 644 648 649 650 651 652 653 -1
744: 627 1320 647 644 648 649 650 651 652 653 -1
745: 627 1320 647 644 648 649 650 651 652 653 -1
746: 627 1320 647 644 648 649 650 651 652 653 -1
747: 627 1320 647 644 648 649 650 651 652 653 -1
748: 627 1320 647 644 648 649 650 651 652 653 -1
749: 627 1320 647 644 648 649 650 651 652 653 -1
750: 627 1320 647 644 648 649 650 651 652 653 -1
751: 627 1320 647 644 648 649 650 651 652 653 -1
752: 627 1320 647 644 648 649 650 651 652 653 -1
753: 627 1320 647 644 648 649 650 651 652 653 -1
754: 627 1320 647 644 648 649 650 651 652 653 -1
755: 627 1320 647 644 648 649 650 651 652 653 -1
756: 627 1320 647 644 648 649 650 651 652 653 -1
757: 627 1320 647 644 648 649 650 651 652 653 -1
758: 627 1320 647 644 648 649 650 651 652 653 -1
759: 627 1320 647 644 648 649 650 651 652 653 -1
760: 627 1320 647 644 648 649 650 651 652 653 -1
761: 627 1320 647 644 648 649 650 651 652 653 -1
762: 627 1320 647 644 648 649 650 651 652 653 -1
763: 627 1320 647 644 648 649 650 651 652 653 -1
764: 627 1320 647 644 648 649 650 651 652 653 -1
765: 654 646 2040 647 644 649 650 651 652 653 655 656 657 658 659 660 661 662 663 664 665 666 667 668 669 645 670 671 672 673 674 675 676 677 678 679 680 681 682 683 684 685 686 687 1321 1322 1323 1324 1325 19 1326 1327 1328 1329 1330 1331 688 689 -1
766: 2118 1720 77 1041 246 1995 20 2007 38 -1
767: 20 1776 998 488 -1
768: 2063 2086 -1
769: 77 793 2102 6 20 1005 997 441 66 -1
770: 1672 849 1005 6 1003 2102 1564 488 20 537 -1
771: 1394 1395 1396 1397 1439 1400 1401 1403 1404 1412 1413 1414 1415 1416 1417 1418 1398 1419 1420 1421 1422 1423 1424 1425 1426 1427 1428 1429 1430 1431 1432 1433 1434 1435 1436 1437 1438 1440 1441 1442 1443 1444 1445 1446 1447 1448 1449 1450 1451 1452 1453 -1
772: 593 77 537 444 430 1113 1524 21 793 -1
773: 1005 6 793 77 1562 20 38 21 159 1699 -1
774: 1513 20 1005 2046 6 793 -1
775: -1
776: 1685 2054 6 38 1003 20 1018 1781 1995 1005 2073 1744 1562 793 9 -1
777: 1136 1137 1113 1126 1193 1334 853 1135 2040 -1
778: 1675 1496 1538 1559 6 20 1684 9 1539 1005 1699 -1
779: 394 1769 2058 1888 2040 1140 1115 1126 1135 1127 1684 488 521 1930 20 646 2014 -1
780: 21 20 -1
781: 1672 537 646 20 14 1003 1995 8 54 766 2085 77 9 -1
782: 9 1006 537 1995 77 6 38 2102 20 999 1701 1003 521 1029 -1
783: 1538 6 1003 1559 1005 989 1496 20 9 1539 1009 1699 -1
784: 20 -1
785: 77 20 -1
786: 1995 14 799 21 20 10 77 1136 1685 1675 1035 806 358 2054 467 79 6 2078 70 1003 1018 505 1005 521 1009 161 479 793 537 1564 1033 983 829 115 2071 137 2034 1671 1036 -1
787: 1114 1195 1893 1881 20 1140 646 1204 1394 1334 1117 -1
788: 20 -1
789: 77 20 -1
790: 20 21 1136 -1
791: 1128 793 1005 2054 1562 20 -1
792: 1197 1133 1136 1137 1141 1135 1138 1134 1139 1774 160 2064 1126 1127 819 1943 215 1128 1140 537 1720 989 970 1496 1559 1538 2102 793 1001 6 441 1003 885 1005 21 20 479 77 1152 1685 1006 1699 394 163 2059 2013 2033 2039 -1
793: 20 1457 1672 536 1018 -1
794: 13 20 1181 1931 -1
795: 1929 9 1538 806 1005 1781 428 999 28 1496 2133 1519 21 44 1178 1177 1154 1152 2039 1675 1115 1774 77 2040 215 6 1514 394 1193 850 1012 1893 1197 1684 -1
796: 20 -1
797: 2013 1514 2064 160 1005 793 20 -1
798: 6 1005 793 1562 1003 1018 77 1122 14 20 2102 1513 1774 800 1009 -1
799: -1
800: -1
801: -1
802: -1
803: -1
804: -1
805: -1
806: 2040 775 1005 20 77 1006 1094 800 430 537 1781 2118 766 21 2054 -1
807: 1384 69 25 1002 1678 15 -1
808: 1777 -1
809: 21 -1
810: 509 -1
811: 2021 137 2034 2038 21 -1
812: 1005 1003 324 6 21 27 1689 806 -1
813: 441 21 -1
814: 21 1005 109 -1
815: 997 2080 21 38 1562 537 2065 -1
816: 117 -1
817: 21 839 1005 -1
818: 6 1005 21 793 1003 38 537 2021 2033 2034 2037 1990 394 -1
819: -1
820: 120 1005 21 -1
821: 1137 593 537 1006 1001 38 21 77 -1
822: 1942 819 521 137 215 921 1537 160 1675 775 6 793 9 2102 1003 1094 1362 38 537 576 21 2054 14 138 2064 2039 1514 120 2083 1990 2033 2013 2046 2044 646 797 2059 2086 1194 -1
823: 1686 21 -1
824: 1942 21 -1
825: 441 21 1675 1113 1005 -1
826: 537 775 1003 793 2054 1018 1995 21 38 77 2102 -1
827: 1005 21 1990 2061 2013 2040 2021 -1
828: 1684 441 29 21 793 885 -1
829: 521 1095 -1
830: 21 9 1496 1559 117 537 -1
831: 1113 1005 537 1995 793 1562 997 1018 1685 1675 1006 21 38 1720 1702 -1
832: 521 2013 54 6 1003 2054 2086 2038 2039 2046 1990 21 1699 -1
833: 21 1005 -1
834: 21 1699 -1
835: 21 -1
836: 997 2080 21 38 1562 537 2065 -1
837: 1018 -1
838: 9 1547 1699 22 -1
839: 1001 989 2075 98 1524 1559 1005 6 1003 33 22 28 358 778 -1
840: 28 21 1744 1005 6 -1
841: 1562 1152 1005 159 2078 22 2073 997 1007 6 1995 28 358 5 1004 1689 1177 -1
842: 1538 964 2054 1672 8 2078 28 1003 505 646 1559 537 989 9 1689 521 2086 2080 21 22 79 38 1564 1744 570 480 1675 1699 575 565 358 2048 1311 1029 1685 2059 2065 562 1684 1942 2092 451 347 2044 115 2039 -1
843: 1197 21 6 1005 1161 -1
844: 33 2089 2006 2061 1537 2088 506 2046 -1
845: 1005 38 6 22 -1
846: 997 2080 33 21 22 1524 38 428 1 1744 18 441 444 1675 806 1383 1539 2073 1672 8 6 2078 1003 1995 505 1312 1004 1005 2118 521 793 537 280 9 1009 31 1562 77 983 1394 1684 215 1564 2069 1012 576 137 2033 1136 2040 160 2059 2102 2013 1990 2071 2038 850 1514 2039 -1
847: 997 2080 33 22 38 428 1744 441 444 1675 806 1383 2073 1672 8 6 2078 1003 505 1004 1005 793 280 9 1009 77 1684 215 1564 2069 1012 137 2033 1136 2040 160 2059 2102 2013 1990 2071 2038 850 1514 2039 -1
848: 1457 22 1699 -1
849: 1942 22 793 1689 1128 6 1003 1005 8 38 1383 5 441 1244 1538 82 31 2102 1127 1137 1672 1687 1493 1095 -1
850: -1
851: -1
852: -1
853: -1
854: 160 441 1005 -1
855: 441 1005 -1
856: 593 537 441 1005 -1
857: 1005 -1
858: 1675 24 -1
859: 24 -1
860: 1394 1400 1417 1418 1398 1419 1420 1421 1422 1424 1426 1427 1428 1429 1430 1431 1432 1433 1435 1434 1436 1437 1438 1439 1440 1441 1442 1443 1444 1445 1446 1447 1448 1449 1450 1451 1452 1453 1412 1413 1414 1415 1416 -1
861: 24 -1
862: 24 -1
863: 1002 1001 441 444 24 -1
864: 24 -1
865: 1137 1135 1134 1133 442 24 -1
866: -1
867: 970 1139 1133 441 1001 444 1010 24 1005 -1
868: 24 1936 -1
869: 1113 966 441 1001 24 1671 1672 1667 -1
870: 441 -1
871: 1114 24 63 -1
872: 1929 2039 2046 -1
873: 24 -1
874: 852 24 -1
875: 955 -1
876: -1
877: 24 -1
878: 885 24 -1
879: 1394 1395 1396 1397 1439 1400 1401 108 1403 1404 1412 1413 1414 1415 1416 1417 1418 1398 1419 1420 1421 1422 1423 1424 1425 1426 1427 1428 1429 1430 1431 1432 1433 1434 1435 1436 1437 1438 1440 1441 1442 1443 1444 1445 1446 1447 1448 1449 1450 1451 1452 1453 -1
880: 1401 108 1684 -1
881: 24 1133 -1
882: 885 24 1114 -1
883: 441 442 1137 24 1135 444 -1
884: 885 24 -1
885: -1
886: 442 24 1135 1133 1777 -1
887: 885 -1
888: -1
889: -1
890: -1
891: 889 890 -1
892: 25 -1
893: 25 -1
894: 394 850 25 21 1194 -1
895: 25 441 54 45 -1
896: 25 444 441 1005 -1
897: 432 1457 25 394 -1
898: 1394 1395 1396 1397 1439 1400 1401 242 1403 1408 1412 1413 1414 1415 1416 1417 1418 1398 1419 1420 1421 1422 1423 1424 1425 1426 1427 1428 1429 1430 1431 1432 1433 1434 1435 1436 1437 1438 1440 1441 1442 1443 1444 1445 1446 1447 1448 1449 1450 1451 1452 1453 -1
899: 25 -1
900: 25 441 54 45 -1
901: 1401 -1
902: 25 -1
903: 25 -1
904: 25 1682 41 444 1001 29 441 1776 9 -1
905: 25 -1
906: 25 441 444 -1
907: 25 -1
908: 45 25 -1
909: 593 11 -1
910: -1
911: 441 2 1001 1005 -1
912: 914 -1
913: 914 -1
914: -1
915: 26 1980 -1
916: 26 1980 -1
917: 822 1564 797 775 1003 1942 1990 1537 215 27 2038 1514 2086 -1
918: 1929 27 -1
919: 6 8 2073 989 9 21 2102 40 27 16 964 38 1003 1931 1519 1995 1094 2044 1366 866 77 537 1178 -1
920: 1496 1252 46 989 1001 2092 998 441 444 1113 1137 1702 1675 1485 1729 806 2073 997 6 2078 1562 1003 27 1559 1005 54 793 1383 1943 77 1815 1669 1670 1671 1672 1667 1699 1183 13 1511 1744 -1
921: 215 1003 1942 1990 1537 27 2038 1514 1995 2086 646 -1
922: 27 -1
923: 1511 27 2038 646 1514 1012 -1
924: 27 -1
925: 1685 793 28 1559 1005 -1
926: 28 9 2054 -1
927: 28 1095 -1
928: 28 -1
929: 1001 28 -1
930: 1114 562 1735 1675 646 1547 1699 793 2073 21 1033 38 537 14 6 28 1003 1995 1005 9 2059 2033 521 33 -1
931: 1018 405 33 40 1001 6 2075 28 441 1003 1781 1744 358 1562 1699 9 1095 96 -1
932: 38 6 28 9 1675 -1
933: 28 -1
934: 1931 1559 1538 1003 28 1018 6 -1
935: 6 537 16 1018 38 28 2058 1776 593 1095 -1
936: 98 997 2073 1001 16 6 28 441 1003 1671 -1
937: 1539 8 6 28 1005 -1
938: 28 -1
939: 2102 6 964 28 1003 9 1689 -1
940: 28 1562 1699 -1
941: 28 -1
942: 1539 6 28 1005 -1
943: 29 -1
944: 1685 1562 793 6 1003 1005 1006 2073 18 442 1001 441 885 29 66 1113 1133 1774 1137 1128 1012 -1
945: 347 29 579 -1
946: 29 -1
947: 509 442 63 593 -1
948: 441 1001 885 1133 1135 1777 1113 444 29 66 -1
949: 52 1001 885 29 1777 444 308 -1
950: 593 1108 1137 1774 441 24 444 1776 29 -1
951: 442 63 885 29 2040 -1
952: 593 29 -1
953: 29 -1
954: 793 2054 997 849 6 16 2102 1003 1018 2118 2073 2040 1562 77 1689 2065 1942 20 120 9 1135 307 441 885 29 1204 -1
955: 442 1001 441 1776 444 29 793 2073 6 1562 1005 1006 1685 1675 1113 1133 1774 1137 1135 1128 1777 966 1002 -1
956: 29 1005 1774 -1
957: 25 1682 41 444 1001 29 441 1776 9 -1
958: -1
959: 31 10 441 -1
960: 5 441 1010 424 885 18 615 31 1001 444 -1
961: 885 -1
962: 32 -1
963: 32 -1
964: -1
965: -1
966: 1457 -1
967: -1
968: -1
969: -1
970: -1
971: -1
972: 33 -1
973: 160 2059 1990 2038 2036 2013 2033 850 1514 2039 998 2089 1942 2046 33 6 1003 137 2090 1005 2040 9 1137 -1
974: 33 6 -1
975: 806 33 441 1672 1671 1667 1669 -1
976: 33 1559 4 1980 -1
977: 1942 6 793 2090 33 2097 77 9 1753 1129 1744 1685 1702 2073 2069 1699 1667 2061 -1
978: 33 -1
979: 1005 6 793 1562 16 1003 8 9 358 38 33 28 1366 1152 2073 1744 998 2020 2102 14 54 -1
980: 33 -1
981: 160 2013 646 1990 2046 1930 2039 1334 2102 2068 1942 2073 2061 33 6 394 1003 137 2038 2090 1005 2040 2033 9 775 2042 1137 1012 -1
982: 33 2064 -1
983: 1720 1954 2118 793 1685 997 410 1003 1562 1009 2073 6 1005 358 33 1684 -1
984: 1197 432 1457 33 2037 -1
985: 33 -1
986: 1538 1559 4 33 1980 -1
987: 33 -1
988: 34 -1
989: -1
990: -1
991: 441 463 35 -1
992: 1774 1137 463 442 -1
993: 35 -1
994: 1126 77 1942 2082 35 463 2102 1720 1510 1531 1181 1165 86 1511 1529 1530 1005 479 1562 1689 1012 137 2069 160 1514 2013 394 1134 646 1109 478 1672 1699 1990 1684 -1
995: 463 -1
996: 1003 1177 1211 428 463 2054 1513 2073 13 1496 441 798 1995 1005 793 77 1383 50 1161 444 9 -1
997: -1
998: -1
999: -1
1000: -1
1001: -1
1002: -1
1003: 2039 1929 -1
1004: -1
1005: 54 -1
1006: -1
1007: -1
1008: -1
1009: -1
1010: -1
1011: -1
1012: -1
1013: 36 -1
1014: 36 -1
1015: 36 -1
1016: 37 1005 793 1699 1744 1197 -1
1017: 215 37 -1
1018: 2054 -1
1019: 38 -1
1020: 1005 1672 1669 1671 1667 6 793 2054 38 2073 1562 1003 1004 77 964 9 2038 1675 1006 1137 1113 -1
1021: 844 2075 2059 1564 921 -1
1022: 2054 38 1702 -1
1023: 2034 1564 -1
1024: 2075 1005 6 806 -1
1025: 1005 1701 646 -1
1026: 1505 1672 1685 1671 793 1675 509 6 38 1701 1003 1668 1559 1009 1669 1699 1667 1670 9 -1
1027: 806 521 2102 38 76 1672 1009 1029 -1
1028: 801 793 1018 2054 110 2073 6 38 1003 1005 1006 537 9 646 -1
1029: -1
1030: 38 -1
1031: 2006 -1
1032: 38 1995 6 79 2133 537 1003 1033 1963 521 -1
1033: 1003 1005 2075 2133 -1
1034: 806 335 842 1699 1005 2054 6 1003 9 793 1995 77 38 21 1562 1095 -1
1035: 38 -1
1036: 38 -1
1037: 2078 2049 793 6 1003 1005 77 1562 1004 1995 -1
1038: 39 441 444 1001 885 1394 1776 1005 997 271 793 38 1113 2102 1699 1562 -1
1039: 1005 441 38 -1
1040: 1929 1564 2075 2059 1942 -1
1041: 107 -1
1042: 2085 1564 2075 2059 921 2046 -1
1043: -1
1044: -1
1045: -1
1046: -1
1047: -1
1048: -1
1049: -1
1050: -1
1051: -1
1052: -1
1053: -1
1054: -1
1055: -1
1056: -1
1057: -1
1058: -1
1059: 1193 -1
1060: -1
1061: -1
1062: -1
1063: -1
1064: -1
1065: 1193 -1
1066: -1
1067: -1
1068: -1
1069: 1193 -1
1070: -1
1071: -1
1072: -1
1073: -1
1074: -1
1075: -1
1076: -1
1077: -1
1078: -1
1079: -1
1080: -1
1081: -1
1082: -1
1083: -1
1084: -1
1085: -1
1086: -1
1087: -1
1088: -1
1089: -1
1090: -1
1091: -1
1092: -1
1093: -1
1094: -1
1095: -1
1096: 430 1312 40 1519 1685 1003 -1
1097: 40 14 1694 -1
1098: 40 -1
1099: 40 -1
1100: 40 14 1694 -1
1101: 1005 40 -1
1102: 1105 -1
1103: 1105 -1
1104: 1105 -1
1105: -1
1106: 1105 -1
1107: 1105 -1
1108: 593 444 1001 29 441 1776 9 25 -1
1109: 42 -1
1110: 42 16 -1
1111: -1
1112: -1
1113: -1
1114: -1
1115: -1
1116: -1
1117: -1
1118: 1117 -1
1119: 1117 -1
1120: 1117 -1
1121: -1
1122: -1
1123: 1188 -1
1124: 1188 -1
1125: 1188 -1
1126: -1
1127: -1
1128: -1
1129: 1005 1009 1004 1113 94 1562 6 77 -1
1130: -1
1131: -1
1132: -1
1133: -1
1134: 1133 -1
1135: -1
1136: -1
1137: -1
1138: 1133 -1
1139: -1
1140: -1
1141: 14 2092 1181 -1
1142: 1197 1133 1136 1137 1141 1135 1138 1134 1139 1774 160 2064 1126 1127 819 1943 215 1128 1140 537 1720 989 970 1496 1559 1538 2102 793 1001 6 441 1003 885 1005 21 20 479 77 1152 1685 1006 1699 394 163 2059 2013 2033 2039 -1
1143: -1
1144: -1
1145: -1
1146: -1
1147: -1
1148: -1
1149: -1
1150: -1
1151: -1
1152: -1
1153: -1
1154: -1
1155: -1
1156: -1
1157: -1
1158: -1
1159: -1
1160: -1
1161: -1
1162: -1
1163: 429 -1
1164: 1162 -1
1165: -1
1166: -1
1167: 5 -1
1168: -1
1169: -1
1170: -1
1171: -1
1172: -1
1173: -1
1174: -1
1175: -1
1176: -1
1177: -1
1178: -1
1179: -1
1180: -1
1181: -1
1182: -1
1183: -1
1184: 1188 -1
1185: -1
1186: 1188 -1
1187: -1
1188: -1
1189: 1174 1152 1153 44 1161 1179 1160 1159 1165 1167 1163 1181 1522 1147 -1
1190: 1005 6 1003 793 44 1160 646 989 2073 997 2078 521 506 1366 1006 1720 1689 77 1685 2059 1672 1667 442 441 885 444 -1
1191: 793 44 -1
1192: -1
1193: 1192 1194 1195 1196 1197 1198 1199 -1
1194: 1197 -1
1195: -1
1196: -1
1197: -1
1198: 1197 -1
1199: -1
1200: 1194 -1
1201: 46 -1
1202: 1929 46 -1
1203: 1205 -1
1204: -1
1205: -1
1206: 2059 2039 6 14 49 215 -1
1207: 793 1004 1005 49 1733 1744 -1
1208: 1114 1675 2059 14 1942 49 215 -1
1209: 1114 1675 2059 14 1942 49 215 -1
1210: 1114 2059 1942 49 215 -1
1211: -1
1212: -1
1213: 215 646 1514 1562 1005 50 -1
1214: 215 646 1514 1562 1005 50 -1
1215: 50 77 1720 -1
1216: 1136 1137 1113 2091 1129 1685 1005 50 1133 1134 1139 1135 -1
1217: 1519 90 1562 50 793 1511 467 21 1001 246 8 6 38 1954 1931 20 1995 176 265 537 1720 434 14 1018 -1
1218: 77 50 1177 1521 9 1003 -1
1219: -1
1220: 1519 6 50 77 1005 793 -1
1221: 1457 50 1165 -1
1222: 1815 1562 50 441 1383 265 1005 16 -1
1223: -1
1224: -1
1225: -1
1226: -1
1227: -1
1228: -1
1229: -1
1230: -1
1231: -1
1232: -1
1233: -1
1234: -1
1235: -1
1236: -1
1237: -1
1238: -1
1239: -1
1240: -1
1241: -1
1242: -1
1243: -1
1244: -1
1245: -1
1246: 1223 1224 1232 1225 51 1226 1227 1233 1228 1229 1230 1231 1234 1235 1236 1237 1238 1239 1240 1241 1242 1243 1244 1245 -1
1247: 52 69 -1
1248: 52 -1
1249: 970 52 -1
1250: 52 990 989 1496 1980 -1
1251: 970 52 989 -1
1252: 52 -1
1253: 793 358 1672 537 1003 -1
1254: 1255 1291 -1
1255: 1291 1292 -1
1256: 1254 1291 -1
1257: 1255 1256 1291 -1
1258: 1255 1256 1287 1291 -1
1259: 1255 1256 1291 -1
1260: 1255 1256 1287 1291 -1
1261: 1255 1256 1287 1291 -1
1262: 1255 1256 1287 1291 -1
1263: 1255 1256 1287 1291 -1
1264: 1255 1256 1287 1291 -1
1265: 1255 1256 1287 1291 -1
1266: 1255 1256 1287 1291 -1
1267: 1255 1256 1287 1291 -1
1268: 1255 1256 1287 1291 -1
1269: 1255 1256 1287 1291 -1
1270: 1255 1256 1287 1291 -1
1271: 1255 1256 1287 593 1291 -1
1272: 1255 1256 1287 1291 -1
1273: 1255 1256 1287 1291 -1
1274: 1255 1256 1287 1291 -1
1275: 1255 1256 1287 1291 -1
1276: 1255 1256 1287 1291 -1
1277: 1255 1256 1287 1291 -1
1278: 1255 1256 1287 1291 -1
1279: 1255 1256 1287 1291 -1
1280: 1291 -1
1281: 1255 1256 1291 -1
1282: 1255 1256 1291 -1
1283: 1255 1256 1291 -1
1284: 1255 1256 441 793 1005 1777 1291 -1
1285: 1255 1256 1291 -1
1286: 1255 1256 1291 -1
1287: -1
1288: 1291 -1
1289: 1291 -1
1290: 1291 -1
1291: -1
1292: 1291 -1
1293: 1929 1769 888 1684 -1
1294: 54 1990 2013 -1
1295: 2013 1990 2021 2046 1193 1194 853 -1
1296: -1
1297: 1005 6 793 2054 1995 1689 2073 1006 1702 1685 1003 9 537 1559 989 -1
1298: 54 -1
1299: 160 2038 2039 120 2046 775 54 -1
1300: 54 -1
1301: 1005 54 1699 6 1990 -1
1302: 1137 215 -1
1303: 800 -1
1304: 1519 2002 -1
1305: 77 -1
1306: 54 -1
1307: 1219 -1
1308: 1005 6 2046 -1
1309: 806 1005 -1
1310: 54 1204 -1
1311: -1
1312: 54 6 -1
1313: 1005 -1
1314: 800 -1
1315: 1562 54 -1
1316: 1192 441 54 793 -1
1317: 54 441 1137 -1
1318: -1
1319: 1524 -1
1320: -1
1321: 627 644 647 648 649 650 651 652 653 -1
1322: 627 644 647 648 649 650 651 652 653 -1
1323: 627 644 647 648 649 650 651 652 653 -1
1324: 627 644 647 648 649 650 651 652 653 -1
1325: 627 644 647 648 649 650 651 652 653 -1
1326: 627 644 647 648 649 650 651 652 653 -1
1327: 627 644 647 648 649 650 651 652 653 -1
1328: 627 644 647 648 649 650 651 652 653 -1
1329: 627 644 647 648 649 650 651 652 653 -1
1330: 627 644 647 648 649 650 651 652 653 -1
1331: 627 644 647 648 649 650 651 652 653 -1
1332: 1005 55 6 1006 2078 806 1003 1692 -1
1333: 1699 1140 21 55 1005 6 1729 2049 1562 1383 479 2126 1669 1672 1670 1496 806 775 1469 1001 441 77 -1
1334: -1
1335: -1
1336: 1334 1338 1344 1343 1360 1361 1357 -1
1337: -1
1338: -1
1339: -1
1340: -1
1341: -1
1342: -1
1343: -1
1344: -1
1345: -1
1346: -1
1347: -1
1348: -1
1349: -1
1350: -1
1351: -1
1352: -1
1353: -1
1354: -1
1355: -1
1356: -1
1357: -1
1358: -1
1359: -1
1360: -1
1361: -1
1362: -1
1363: -1
1364: 68 793 1005 1003 6 57 1559 1685 479 1562 1009 77 1995 2118 1744 9 2034 2040 -1
1365: 2013 2046 1990 1514 1930 -1
1366: -1
1367: 58 -1
1368: -1
1369: -1
1370: -1
1371: 1376 -1
1372: 1376 -1
1373: 1376 -1
1374: 1376 -1
1375: 1376 -1
1376: 1369 1370 -1
1377: 1376 -1
1378: 1457 -1
1379: 1457 -1
1380: 1457 -1
1381: 1457 -1
1382: 1376 1378 1379 1380 1381 -1
1383: -1
1384: -1
1385: 29 1389 -1
1386: 29 1389 -1
1387: 29 1389 -1
1388: 29 1389 -1
1389: -1
1390: 1114 442 1774 1467 -1
1391: 63 -1
1392: 63 1204 -1
1393: 593 63 -1
1394: -1
1395: -1
1396: -1
1397: -1
1398: -1
1399: 1401 -1
1400: -1
1401: 1394 -1
1402: 1401 -1
1403: 1684 -1
1404: -1
1405: 1401 -1
1406: 1401 -1
1407: 1401 -1
1408: 1401 -1
1409: 1684 -1
1410: 1684 -1
1411: 1684 -1
1412: -1
1413: -1
1414: -1
1415: -1
1416: -1
1417: -1
1418: -1
1419: 2066 1684 -1
1420: -1
1421: -1
1422: 1684 -1
1423: -1
1424: -1
1425: -1
1426: -1
1427: -1
1428: -1
1429: -1
1430: -1
1431: -1
1432: 1684 -1
1433: -1
1434: -1
1435: -1
1436: -1
1437: -1
1438: 1684 -1
1439: -1
1440: -1
1441: -1
1442: -1
1443: 1782 -1
1444: -1
1445: -1
1446: -1
1447: -1
1448: -1
1449: 646 -1
1450: -1
1451: -1
1452: -1
1453: -1
1454: 347 646 1980 -1
1455: 347 646 -1
1456: 347 646 1980 -1
1457: -1
1458: 65 793 6 1003 1005 1562 989 1675 -1
1459: 65 -1
1460: 1018 989 1005 537 1003 65 4 -1
1461: 1699 65 -1
1462: 65 -1
1463: 6 1559 1005 989 1496 65 -1
1464: 66 -1
1465: 966 593 885 1001 441 66 2040 -1
1466: 66 -1
1467: 29 1389 -1
1468: 1669 66 1005 6 1006 1672 1562 1744 1685 1009 1113 -1
1469: -1
1470: 67 -1
1471: 1001 441 885 444 67 -1
1472: -1
1473: 68 646 -1
1474: 68 2034 1009 358 1815 115 1564 -1
1475: -1
1476: 444 1774 67 66 18 1113 1001 441 24 69 4 1128 442 885 -1
1477: 160 1990 2092 1513 6 1003 69 -1
1478: 4 593 69 -1
1479: 69 -1
1480: 1005 1001 444 69 77 441 6 9 -1
1481: 69 390 1005 -1
1482: 885 1001 69 52 970 -1
1483: 1538 2080 79 70 358 575 1753 -1
1484: 2040 1312 -1
1485: 1005 77 1562 54 6 793 1003 1511 441 444 1672 1671 1009 -1
1486: 521 488 1675 4 347 -1
1487: 70 -1
1488: 1942 1990 70 582 2087 2033 1009 358 806 -1
1489: 1137 1685 1671 1667 1668 1669 1672 1670 1701 1009 1699 6 1003 1005 1539 -1
1490: 1753 -1
1491: 1472 966 -1
1492: 1689 1513 1685 77 1675 70 1140 1138 -1
1493: 347 2080 575 70 -1
1494: 1401 -1
1495: 1005 70 1564 1547 358 1383 1672 -1
1496: 428 -1
1497: 1137 1685 1671 1667 1668 1669 1672 1670 1701 1009 1699 6 1003 1005 1539 -1
1498: 70 -1
1499: 70 1496 -1
1500: 1672 1701 1668 1670 358 70 1753 1671 1667 1669 1729 793 806 1539 2073 2065 1003 8 1004 1006 9 6 1005 1685 1675 1699 -1
1501: 1394 1395 1396 1397 1421 1400 1401 1403 1404 1412 1413 1414 1415 1416 1417 1418 1398 1419 1420 1422 1423 1424 1425 1426 1427 1428 1429 1430 1431 1432 1433 1434 1435 1436 1437 1438 1439 1440 1441 1442 1443 1444 1445 1446 1447 1448 1449 1450 1451 1452 1453 -1
1502: 1137 1685 1671 1667 1668 1669 1672 1670 1701 1009 1699 6 1003 1005 1539 -1
1503: 1675 1539 6 1559 1005 989 521 1702 1672 1538 70 -1
1504: 1995 14 799 21 20 10 77 1136 1685 1675 1035 806 358 2054 467 79 6 2078 70 1003 1018 505 1005 521 1009 161 479 793 537 1564 1033 983 829 115 2071 137 2034 1671 1036 -1
1505: -1
1506: 71 -1
1507: 1514 1394 -1
1508: 72 1699 1005 -1
1509: 72 1699 1005 -1
1510: -1
1511: -1
1512: -1
1513: 1774 1005 -1
1514: 2069 215 1721 -1
1515: -1
1516: -1
1517: -1
1518: -1
1519: -1
1520: -1
1521: -1
1522: -1
1523: -1
1524: -1
1525: -1
1526: -1
1527: -1
1528: -1
1529: -1
1530: -1
1531: -1
1532: 806 1689 1009 1562 1744 98 1685 109 73 2087 479 1383 6 -1
1533: 1197 1928 1457 428 521 73 1522 215 -1
1534: 1689 1009 1562 1744 98 1685 109 73 92 2087 479 1383 6 410 -1
1535: -1
1536: 74 -1
1537: 1514 2039 1394 215 -1
1538: -1
1539: -1
1540: 86 6 1212 2102 38 1003 1005 1562 793 42 9 -1
1541: -1
1542: 1005 1678 -1
1543: 793 1005 1675 2040 -1
1544: -1
1545: -1
1546: 8 271 358 1003 1689 21 77 -1
1547: 1018 -1
1548: 1744 6 793 -1
1549: 1980 -1
1550: 1001 441 1005 25 444 997 -1
1551: 1394 1395 1396 1397 1439 1400 1401 1403 1404 1412 1413 1414 1415 1416 1417 1418 1398 1419 1420 1421 1422 1423 1424 1425 1426 1427 1428 1429 1430 1431 1432 1433 1434 1435 1436 1437 1438 1440 1441 1442 1443 1444 1445 1446 1447 1448 1449 1450 1451 1452 1453 -1
1552: -1
1553: 1401 1684 -1
1554: -1
1555: -1
1556: 1009 -1
1557: -1
1558: 6 1564 1003 -1
1559: -1
1560: -1
1561: -1
1562: -1
1563: 1942 819 521 137 215 921 1537 160 1675 775 6 793 9 2102 1003 1094 1362 38 537 576 21 2054 14 138 2064 2039 1514 120 2083 1990 2033 2013 2046 2044 646 797 2059 2086 1194 -1
1564: -1
1565: 521 2046 2039 -1
1566: 1394 1109 -1
1567: 160 1394 -1
1568: 77 -1
1569: 1529 -1
1570: 646 2061 137 -1
1571: 1774 -1
1572: 1005 6 793 75 -1
1573: 2069 2039 215 1514 -1
1574: 506 1672 2065 1667 2102 2112 2073 6 1699 1685 2069 1005 1668 1669 1670 1671 1113 1137 79 76 2052 -1
1575: 76 1692 1699 575 565 1671 1669 1672 1667 1701 1668 1670 6 1005 562 -1
1576: 76 1699 -1
1577: 76 6 1130 -1
1578: -1
1579: 76 -1
1580: 1005 76 646 28 -1
1581: 1296 76 8 2054 21 38 1003 1931 2021 -1
1582: 1134 2102 76 428 1744 1005 54 1562 77 -1
1583: 76 -1
1584: 1005 1675 793 76 1559 1009 1699 1753 1671 1669 1672 1667 -1
1585: 1675 1029 -1
1586: 872 21 28 76 793 -1
1587: 1675 793 76 1559 1009 1699 1753 1005 1729 1671 1669 1672 -1
1588: 76 2069 486 1695 -1
1589: 1980 -1
1590: 1667 1669 1672 1671 76 -1
1591: 1113 800 76 1980 -1
1592: 1699 94 1672 1113 2020 2102 1671 1675 6 8 1701 1562 76 1004 1005 1668 793 1689 537 806 9 -1
1593: 1672 76 1667 -1
1594: 521 76 1782 646 1684 1675 1394 966 -1
1595: 1005 76 -1
1596: 76 -1
1597: 1980 -1
1598: 1029 521 1675 76 -1
1599: 1559 1005 2069 506 -1
1600: 1159 1165 1149 1160 1178 -1
1601: 1178 -1
1602: 77 2065 1942 -1
1603: 2039 137 1942 1990 160 215 2069 479 1564 77 478 1514 2083 646 2089 2071 -1
1604: 1936 -1
1605: 77 -1
1606: 1126 800 793 77 -1
1607: 1178 -1
1608: 849 -1
1609: 1005 77 1672 -1
1610: 9 -1
1611: 160 1003 77 1699 -1
1612: 1005 77 -1
1613: 2058 1197 2040 160 2013 1990 2039 1137 1140 2038 1127 77 -1
1614: -1
1615: 1126 77 -1
1616: 292 6 1003 1005 1672 793 77 160 479 215 -1
1617: 1671 1009 1669 1685 1539 1687 998 9 1005 2069 -1
1618: 232 792 -1
1619: 1942 137 2078 6 1003 1005 77 1562 1004 1006 1699 1685 536 -1
1620: 1457 1147 1180 -1
1621: 1135 1012 77 -1
1622: 77 -1
1623: 1005 1689 77 1134 -1
1624: 77 -1
1625: 1701 1670 1668 793 2073 2000 6 1009 1669 1672 77 1699 1667 -1
1626: 1929 521 966 1137 272 1113 78 1005 1135 1140 1134 -1
1627: 1684 444 1774 1134 1139 1133 1137 78 1140 442 1001 885 853 850 -1
1628: 79 1699 1695 -1
1629: 2065 1028 521 79 646 806 509 1699 2102 1744 6 1685 1539 1928 1675 562 1695 964 9 -1
1630: 1685 2102 79 1006 1980 -1
1631: 79 -1
1632: 1980 -1
1633: 1005 -1
1634: 1005 1671 79 1669 1672 1667 1670 -1
1635: 1675 1639 1539 1699 1701 -1
1636: 79 1699 536 1667 1815 1753 -1
1637: 1672 1701 1669 1670 1633 1671 1667 1685 806 1702 1539 1005 1006 989 1668 1675 79 -1
1638: 1672 1671 79 76 1675 1669 1667 116 -1
1639: 646 1685 1699 1113 79 1675 806 1740 1005 -1
1640: 1701 1670 76 1675 562 646 2020 79 1005 1562 793 -1
1641: 1980 -1
1642: 87 21 793 1003 79 1692 6 -1
1643: 1197 1751 -1
1644: 79 -1
1645: 1005 -1
1646: 1703 79 1699 1753 -1
1647: 1685 79 2102 1006 1980 -1
1648: 1667 -1
1649: 1685 2102 79 1006 -1
1650: 1138 1139 13 -1
1651: 1929 -1
1652: 215 6 -1
1653: 444 1001 441 1777 80 1005 1182 800 -1
1654: 793 21 6 9 1003 80 -1
1655: 1401 1684 -1
1656: 1005 1669 1667 1672 -1
1657: 793 2054 997 2073 6 1007 1005 537 2059 -1
1658: 9 2073 775 13 2054 810 468 21 1562 997 2080 837 1670 54 2102 77 1005 806 793 1781 1003 1672 1095 536 -1
1659: 1005 8 6 1675 793 998 1001 1003 885 80 1383 444 9 -1
1660: 8 80 -1
1661: 8 10 1003 80 86 -1
1662: 1990 646 2038 1942 2042 215 160 14 1018 1995 964 2054 80 21 16 1003 9 927 537 2118 806 38 1672 1684 2090 -1
1663: 80 -1
1664: 8 38 -1
1665: 1513 1161 1519 1998 521 1521 790 21 108 999 1152 117 1005 54 6 1003 1094 537 1018 238 964 28 38 2102 465 441 619 444 2103 -1
1666: 8 80 -1
1667: 1699 -1
1668: 1699 -1
1669: -1
1670: -1
1671: -1
1672: -1
1673: 1671 1669 1672 1667 -1
1674: -1
1675: -1
1676: -1
1677: -1
1678: -1
1679: -1
1680: 1113 1005 -1
1681: -1
1682: -1
1683: -1
1684: 1394 1395 1396 1397 1439 1400 1401 1403 1404 1412 1413 1414 1415 1416 1417 1418 1398 1419 1420 1421 1422 1423 1424 1425 1426 1427 1428 1429 1430 1431 1432 1433 1434 1435 1436 1437 1438 1440 1441 1442 1443 1444 1445 1446 1447 1448 1449 1450 1451 1452 1453 -1
1685: -1
1686: 1113 1774 -1
1687: 1394 1395 1396 1397 1439 1400 1401 1403 1404 1412 1413 1414 1415 1416 1417 1418 1398 1419 1420 1421 1422 1423 1424 1425 1426 1427 1428 1429 1430 1431 1432 1433 1434 1435 1436 1437 1438 1440 1441 1442 1443 1444 1445 1446 1447 1448 1449 1450 1451 1452 1453 -1
1688: 84 420 -1
1689: -1
1690: 1689 463 1510 1942 2013 1126 1990 1531 86 2102 1529 1012 1005 1672 478 2069 1514 1720 1530 77 394 1699 1134 1165 2082 137 1684 1109 479 35 1181 1562 -1
1691: -1
1692: -1
1693: -1
1694: -1
1695: -1
1696: 87 -1
1697: 1672 646 1685 87 347 1578 1009 1699 1695 806 1675 -1
1698: 87 1197 -1
1699: -1
1700: -1
1701: -1
1702: -1
1703: -1
1704: 88 -1
1705: 88 1005 1702 -1
1706: 88 -1
1707: 88 1980 -1
1708: 1672 806 8 2065 88 -1
1709: 88 -1
1710: 1005 1753 1702 88 1685 806 1562 646 1009 9 6 1672 1699 -1
1711: 646 8 521 806 1672 -1
1712: 1005 88 1699 1003 -1
1713: 1729 1672 2065 1113 2073 8 793 9 1685 1009 1753 1702 88 -1
1714: -1
1715: 1559 8 1699 1685 2126 1942 1004 1675 1744 793 89 885 -1
1716: 793 1004 1942 1744 89 1699 -1
1717: 1135 1133 1012 1126 1113 1141 1127 89 1005 -1
1718: 793 1004 1942 1744 89 1699 -1
1719: 89 441 444 -1
1720: 766 -1
1721: -1
1722: 1721 -1
1723: -1
1724: 91 1538 1559 -1
1725: 91 1538 1559 -1
1726: 1725 1538 1559 -1
1727: 91 1538 1559 -1
1728: -1
1729: 806 -1
1730: 441 -1
1731: -1
1732: 1731 -1
1733: 1735 1736 1737 1738 -1
1734: 1735 -1
1735: 1739 94 -1
1736: -1
1737: -1
1738: -1
1739: -1
1740: 1113 94 1699 1009 1005 806 -1
1741: 94 1699 1009 -1
1742: 94 1562 -1
1743: 971 1005 1547 94 1539 1699 1672 -1
1744: 1005 1009 1004 1113 94 1562 6 77 -1
1745: 16 -1
1746: 1744 1685 1538 94 1699 1005 1009 1669 1670 1004 1383 1562 -1
1747: 1562 1113 1883 1774 -1
1748: 2013 94 479 2064 1005 28 -1
1749: 94 -1
1750: 1672 1005 94 -1
1751: 94 1669 1161 1159 565 575 1699 2054 1733 1004 1003 1753 1562 1685 -1
1752: 1113 451 2102 347 1672 1671 1675 -1
1753: 1457 94 1009 -1
1754: 1007 1008 1744 94 -1
1755: 1005 6 989 1562 1003 793 358 77 1547 94 9 -1
1756: 280 1018 6 2054 989 1562 1003 793 1005 21 13 77 1547 94 537 9 -1
1757: 1115 1675 1547 1114 646 1699 6 1005 1009 -1
1758: 967 94 -1
1759: 1134 13 1137 -1
1760: 1671 1667 1669 1672 451 1668 1699 1009 1547 1005 94 1685 -1
1761: 6 793 1514 1127 215 -1
1762: 1017 94 -1
1763: 94 1004 1744 1009 -1
1764: 1738 1735 1736 1675 -1
1765: 1699 94 -1
1766: 2102 1685 1667 1670 1672 1669 1701 1668 1559 1539 6 1005 1137 1744 793 1562 1777 1699 94 1009 1508 842 781 1942 -1
1767: 2013 94 -1
1768: 1702 94 1004 1744 1009 -1
1769: -1
1770: 1140 1133 1134 -1
1771: 1774 -1
1772: 1133 -1
1773: 2040 -1
1774: -1
1775: -1
1776: -1
1777: -1
1778: 1929 -1
1779: 1753 -1
1780: 1671 9 96 -1
1781: -1
1782: -1
1783: 97 -1
1784: 97 1194 -1
1785: 97 -1
1786: 646 1394 966 1675 28 509 97 -1
1787: 506 646 97 -1
1788: 97 -1
1789: 646 97 -1
1790: 97 -1
1791: 97 -1
1792: 97 -1
1793: 97 -1
1794: 97 -1
1795: 97 -1
1796: 97 576 -1
1797: 506 97 -1
1798: 646 97 -1
1799: 97 -1
1800: 97 -1
1801: 97 -1
1802: 521 97 -1
1803: 97 -1
1804: 97 -1
1805: 97 -1
1806: 1980 -1
1807: 97 -1
1808: 97 -1
1809: 97 -1
1810: 506 97 -1
1811: 97 646 -1
1812: 97 -1
1813: 509 97 -1
1814: 1980 -1
1815: 98 1005 6 1003 793 -1
1816: 98 1005 -1
1817: 6 1005 1009 -1
1818: 6 1005 1009 -1
1819: 1882 1883 1884 1885 1886 1887 1889 1890 1891 1892 1893 1894 1895 1896 1897 1898 1899 1900 1906 1902 1903 1905 1907 1909 1911 1912 1913 1914 1915 1916 1917 1918 1919 1925 1920 1921 1922 1923 1924 1926 -1
1820: 1881 1883 1884 1891 1892 1893 1925 -1
1821: 1820 1922 1914 1882 1883 1884 1885 1886 1887 1889 1890 1891 1892 1893 1894 1895 1896 1897 1898 1899 1900 1906 1902 1903 1905 1907 1909 1911 1912 1913 1915 1916 1917 1918 1919 1925 1920 1921 1923 1924 1926 -1
1822: 1820 1922 1882 1883 1884 1885 1886 1887 1889 1890 1891 1892 1893 1894 1895 1896 1897 1898 1899 1900 1906 1902 1903 1905 1907 1909 1911 1912 1913 1914 1915 1916 1917 1918 1919 1925 1920 1921 1923 1924 1926 -1
1823: 1820 1922 1882 1883 1884 1885 1886 1887 1889 1890 1891 1892 1893 1894 1895 1896 1897 1898 1899 1900 1906 1902 1903 1905 1907 1909 1911 1912 1913 1914 1915 1916 1917 1918 1919 1925 1920 1921 1923 1924 1926 -1
1824: 1820 1922 1882 1883 1884 1885 1886 1887 1889 1890 1891 1892 1893 1894 1895 1896 1897 1898 1899 1900 1906 1902 1903 1905 1907 1909 1911 1912 1913 1914 1915 1916 1917 1918 1919 1925 1920 1921 1923 1924 1926 -1
1825: 1820 1922 1882 1883 1884 1885 1886 1887 1889 1890 1891 1892 1893 1894 1895 1896 1897 1898 1899 1900 1906 1902 1903 1905 1907 1909 1911 1912 1913 1914 1915 1916 1917 1918 1919 1925 1920 1921 1923 1924 1926 -1
1826: 1922 1926 -1
1827: 1820 1882 1883 1884 1885 1886 1887 1889 1890 1891 1892 1893 1894 1895 1896 1897 1898 1899 1900 1906 1902 1903 1905 1907 1909 1911 1912 1913 1914 1915 1916 1917 1918 1919 1925 1920 1921 1922 1923 1924 1926 -1
1828: 1820 1926 1882 1883 1884 1885 1886 1887 1889 1890 1891 1892 1893 1894 1895 1896 1897 1898 1899 1900 1906 1902 1903 1905 1907 1909 1911 1912 1913 1914 1915 1916 1917 1918 1919 1925 1920 1921 1922 1923 1924 -1
1829: 1820 1838 1834 1841 1843 1867 1882 1883 1884 1885 1886 1887 1888 1889 1890 1891 1892 1893 1894 1895 1896 1897 1898 1899 1900 1901 1902 1903 1904 1905 1906 1907 1908 1909 1910 1911 1912 1913 1914 1915 1916 1917 1918 1919 1920 1921 1922 1923 1924 1925 1926 -1
1830: 1820 1882 1883 1884 1885 1886 1887 1888 1889 1890 1891 1892 1893 1894 1895 1896 1897 1898 1899 1900 1901 1902 1903 1904 1905 1906 1907 1908 1909 1910 1911 1912 1913 1914 1915 1916 1917 1918 1919 1920 1921 1922 1923 1924 1925 1926 -1
1831: 1820 1834 1838 1856 1882 1883 1884 1885 1886 1887 1888 1889 1890 1891 1892 1893 1894 1895 1896 1897 1898 1899 1900 1901 1902 1903 1904 1905 1906 1907 1908 1909 1910 1911 1912 1913 1914 1915 1916 1917 1918 1919 1920 1921 1922 1923 1924 1925 1926 -1
1832: 1820 1882 1883 1884 1885 1886 1887 1888 1889 1890 1891 1892 1893 1894 1895 1896 1897 1898 1899 1900 1901 1902 1903 1904 1905 1906 1907 1908 1909 1910 1911 1912 1913 1914 1915 1916 1917 1918 1919 1920 1921 1922 1923 1924 1925 1926 -1
1833: 1820 1834 1873 1863 1876 1838 1856 1845 1867 1865 1860 1880 1854 1882 1883 1884 1885 1886 1887 1888 1889 1890 1891 1892 1893 1894 1895 1896 1897 1898 1899 1900 1901 1902 1903 1904 1905 1906 1907 1908 1909 1910 1911 1912 1913 1914 1915 1916 1917 1918 1919 1920 1921 1922 1923 1924 1925 1926 -1
1834: 1883 1884 1892 1893 1881 1925 -1
1835: 1820 1834 1838 1841 1867 1843 1845 1860 1854 1856 1858 1863 1865 1873 1876 1880 1882 1883 1884 1885 1886 1887 1888 1889 1890 1891 1892 1893 1894 1895 1896 1897 1898 1899 1900 1901 1902 1903 1904 1905 1906 1907 1908 1909 1910 1911 1912 1913 1914 1915 1916 1917 1918 1919 1920 1921 1922 1923 1924 1925 1926 -1
1836: 1820 1834 1838 1845 1867 1865 1860 1880 1882 1883 1884 1885 1886 1887 1888 1889 1890 1891 1892 1893 1894 1895 1896 1897 1898 1899 1900 1901 1902 1903 1904 1905 1906 1907 1908 1909 1910 1911 1912 1913 1914 1915 1916 1917 1918 1919 1920 1921 1922 1923 1924 1925 1926 -1
1837: 1820 1838 1834 1841 1843 1867 1882 1883 1884 1885 1886 1887 1888 1889 1890 1891 1892 1893 1894 1895 1896 1897 1898 1899 1900 1901 1902 1903 1904 1905 1906 1907 1908 1909 1910 1911 1912 1913 1914 1915 1916 1917 1918 1919 1920 1921 1922 1923 1924 1925 1926 -1
1838: 1883 1884 1892 1893 1881 1925 -1
1839: 1820 1834 1841 1867 1843 1882 1883 1884 1885 1886 1887 1888 1889 1890 1891 1892 1893 1894 1895 1896 1897 1898 1899 1900 1901 1902 1903 1904 1905 1906 1907 1908 1909 1910 1911 1912 1913 1914 1915 1916 1917 1918 1919 1920 1921 1922 1923 1924 1925 1926 -1
1840: 1820 1841 1834 1838 1867 1882 1883 1884 1885 1886 1887 1888 1889 1890 1891 1892 1893 1894 1895 1896 1897 1898 1899 1900 1901 1902 1903 1904 1905 1906 1907 1908 1909 1910 1911 1912 1913 1914 1915 1916 1917 1918 1919 1920 1921 1922 1923 1924 1925 1926 -1
1841: 1883 1884 1892 1893 1881 1925 -1
1842: 1820 1843 1867 1882 1883 1884 1885 1886 1887 1888 1889 1890 1891 1892 1893 1894 1895 1896 1897 1898 1899 1900 1901 1902 1903 1904 1905 1906 1907 1908 1909 1910 1911 1912 1913 1914 1915 1916 1917 1918 1919 1920 1921 1922 1923 1924 1925 1926 -1
1843: 1883 1884 1892 1893 1881 1925 -1
1844: 1820 1845 1834 1838 1860 1854 1856 1858 1863 1865 1867 1882 1883 1884 1885 1886 1887 1888 1889 1890 1891 1892 1893 1894 1895 1896 1897 1898 1899 1900 1901 1902 1903 1904 1905 1906 1907 1908 1909 1910 1911 1912 1913 1914 1915 1916 1917 1918 1919 1920 1921 1922 1923 1924 1925 1926 -1
1845: 1883 1884 1892 1893 1881 1925 -1
1846: 1820 1834 1882 1883 1884 1885 1886 1887 1888 1889 1890 1891 1892 1893 1894 1895 1896 1897 1898 1899 1900 1901 1902 1903 1904 1905 1906 1907 1908 1909 1910 1911 1912 1913 1914 1915 1916 1917 1918 1919 1920 1921 1922 1923 1924 1925 1926 -1
1847: 1820 1845 1882 1883 1884 1885 1886 1887 1888 1889 1890 1891 1892 1893 1894 1895 1896 1897 1898 1899 1900 1901 1902 1903 1904 1905 1906 1907 1908 1909 1910 1911 1912 1913 1914 1915 1916 1917 1918 1919 1920 1921 1922 1923 1924 1925 1926 -1
1848: 1820 1838 1845 1834 1860 1882 1883 1884 1885 1886 1887 1888 1889 1890 1891 1892 1893 1894 1895 1896 1897 1898 1899 1900 1901 1902 1903 1904 1905 1906 1907 1908 1909 1910 1911 1912 1913 1914 1915 1916 1917 1918 1919 1920 1921 1922 1923 1924 1925 1926 -1
1849: 1820 1845 1838 1834 1860 1882 1883 1884 1885 1886 1887 1888 1889 1890 1891 1892 1893 1894 1895 1896 1897 1898 1899 1900 1901 1902 1903 1904 1905 1906 1907 1908 1909 1910 1911 1912 1913 1914 1915 1916 1917 1918 1919 1920 1921 1922 1923 1924 1925 1926 -1
1850: 1820 1834 1882 1883 1884 1885 1886 1887 1888 1889 1890 1891 1892 1893 1894 1895 1896 1897 1898 1899 1900 1901 1902 1903 1904 1905 1906 1907 1908 1909 1910 1911 1912 1913 1914 1915 1916 1917 1918 1919 1920 1921 1922 1923 1924 1925 1926 -1
1851: 1820 1845 1834 1854 1882 1883 1884 1885 1886 1887 1888 1889 1890 1891 1892 1893 1894 1895 1896 1897 1898 1899 1900 1901 1902 1903 1904 1905 1906 1907 1908 1909 1910 1911 1912 1913 1914 1915 1916 1917 1918 1919 1920 1921 1922 1923 1924 1925 1926 -1
1852: 1820 1834 1882 1883 1884 1885 1886 1887 1888 1889 1890 1891 1892 1893 1894 1895 1896 1897 1898 1899 1900 1901 1902 1903 1904 1905 1906 1907 1908 1909 1910 1911 1912 1913 1914 1915 1916 1917 1918 1919 1920 1921 1922 1923 1924 1925 1926 -1
1853: 1820 1854 1882 1883 1884 1885 1886 1887 1888 1889 1890 1891 1892 1893 1894 1895 1896 1897 1898 1899 1900 1901 1902 1903 1904 1905 1906 1907 1908 1909 1910 1911 1912 1913 1914 1915 1916 1917 1918 1919 1920 1921 1922 1923 1924 1925 1926 -1
1854: 1883 1884 1892 1893 1881 1925 -1
1855: 1820 1856 1858 1860 1882 1883 1884 1885 1886 1887 1888 1889 1890 1891 1892 1893 1894 1895 1896 1897 1898 1899 1900 1901 1902 1903 1904 1905 1906 1907 1908 1909 1910 1911 1912 1913 1914 1915 1916 1917 1918 1919 1920 1921 1922 1923 1924 1925 1926 -1
1856: 1883 1884 1892 1893 1881 1925 -1
1857: 1820 1858 1882 1883 1884 1885 1886 1887 1888 1889 1890 1891 1892 1893 1894 1895 1896 1897 1898 1899 1900 1901 1902 1903 1904 1905 1906 1907 1908 1909 1910 1911 1912 1913 1914 1915 1916 1917 1918 1919 1920 1921 1922 1923 1924 1925 1926 -1
1858: 1883 1884 1892 1893 1881 1925 -1
1859: 1820 1860 1882 1883 1884 1885 1886 1887 1888 1889 1890 1891 1892 1893 1894 1895 1896 1897 1898 1899 1900 1901 1902 1903 1904 1905 1906 1907 1908 1909 1910 1911 1912 1913 1914 1915 1916 1917 1918 1919 1920 1921 1922 1923 1924 1925 1926 -1
1860: 1883 1884 1892 1893 1881 1925 -1
1861: 1820 1845 1863 1865 1882 1883 1884 1885 1886 1887 1888 1889 1890 1891 1892 1893 1894 1895 1896 1897 1898 1899 1900 1901 1902 1903 1904 1905 1906 1907 1908 1909 1910 1911 1912 1913 1914 1915 1916 1917 1918 1919 1920 1921 1922 1923 1924 1925 1926 -1
1862: 1820 1863 1882 1883 1884 1885 1886 1887 1888 1889 1890 1891 1892 1893 1894 1895 1896 1897 1898 1899 1900 1901 1902 1903 1904 1905 1906 1907 1908 1909 1910 1911 1912 1913 1914 1915 1916 1917 1918 1919 1920 1921 1922 1923 1924 1925 1926 -1
1863: 1883 1884 1892 1893 1881 1925 -1
1864: 1820 1865 1882 1883 1884 1885 1886 1887 1888 1889 1890 1891 1892 1893 1894 1895 1896 1897 1898 1899 1900 1901 1902 1903 1904 1905 1906 1907 1908 1909 1910 1911 1912 1913 1914 1915 1916 1917 1918 1919 1920 1921 1922 1923 1924 1925 1926 -1
1865: 1883 1884 1892 1893 1881 1925 -1
1866: 1820 1867 1882 1883 1884 1885 1886 1887 1888 1889 1890 1891 1892 1893 1894 1895 1896 1897 1898 1899 1900 1901 1902 1903 1904 1905 1906 1907 1908 1909 1910 1911 1912 1913 1914 1915 1916 1917 1918 1919 1920 1921 1922 1923 1924 1925 1926 -1
1867: 1883 1884 1892 1893 1881 1925 -1
1868: 1820 1834 1845 1882 1883 1884 1885 1886 1887 1888 1889 1890 1891 1892 1893 1894 1895 1896 1897 1898 1899 1900 1901 1902 1903 1904 1905 1906 1907 1908 1909 1910 1911 1912 1913 1914 1915 1916 1917 1918 1919 1920 1921 1922 1923 1924 1925 1926 -1
1869: 1820 1845 1834 1882 1883 1884 1885 1886 1887 1888 1889 1890 1891 1892 1893 1894 1895 1896 1897 1898 1899 1900 1901 1902 1903 1904 1905 1906 1907 1908 1909 1910 1911 1912 1913 1914 1915 1916 1917 1918 1919 1920 1921 1922 1923 1924 1925 1926 -1
1870: 1820 1834 1882 1883 1884 1885 1886 1887 1888 1889 1890 1891 1892 1893 1894 1895 1896 1897 1898 1899 1900 1901 1902 1903 1904 1905 1906 1907 1908 1909 1910 1911 1912 1913 1914 1915 1916 1917 1918 1919 1920 1921 1922 1923 1924 1925 1926 -1
1871: 1820 1867 1873 1882 1883 1884 1885 1886 1887 1888 1889 1890 1891 1892 1893 1894 1895 1896 1897 1898 1899 1900 1901 1902 1903 1904 1905 1906 1907 1908 1909 1910 1911 1912 1913 1914 1915 1916 1917 1918 1919 1920 1921 1922 1923 1924 1925 1926 -1
1872: 1820 1873 1882 1883 1884 1885 1886 1887 1888 1889 1890 1891 1892 1893 1894 1895 1896 1897 1898 1899 1900 1901 1902 1903 1904 1905 1906 1907 1908 1909 1910 1911 1912 1913 1914 1915 1916 1917 1918 1919 1920 1921 1922 1923 1924 1925 1926 -1
1873: 1883 1884 1892 1893 1881 1925 -1
1874: 1820 1865 1876 1882 1883 1884 1885 1886 1887 1888 1889 1890 1891 1892 1893 1894 1895 1896 1897 1898 1899 1900 1901 1902 1903 1904 1905 1906 1907 1908 1909 1910 1911 1912 1913 1914 1915 1916 1917 1918 1919 1920 1921 1922 1923 1924 1925 1926 -1
1875: 1820 1876 1882 1883 1884 1885 1886 1887 1888 1889 1890 1891 1892 1893 1894 1895 1896 1897 1898 1899 1900 1901 1902 1903 1904 1905 1906 1907 1908 1909 1910 1911 1912 1913 1914 1915 1916 1917 1918 1919 1920 1921 1922 1923 1924 1925 1926 -1
1876: 1883 1884 1892 1893 1881 1925 -1
1877: 1820 1867 1882 1883 1884 1885 1886 1887 1888 1889 1890 1891 1892 1893 1894 1895 1896 1897 1898 1899 1900 1901 1902 1903 1904 1905 1906 1907 1908 1909 1910 1911 1912 1913 1914 1915 1916 1917 1918 1919 1920 1921 1922 1923 1924 1925 1926 -1
1878: 1820 1860 1882 1883 1884 1885 1886 1887 1888 1889 1890 1891 1892 1893 1894 1895 1896 1897 1898 1899 1900 1901 1902 1903 1904 1905 1906 1907 1908 1909 1910 1911 1912 1913 1914 1915 1916 1917 1918 1919 1920 1921 1922 1923 1924 1925 1926 -1
1879: 1820 1880 1882 1883 1884 1885 1886 1887 1888 1889 1890 1891 1892 1893 1894 1895 1896 1897 1898 1899 1900 1901 1902 1903 1904 1905 1906 1907 1908 1909 1910 1911 1912 1913 1914 1915 1916 1917 1918 1919 1920 1921 1922 1923 1924 1925 1926 -1
1880: 1883 1884 1892 1893 1881 1925 -1
1881: 1820 1922 1900 1923 1882 1883 1884 1885 1886 1887 1889 1890 1891 1892 1893 1894 1895 1896 1897 1898 1899 1906 1902 1903 1905 1907 1909 1911 1912 1913 1914 1915 1916 1917 1918 1919 1925 1920 1921 1924 1926 -1
1882: 1883 1884 1891 1892 1893 1881 1925 -1
1883: 1923 1900 1882 1884 1885 1886 1887 1889 1890 1891 1892 1893 1881 1894 1895 1896 1897 1898 1899 1906 1902 1903 1905 1907 1909 1911 1912 1913 1914 1915 1916 1917 1918 1919 1925 1920 1921 1922 1924 1926 -1
1884: 1923 -1
1885: -1
1886: 1883 1884 1891 1892 1893 1881 1925 -1
1887: 1883 1884 1891 1892 1893 1881 1925 -1
1888: 1883 1884 1891 1892 1893 1881 1925 -1
1889: 1883 1884 1891 1892 1893 1881 1925 -1
1890: 1883 1884 1891 1892 1893 1881 1925 -1
1891: 1882 1883 1884 1885 1886 1887 1889 1890 1892 1893 1881 1894 1895 1896 1897 1898 1899 1900 1906 1902 1903 1905 1907 1909 1911 1912 1913 1914 1915 1916 1917 1918 1919 1925 1920 1921 1922 1923 1924 1926 -1
1892: 1884 1923 1900 1882 1883 1885 1886 1887 1889 1890 1891 1893 1881 1894 1895 1896 1897 1898 1899 1906 1902 1903 1905 1907 1909 1911 1912 1913 1914 1915 1916 1917 1918 1919 1925 1920 1921 1922 1924 1926 -1
1893: 1900 1923 1882 1883 1884 1885 1886 1887 1889 1890 1891 1892 1881 1894 1895 1896 1897 1898 1899 1906 1902 1903 1905 1907 1909 1911 1912 1913 1914 1915 1916 1917 1918 1919 1925 1920 1921 1922 1924 1926 -1
1894: 1883 1884 1891 1892 1893 1881 1925 -1
1895: 1884 1883 1891 1892 1893 1881 1925 -1
1896: 1883 1884 1891 1892 1893 1881 1925 -1
1897: 1883 1884 1891 1892 1893 1881 1925 -1
1898: 1883 1884 1891 1892 1893 1881 1925 -1
1899: 1883 1884 1891 1892 1893 1881 1925 -1
1900: 1883 1884 1891 1892 1893 1881 1925 -1
1901: 1881 -1
1902: 1883 1884 1891 1892 1893 1881 1925 -1
1903: 1893 1881 1892 1883 1884 1891 1925 -1
1904: 1883 1884 1891 1892 1893 1881 1925 -1
1905: 1883 1884 1891 1892 1893 1881 1925 -1
1906: 1883 1884 1891 1892 1893 1881 1925 -1
1907: -1
1908: 1883 1884 1891 1892 1893 1881 1925 -1
1909: -1
1910: 1883 1884 1891 1893 1881 1892 1925 -1
1911: 1883 1884 1891 1892 1893 1881 1925 -1
1912: 1883 1884 1891 1892 1893 1881 1925 -1
1913: 1883 1884 1891 1892 1893 1881 1925 -1
1914: 1883 1884 1891 1892 1893 1881 1925 -1
1915: 1883 1884 1891 1892 1893 1881 1925 -1
1916: 1883 1884 1891 1892 1893 1881 1925 -1
1917: 1883 1884 1891 1892 1893 1881 1925 -1
1918: 1883 1884 1891 1892 1893 1881 1925 -1
1919: 1883 1884 1891 1892 1893 1881 1925 -1
1920: 1883 1884 1891 1892 1893 1881 1925 -1
1921: -1
1922: 1883 1884 1891 1892 1893 1881 1925 -1
1923: 1883 1884 1891 1893 1881 1892 1925 -1
1924: 1883 1884 1891 1892 1893 1881 1819 1925 -1
1925: 1903 1902 1911 1921 1905 1913 1883 1884 1885 1886 1887 1888 1889 1890 1891 1892 1893 1881 1894 1895 1896 1897 1898 1899 1900 1906 1907 1908 1909 1910 1912 1914 1915 1916 1917 1918 1919 1920 1922 1923 1924 1926 -1
1926: 1883 1884 1891 1892 1893 1881 1925 -1
1927: 14 215 1514 -1
1928: -1
1929: -1
1930: -1
1931: -1
1932: -1
1933: -1
1934: 6 103 -1
1935: 38 103 -1
1936: -1
1937: -1
1938: -1
1939: -1
1940: 1938 106 1939 -1
1941: 1938 106 1939 -1
1942: 1929 2039 -1
1943: -1
1944: 108 6 1003 2073 9 537 1018 1004 430 1005 54 1689 38 2102 1095 793 1720 1673 1699 137 215 1537 2126 2033 2037 2034 2042 2039 2046 1990 -1
1945: 108 -1
1946: 1401 -1
1947: 1003 1005 6 28 77 108 -1
1948: 159 108 1003 1521 2002 -1
1949: 160 108 -1
1950: 108 -1
1951: 1182 1559 1995 1003 793 271 2102 1122 2118 108 1942 1189 159 77 441 1095 -1
1952: 108 -1
1953: 108 -1
1954: 1394 1395 1396 1397 1439 1400 1401 108 1403 1404 1412 1413 1414 1415 1416 1417 1418 1398 1419 1420 1421 1422 1423 1424 1425 1426 1427 1428 1429 1430 1431 1432 1433 1434 1435 1436 1437 1438 1440 1441 1442 1443 1444 1445 1446 1447 1448 1449 1450 1451 1452 1453 -1
1955: 199 -1
1956: 109 -1
1957: 1005 1955 -1
1958: 1135 1769 1133 109 -1
1959: 109 1005 1004 441 1001 -1
1960: 394 362 1955 109 -1
1961: 54 5 109 -1
1962: -1
1963: 1962 1003 -1
1964: 1962 -1
1965: 1962 -1
1966: 1962 -1
1967: 1962 -1
1968: 1962 -1
1969: 1962 -1
1970: 1962 -1
1971: 1962 -1
1972: 1962 -1
1973: 1962 -1
1974: 1962 2042 2013 1003 9 2054 537 -1
1975: 1980 -1
1976: 1980 -1
1977: 394 1980 -1
1978: 1980 -1
1979: 1009 1980 -1
1980: -1
1981: 1001 -1
1982: 112 -1
1983: -1
1984: -1
1985: -1
1986: -1
1987: -1
1988: 1987 1986 -1
1989: -1
1990: -1
1991: -1
1992: -1
1993: -1
1994: -1
1995: 38 2054 -1
1996: 889 890 -1
1997: 1996 -1
1998: 1731 -1
1999: -1
2000: -1
2001: 6 -1
2002: 435 -1
2003: 2004 2005 -1
2004: -1
2005: -1
2006: -1
2007: -1
2008: -1
2009: -1
2010: -1
2011: 1990 2012 -1
2012: 2011 -1
2013: 1193 1339 1514 2039 2021 -1
2014: -1
2015: -1
2016: 1457 -1
2017: -1
2018: -1
2019: -1
2020: 1018 -1
2021: -1
2022: 2013 2039 1990 2046 -1
2023: -1
2024: 2021 -1
2025: -1
2026: 1524 -1
2027: -1
2028: -1
2029: -1
2030: 2021 2084 2024 2093 -1
2031: 1986 1987 1988 2001 1003 2046 1990 1005 115 2038 2013 2039 2040 2015 2014 2043 1197 -1
2032: -1
2033: 2039 2046 -1
2034: -1
2035: -1
2036: -1
2037: -1
2038: -1
2039: -1
2040: -1
2041: -1
2042: -1
2043: -1
2044: -1
2045: 1401 1684 -1
2046: -1
2047: 775 2036 -1
2048: -1
2049: 1005 2047 806 54 -1
2050: -1
2051: -1
2052: 1005 14 536 1095 -1
2053: -1
2054: -1
2055: -1
2056: 9 537 -1
2057: 215 14 -1
2058: -1
2059: -1
2060: -1
2061: -1
2062: -1
2063: -1
2064: -1
2065: 1193 853 1339 1117 2013 646 2039 -1
2066: -1
2067: -1
2068: -1
2069: 1514 -1
2070: -1
2071: 2044 781 -1
2072: -1
2073: 525 -1
2074: -1
2075: -1
2076: -1
2077: 2103 -1
2078: -1
2079: -1
2080: 2027 775 -1
2081: -1
2082: -1
2083: -1
2084: -1
2085: 2061 521 1003 1005 6 -1
2086: -1
2087: 1137 -1
2088: -1
2089: -1
2090: -1
2091: -1
2092: 6 1003 1005 1004 2086 -1
2093: 2039 -1
2094: -1
2095: 1942 115 2034 2033 2037 1003 1990 2013 -1
2096: 2033 137 1005 -1
2097: -1
2098: -1
2099: -1
2100: -1
2101: -1
2102: 1731 -1
2103: -1
2104: 2103 2106 1990 -1
2105: -1
2106: 2104 646 521 115 -1
2107: 1985 1005 966 1675 1699 2050 -1
2108: 1990 115 2063 276 -1
2109: 1990 115 2063 276 -1
2110: 1537 2062 215 6 508 819 1684 115 -1
2111: 1538 1672 8 2078 28 505 1004 1559 989 9 1689 2086 2080 21 22 38 1564 1744 480 77 1699 575 565 358 1311 1685 2059 1684 1942 2092 115 -1
2112: 1942 115 2034 2033 2037 1003 1990 2013 -1
2113: 1672 2112 1669 1671 2065 1740 1702 521 6 115 38 1005 54 1562 77 775 2052 79 1695 1699 1025 806 2000 -1
2114: 115 -1
2115: 115 2107 -1
2116: 2023 2013 115 -1
2117: 116 -1
2118: 1018 1932 -1
2119: -1
2120: 116 521 -1
2121: 1980 -1
2122: 806 521 1672 1538 793 1702 28 -1
2123: 1005 1672 521 8 28 537 116 -1
2124: 116 -1
2125: -1
2126: 2102 77 1699 1005 1562 793 271 2034 1519 117 -1
2127: 117 2040 -1
2128: 117 2040 -1
2129: 1127 1135 1133 1134 1005 117 -1
2130: 117 1383 -1
2131: 1675 6 1562 1003 1005 537 1697 2102 1009 1668 1699 1667 1672 1671 117 1177 -1
2132: 521 117 -1
2133: 1003 117 775 -1
2134: 117 -1
2135: -1
2136: 118 1005 -1
