0: 17 18 63 87 89 -1
1: 93 94 95 96 -1
2: 102 103 105 107 108 -1
3: 109 110 -1
4: 30 111 112 113 114 115 116 117 228 -1
5: 113 119 120 121 122 123 124 125 126 127 128 129 130 131 132 133 134 135 136 137 138 139 140 141 142 143 144 145 146 147 148 149 -1
6: 134 139 694 -1
7: 73 -1
8: -1
9: -1
10: 65 -1
11: -1
12: 174 608 -1
13: 178 179 -1
14: 182 -1
15: 17 18 -1
16: -1
17: -1
18: -1
19: -1
20: 198 199 200 -1
21: -1
22: -1
23: 55 -1
24: -1
25: 57 -1
26: -1
27: -1
28: -1
29: 225 226 227 -1
30: 86 113 114 115 116 117 123 174 235 240 241 244 245 246 247 248 251 252 253 254 255 259 260 261 264 265 266 267 269 270 271 272 275 277 278 279 -1
31: -1
32: 65 -1
33: -1
34: -1
35: -1
36: -1
37: -1
38: -1
39: -1
40: -1
41: 298 299 300 301 303 304 305 306 307 -1
42: -1
43: -1
44: -1
45: 109 110 -1
46: 131 134 146 149 354 355 356 357 -1
47: -1
48: -1
49: 369 -1
50: -1
51: -1
52: 377 380 -1
53: -1
54: -1
55: -1
56: -1
57: -1
58: -1
59: -1
60: -1
61: -1
62: -1
63: 89 174 477 478 479 480 481 482 483 484 485 486 487 488 489 490 491 493 494 495 496 497 498 499 500 501 502 503 504 505 507 508 509 510 511 512 513 514 515 516 517 -1
64: 521 522 523 524 525 527 528 529 -1
65: -1
66: -1
67: 553 554 555 556 557 558 559 560 561 562 563 564 565 566 567 568 570 571 572 574 575 576 577 578 579 580 581 582 583 584 585 586 587 588 590 591 592 593 594 595 596 -1
68: -1
69: 114 145 253 602 603 604 -1
70: 609 -1
71: 655 656 -1
72: -1
73: -1
74: -1
75: 674 -1
76: -1
77: -1
78: -1
79: -1
80: 692 693 694 695 696 697 698 699 700 701 702 703 704 705 706 707 708 709 710 711 712 713 -1
81: -1
82: 175 176 740 741 -1
83: 0 2 8 17 18 19 34 49 151 159 185 367 396 480 531 532 579 -1
84: -1
85: -1
86: -1
87: -1
88: -1
89: -1
90: 1 91 92 -1
91: -1
92: -1
93: -1
94: -1
95: -1
96: -1
97: 105 480 491 540 -1
98: 2 151 509 532 -1
99: 2 151 152 153 154 532 -1
100: 2 151 532 -1
101: -1
102: -1
103: -1
104: 107 148 356 464 480 508 -1
105: -1
106: -1
107: -1
108: -1
109: -1
110: -1
111: -1
112: -1
113: -1
114: -1
115: -1
116: -1
117: -1
118: 5 -1
119: 121 -1
120: 109 117 -1
121: 119 -1
122: 433 -1
123: -1
124: -1
125: -1
126: -1
127: -1
128: -1
129: -1
130: -1
131: -1
132: -1
133: -1
134: -1
135: -1
136: -1
137: -1
138: -1
139: -1
140: -1
141: -1
142: 356 -1
143: -1
144: -1
145: -1
146: -1
147: -1
148: 433 740 -1
149: -1
150: 39 -1
151: 55 -1
152: -1
153: -1
154: -1
155: 97 105 109 110 127 158 173 307 356 381 480 481 491 508 577 704 741 -1
156: 86 125 140 165 244 491 493 502 508 515 722 -1
157: 174 -1
158: -1
159: -1
160: -1
161: 8 43 191 311 312 313 438 517 531 -1
162: 8 84 85 206 531 -1
163: 9 33 164 165 169 170 282 -1
164: -1
165: -1
166: 9 376 -1
167: 9 282 -1
168: 9 282 -1
169: -1
170: 140 -1
171: 11 48 140 173 461 480 494 -1
172: 11 48 -1
173: -1
174: -1
175: -1
176: 82 -1
177: 63 -1
178: -1
179: -1
180: 356 480 497 507 514 -1
181: -1
182: -1
183: 181 193 336 339 542 579 704 -1
184: 16 -1
185: 16 704 -1
186: 16 284 704 718 -1
187: 16 186 692 -1
188: 433 -1
189: 16 -1
190: 16 -1
191: 120 -1
192: -1
193: -1
194: 17 -1
195: 18 -1
196: 20 87 356 433 517 -1
197: 20 671 -1
198: -1
199: -1
200: -1
201: 577 609 -1
202: 21 -1
203: 517 -1
204: 21 -1
205: 21 -1
206: 21 -1
207: 21 -1
208: 279 -1
209: 22 208 278 356 -1
210: 22 278 -1
211: 22 208 -1
212: 22 208 211 278 -1
213: 22 497 500 507 514 -1
214: 22 -1
215: 22 -1
216: 24 50 480 695 712 -1
217: 174 -1
218: 704 -1
219: 26 -1
220: 26 -1
221: 77 -1
222: 27 77 -1
223: 28 31 497 -1
224: 140 174 288 496 497 500 502 503 504 507 514 541 -1
225: -1
226: -1
227: -1
228: -1
229: -1
230: 30 111 112 228 229 234 236 237 239 242 243 249 250 256 257 258 262 263 268 273 274 -1
231: 30 111 112 228 234 236 237 239 242 243 249 250 257 258 262 268 273 274 -1
232: 30 228 240 255 270 281 -1
233: 30 228 -1
234: -1
235: 30 86 112 228 -1
236: 30 112 228 -1
237: -1
238: 30 112 228 -1
239: -1
240: -1
241: -1
242: -1
243: -1
244: -1
245: -1
246: -1
247: -1
248: -1
249: -1
250: -1
251: -1
252: -1
253: -1
254: -1
255: 141 -1
256: -1
257: -1
258: -1
259: -1
260: -1
261: -1
262: -1
263: -1
264: -1
265: -1
266: -1
267: -1
268: -1
269: 435 -1
270: -1
271: -1
272: -1
273: -1
274: -1
275: -1
276: 117 -1
277: -1
278: 113 114 115 116 245 340 602 -1
279: -1
280: 109 110 502 544 595 704 -1
281: 32 89 144 331 401 402 489 535 536 -1
282: -1
283: 34 -1
284: -1
285: 35 -1
286: 35 -1
287: 36 -1
288: -1
289: -1
290: 37 674 -1
291: 38 492 -1
292: -1
293: 40 160 294 296 612 615 620 625 626 627 628 637 640 641 643 646 647 654 659 660 661 663 -1
294: -1
295: 40 294 296 -1
296: -1
297: 354 497 507 514 -1
298: -1
299: -1
300: -1
301: -1
302: 577 -1
303: -1
304: -1
305: -1
306: 304 -1
307: -1
308: 42 -1
309: 42 -1
310: 42 -1
311: -1
312: -1
313: -1
314: -1
315: -1
316: -1
317: -1
318: -1
319: -1
320: -1
321: -1
322: -1
323: 44 314 315 316 317 318 319 320 321 322 324 325 326 327 328 329 330 -1
324: -1
325: -1
326: -1
327: -1
328: -1
329: -1
330: -1
331: 46 74 145 332 333 334 335 336 338 339 340 342 343 344 346 347 348 349 350 357 -1
332: 131 135 140 149 -1
333: -1
334: -1
335: -1
336: 113 123 125 127 131 134 138 139 140 142 145 149 245 354 -1
337: 46 74 332 333 334 335 336 338 339 340 342 343 344 346 347 348 349 350 351 -1
338: -1
339: 139 -1
340: 125 131 138 142 149 181 -1
341: 46 74 332 333 334 335 336 338 339 340 342 343 344 346 347 348 349 350 351 -1
342: -1
343: -1
344: 131 134 140 142 145 149 -1
345: 46 74 332 333 334 335 336 338 339 340 342 343 344 346 347 348 349 350 351 -1
346: -1
347: -1
348: -1
349: -1
350: -1
351: -1
352: 46 -1
353: 704 -1
354: -1
355: -1
356: -1
357: -1
358: 47 -1
359: 47 -1
360: 48 65 284 478 500 517 -1
361: 48 -1
362: 48 -1
363: 48 -1
364: 49 159 185 365 -1
365: 578 -1
366: 49 -1
367: -1
368: -1
369: -1
370: 51 371 -1
371: -1
372: -1
373: 380 -1
374: 52 372 373 379 -1
375: 52 140 372 373 398 -1
376: 52 166 167 -1
377: 52 -1
378: 52 -1
379: -1
380: -1
381: -1
382: -1
383: 53 -1
384: 53 -1
385: 54 56 -1
386: 54 56 -1
387: 54 56 -1
388: 54 56 -1
389: 54 56 -1
390: 54 56 -1
391: 54 56 -1
392: 54 -1
393: 54 56 -1
394: 54 56 -1
395: 55 -1
396: 55 -1
397: 55 -1
398: -1
399: 56 -1
400: 57 -1
401: 58 402 403 404 405 406 -1
402: -1
403: -1
404: -1
405: -1
406: -1
407: 59 -1
408: 59 -1
409: 60 411 499 -1
410: 86 116 127 140 148 174 356 480 481 508 509 510 517 -1
411: 579 -1
412: -1
413: -1
414: 61 415 416 417 418 419 420 421 422 423 424 425 426 -1
415: -1
416: -1
417: -1
418: -1
419: -1
420: -1
421: -1
422: -1
423: -1
424: -1
425: -1
426: -1
427: 62 79 86 428 682 -1
428: -1
429: 63 -1
430: 63 -1
431: 63 508 -1
432: 63 86 -1
433: 63 122 -1
434: 63 -1
435: 63 -1
436: 63 -1
437: 63 -1
438: 63 -1
439: 63 496 -1
440: 63 -1
441: 63 -1
442: 63 106 -1
443: 63 -1
444: 63 -1
445: 63 -1
446: 63 -1
447: 63 -1
448: 63 -1
449: 63 -1
450: 63 -1
451: 63 -1
452: 63 -1
453: 63 -1
454: 63 -1
455: 63 -1
456: 63 -1
457: 63 -1
458: 63 -1
459: 63 -1
460: 63 -1
461: 63 -1
462: 63 331 -1
463: 63 -1
464: 63 -1
465: 63 84 85 -1
466: 63 -1
467: 63 -1
468: 63 -1
469: 63 -1
470: 63 -1
471: 63 65 -1
472: 63 -1
473: 63 481 491 497 507 514 -1
474: 63 86 87 140 356 382 483 490 497 500 501 502 507 513 514 -1
475: 63 -1
476: 63 474 -1
477: -1
478: -1
479: -1
480: -1
481: -1
482: -1
483: -1
484: 109 110 515 -1
485: -1
486: -1
487: -1
488: -1
489: -1
490: -1
491: -1
492: -1
493: -1
494: -1
495: -1
496: -1
497: -1
498: -1
499: -1
500: -1
501: 490 -1
502: -1
503: -1
504: -1
505: -1
506: 510 -1
507: -1
508: -1
509: -1
510: -1
511: -1
512: -1
513: -1
514: -1
515: 529 -1
516: -1
517: -1
518: 64 526 -1
519: 64 -1
520: 64 -1
521: -1
522: -1
523: -1
524: -1
525: -1
526: -1
527: -1
528: -1
529: -1
530: 292 -1
531: 65 -1
532: 65 -1
533: 65 -1
534: 65 -1
535: -1
536: -1
537: 66 539 -1
538: 97 101 108 148 162 206 510 -1
539: -1
540: -1
541: -1
542: -1
543: -1
544: -1
545: 67 -1
546: 109 110 117 192 494 548 555 560 583 590 593 -1
547: 67 109 110 174 192 356 494 497 507 513 514 517 560 582 703 -1
548: 67 109 110 192 478 494 517 554 560 566 580 583 590 593 -1
549: 565 579 -1
550: 67 565 579 -1
551: 67 140 244 289 336 340 343 344 413 500 502 552 555 565 576 664 673 -1
552: 193 340 343 543 565 577 579 595 704 -1
553: -1
554: -1
555: -1
556: -1
557: -1
558: -1
559: -1
560: -1
561: -1
562: -1
563: -1
564: -1
565: -1
566: -1
567: -1
568: -1
569: 579 -1
570: -1
571: -1
572: -1
573: 557 -1
574: -1
575: -1
576: 553 555 564 -1
577: -1
578: -1
579: -1
580: -1
581: -1
582: -1
583: -1
584: -1
585: -1
586: -1
587: -1
588: 568 -1
589: 579 -1
590: -1
591: 555 595 -1
592: -1
593: -1
594: -1
595: -1
596: -1
597: 68 517 598 599 -1
598: 480 528 -1
599: -1
600: 69 -1
601: 69 412 -1
602: -1
603: -1
604: -1
605: 86 -1
606: 70 -1
607: 70 609 -1
608: 70 -1
609: 70 -1
610: 70 636 -1
611: 70 639 642 -1
612: 70 633 643 -1
613: 70 542 644 653 -1
614: 70 635 -1
615: 70 630 640 -1
616: 70 634 -1
617: 70 632 -1
618: 70 631 -1
619: 70 630 649 -1
620: 70 630 647 -1
621: 70 608 629 648 -1
622: 70 542 644 645 -1
623: 70 650 -1
624: 70 638 -1
625: 70 637 -1
626: 70 646 651 -1
627: 70 641 652 -1
628: 70 652 654 -1
629: -1
630: -1
631: -1
632: -1
633: -1
634: -1
635: -1
636: -1
637: -1
638: -1
639: -1
640: -1
641: -1
642: -1
643: -1
644: -1
645: -1
646: -1
647: -1
648: -1
649: -1
650: -1
651: -1
652: 174 -1
653: -1
654: -1
655: -1
656: -1
657: 88 -1
658: 72 666 -1
659: 72 207 665 -1
660: 72 666 -1
661: 72 666 -1
662: 72 -1
663: 72 666 -1
664: 72 666 -1
665: -1
666: -1
667: 73 -1
668: 73 -1
669: 73 -1
670: 73 -1
671: -1
672: 74 -1
673: -1
674: -1
675: 76 140 368 508 511 -1
676: 76 140 -1
677: 76 140 -1
678: 522 524 -1
679: 78 86 113 148 245 352 -1
680: 78 86 -1
681: 79 -1
682: -1
683: -1
684: -1
685: -1
686: 500 -1
687: 80 -1
688: 80 -1
689: 80 683 684 685 686 691 -1
690: 80 683 684 685 686 -1
691: 140 174 -1
692: -1
693: -1
694: -1
695: 480 704 705 711 -1
696: 336 339 703 704 705 711 712 -1
697: -1
698: -1
699: -1
700: 694 695 696 698 699 702 704 705 708 709 710 711 712 713 -1
701: -1
702: -1
703: -1
704: 304 -1
705: -1
706: -1
707: -1
708: -1
709: -1
710: -1
711: 564 578 704 705 -1
712: 696 -1
713: -1
714: 81 500 720 721 722 -1
715: 81 721 -1
716: 81 721 -1
717: 81 721 -1
718: -1
719: 81 721 -1
720: -1
721: -1
722: -1
723: 82 -1
724: 82 -1
725: 82 -1
726: 82 725 740 -1
727: 82 -1
728: 82 -1
729: 82 740 -1
730: 82 740 -1
731: 82 740 -1
732: 82 -1
733: 82 -1
734: 82 -1
735: 82 -1
736: 82 -1
737: 82 -1
738: 82 -1
739: 175 176 331 740 -1
740: 82 739 -1
741: -1
