0: 13 93 117 144 155 156 172 173 174 175 176 177 178 179 180 181 182 184 185 186 187 188 189 190 191 192 193 194 195 196 197 198 199 200 201 202 204 205 206 207 208 209 210 212 213 237 250 252 256 257 283 291 294 295 315 317 322 326 331 334 341 344 356 357 365 368 379 382 458 459 463 465 467 468 470 486 572 573 577 585 620 622 713 796 861 917 1016 1020 1035 1053 1135 1137 1145 1208 1363 1370 1385 1458 1774 2058 2368 2583 2672 2792 -1
1: 195 214 216 217 218 219 220 221 222 223 224 225 226 228 229 230 231 232 233 234 235 236 237 238 239 240 241 242 243 244 245 246 247 248 250 251 252 253 254 255 256 257 258 315 326 340 341 387 395 414 458 468 578 581 1035 1036 1037 -1
2: 144 177 179 225 241 250 256 257 270 271 272 273 274 276 277 279 280 281 282 283 285 286 289 290 291 292 294 295 296 298 299 300 301 302 325 326 342 346 431 437 468 501 1035 1038 1053 2328 -1
3: 25 307 318 324 -1
4: 88 156 177 294 303 329 331 336 337 341 342 794 848 1403 1731 -1
5: 150 240 273 294 326 348 349 350 352 354 355 356 357 358 359 360 362 363 364 365 367 368 369 370 -1
6: 145 156 270 273 294 374 375 378 379 380 381 382 383 384 386 709 -1
7: 425 427 428 431 432 434 435 436 437 2084 -1
8: 177 179 189 190 195 242 257 268 270 283 289 305 306 307 309 310 314 315 316 317 322 325 334 340 379 424 439 440 441 443 444 445 446 447 448 449 450 451 452 453 454 455 456 457 458 459 460 461 462 463 464 465 466 467 468 469 470 471 472 473 488 512 611 620 633 706 798 809 1023 1041 1053 1055 1058 1178 1183 1222 1261 1263 1281 1350 1352 1358 1366 1378 1379 1382 1388 1395 1465 1574 1863 1898 1995 2000 2047 2069 2131 2139 2329 2400 2588 2716 2780 2814 3071 -1
9: 179 195 200 295 315 317 334 335 475 476 477 478 479 480 481 482 483 484 485 486 487 488 489 490 491 492 493 494 495 496 497 498 499 500 501 502 503 -1
10: 128 195 289 295 315 326 334 335 491 492 493 497 504 505 506 507 508 509 510 511 512 513 515 516 1720 1721 1724 1725 1726 2404 -1
11: 144 168 172 174 197 206 209 214 220 225 237 256 257 273 277 285 314 324 325 326 340 356 363 379 384 446 463 471 501 517 518 519 520 521 522 523 524 525 526 527 529 530 531 533 534 535 536 537 538 539 540 541 542 543 544 545 547 548 549 550 551 552 553 554 555 556 557 558 559 560 561 562 563 572 573 620 630 655 657 707 742 853 905 927 957 1012 1018 1032 1095 1124 1128 1136 1141 1178 1183 1191 1267 1315 1316 1323 1326 1339 1345 1364 1374 1375 1378 1379 1380 1382 1491 1503 1584 1585 1623 1631 1659 1722 1792 1976 2027 2047 2048 2058 2138 2139 2294 2328 2391 2421 2473 2497 2503 2504 2578 2580 2587 2588 2591 2592 2594 2636 2672 2673 2720 2804 2807 2887 3046 3055 3057 3065 3074 -1
12: 200 212 213 257 273 283 295 325 326 458 463 468 486 497 571 572 573 574 575 576 577 578 917 2368 -1
13: 222 579 580 581 582 583 584 585 -1
14: 177 196 209 250 327 338 340 345 456 458 488 501 587 590 591 595 596 597 598 608 609 610 611 612 618 620 626 1024 1074 1076 1465 2328 2366 -1
15: 93 175 187 189 237 240 242 256 326 331 336 468 713 1035 1213 1243 2792 -1
16: 177 210 237 273 326 333 365 458 463 468 573 622 629 630 632 633 -1
17: 157 302 634 647 648 649 651 652 653 654 655 656 658 662 -1
18: 2 28 42 135 156 174 175 179 187 189 195 213 237 246 250 283 289 290 294 307 309 310 311 313 314 315 317 319 324 325 331 333 334 336 339 340 341 344 356 366 368 370 377 379 384 388 440 441 445 450 451 455 456 458 459 465 467 470 473 478 480 493 497 501 503 547 576 578 585 590 620 633 666 667 668 669 670 671 672 673 675 677 678 680 681 682 683 684 685 686 687 689 690 691 695 696 697 698 713 722 770 779 796 844 855 1020 1043 1045 1046 1053 1148 1179 1180 1181 1208 1309 1363 1383 1384 1385 1403 1458 1465 1659 1674 1780 1898 1981 1985 1986 2047 2056 2096 2716 2726 2990 -1
19: 179 209 285 290 318 331 369 571 578 704 705 706 707 709 710 711 712 713 1191 1358 1366 1563 1572 2959 2961 -1
20: 135 295 366 379 488 491 492 497 717 718 719 720 721 722 723 724 725 726 727 728 730 731 -1
21: 117 294 326 346 463 578 632 750 751 758 759 764 -1
22: 177 250 295 335 465 491 492 501 669 678 776 777 779 780 -1
23: 179 195 200 242 315 317 335 379 418 448 488 583 655 781 782 783 784 785 786 787 788 789 790 791 792 793 794 795 796 797 798 799 800 801 802 803 804 805 806 1091 2288 -1
24: 29 197 324 352 456 467 501 777 808 809 810 811 812 813 815 817 818 819 820 821 822 823 824 825 826 827 828 829 830 831 968 969 -1
25: 177 256 268 323 340 368 447 468 620 651 655 673 706 794 833 834 835 836 837 1116 1128 1133 1148 1160 1169 1191 1350 1374 1636 1653 1792 1848 2045 2047 2376 2390 2721 2961 -1
26: 145 324 326 465 470 501 651 802 842 843 844 845 847 1551 -1
27: 177 189 195 212 284 315 316 327 331 335 338 345 440 447 463 468 470 655 794 848 851 853 854 855 856 859 860 861 862 863 917 1245 1374 1465 1495 1618 1995 2047 2329 2497 2716 3045 3107 3115 3125 -1
28: 195 201 250 257 283 315 317 326 331 473 516 532 575 578 864 1125 1182 1465 1720 1721 1724 1725 1726 -1
29: 331 456 -1
30: 168 180 189 195 242 246 250 315 327 335 338 345 379 470 486 493 575 731 758 764 861 862 1016 1017 1018 1019 1020 -1
31: 177 326 610 1021 1022 1023 1024 -1
32: 177 256 278 321 324 468 576 794 1026 1032 1033 1034 1035 1039 -1
33: 156 213 294 394 673 821 1040 1041 1042 1043 1044 1045 1046 1047 1048 -1
34: 176 177 237 250 431 458 571 572 1020 1034 1052 1053 -1
35: 250 326 440 678 706 777 787 1054 1055 1056 1057 1058 1551 -1
36: 179 189 209 344 491 492 493 497 571 698 1060 1061 -1
37: 177 295 326 344 491 492 497 571 1060 1067 -1
38: 57 816 -1
39: 275 278 284 287 290 297 327 331 338 345 360 422 437 686 1045 1090 1092 1093 1094 1095 1097 1098 1100 1101 1103 1105 1106 1107 1111 1125 1251 1379 1382 1385 2010 2292 -1
40: 145 179 186 196 203 225 234 256 278 294 326 327 338 345 378 387 433 466 488 491 492 497 571 703 727 785 805 825 862 1036 1041 1060 1062 1114 1115 1116 1191 1220 1245 1358 1366 1403 1569 1582 1653 1658 1901 1980 1995 2027 2047 2058 2119 2288 2745 2887 -1
41: 7 46 219 284 331 1038 1118 1119 1120 -1
42: 144 177 200 201 209 210 212 242 256 295 303 346 376 446 463 486 581 596 622 633 731 786 834 917 1121 1122 1123 1124 1125 1126 1127 1128 1129 1130 1131 1132 1133 1134 1135 1137 1138 1139 1140 1141 1142 1143 1144 1145 1146 -1
43: 189 257 273 277 463 657 -1
44: 168 246 294 379 422 1038 1115 1265 -1
45: 1152 1153 1160 1161 1163 1164 1166 1167 1169 1170 1171 -1
46: 395 424 1039 1347 1630 1894 -1
47: 145 177 179 326 501 1173 1174 1175 -1
48: 202 256 335 344 374 384 465 489 491 492 497 506 571 655 684 707 715 1018 1031 1053 1128 1160 1178 1179 1180 1181 1182 1183 1191 1214 1248 1255 1292 1358 1366 1374 1379 1382 1386 1395 1497 1563 1610 1758 1901 1995 2000 2021 2045 2047 2072 2073 2075 2288 2396 2400 2402 2407 2408 2473 2483 2575 2636 2716 2814 3046 -1
49: 135 294 382 1095 -1
50: 7 16 46 168 219 246 326 331 388 395 433 576 581 628 677 1185 1186 -1
51: 7 46 219 431 488 1095 1188 2085 -1
52: 2 326 696 1042 1180 1191 1194 1195 1196 1197 1200 1201 1202 1203 1204 -1
53: 177 311 314 335 473 491 492 497 506 571 1060 1207 1208 1209 1210 1211 1212 -1
54: 242 1213 1214 1215 1216 1217 -1
55: 177 250 256 268 314 335 339 447 463 468 488 832 1035 1218 1219 1220 1221 1222 1223 1224 1225 1226 1227 1228 1229 1231 1232 1233 1234 1235 1236 1237 1238 1239 1240 1241 1242 1243 1244 1245 1246 1247 1248 1249 1250 1251 2294 2332 -1
56: 177 237 295 335 491 492 497 571 670 1060 1179 1180 1182 1252 1253 1254 1255 1256 1257 1258 1259 1260 1261 1262 1263 1264 1265 1266 1267 1268 1269 -1
57: 14 220 256 336 587 589 606 617 622 1035 1075 1076 1079 1085 1274 1275 1276 1277 1278 1279 1281 1282 1283 1284 1285 1286 1287 1288 1289 1290 1291 1292 1293 1294 1295 1296 1297 1298 1299 1300 1301 1302 1303 1304 1305 2128 2131 -1
58: 177 330 344 491 492 497 1060 1307 1308 1309 -1
59: 145 179 497 506 713 1113 1114 1311 -1
60: 256 384 510 611 652 658 750 809 1035 1243 1267 1312 1313 1314 1315 1316 1317 1318 1319 1320 1321 1322 1324 1325 1326 1327 1328 1329 1330 1331 1332 1333 1334 1335 1336 1337 1338 1339 1340 1758 1772 1786 2860 -1
61: 317 336 492 497 620 1343 1344 1345 1574 -1
62: 284 331 468 488 1039 1117 1347 1348 1349 -1
63: 34 114 174 188 229 237 246 309 310 334 335 379 440 441 455 456 459 463 465 620 632 710 787 794 802 806 1148 1179 1181 1350 1351 1352 1353 1354 1355 1356 1357 1358 1359 1360 1361 1362 1363 1364 1365 1366 1367 1369 1370 1371 1403 1855 -1
64: 145 177 180 189 195 200 229 242 250 295 303 315 317 334 431 456 458 459 463 465 470 486 620 632 666 682 706 787 834 842 863 1016 1020 1125 1137 1180 1207 1367 1370 1372 1374 1376 1379 1380 1381 1382 1383 1384 1385 1386 1387 1388 1389 1390 1465 1853 1855 2006 2056 2117 2716 -1
65: 145 547 571 698 704 787 1057 1352 1383 1392 1393 1395 1396 1397 1398 1399 1400 1401 1402 1403 -1
66: 73 177 250 334 379 453 492 663 664 665 679 692 693 706 710 787 863 1034 1055 1160 1169 1201 1300 1405 1408 1409 1410 1411 1412 1413 1414 1415 1416 1417 1418 1554 1556 1557 1561 1562 1563 1782 1891 2073 2716 -1
67: 488 501 1055 1245 1358 1366 1379 1382 1428 1432 1437 1451 1452 1456 2716 2819 2961 -1
68: 168 189 209 294 325 326 620 1016 1020 -1
69: 177 180 283 295 314 335 360 361 456 468 532 578 585 1191 1239 1245 1458 1460 1461 1462 1463 1464 1465 -1
70: 326 327 334 338 345 1034 1468 -1
71: 1480 1481 1483 -1
72: 7 46 189 219 324 340 355 369 375 378 382 388 418 433 436 443 595 610 657 795 808 812 826 897 935 936 943 1011 1095 1133 1347 1385 1465 1485 1486 1487 1488 1489 1490 1491 1492 1493 1494 1495 1496 1497 1498 1499 1500 1501 1502 1503 1504 1505 1506 1507 1508 1509 1510 1511 1512 1513 1515 1516 1517 1518 1519 1618 1653 1658 1715 1894 1990 1993 1994 2014 2016 2029 2032 2327 2328 2366 2579 2672 2674 2811 -1
73: -1
74: 584 862 1038 -1
75: 318 324 326 571 706 -1
76: 354 369 795 1017 1058 1059 1267 1323 1353 1368 1380 1390 1565 1566 1567 1568 1569 1570 1571 1572 1573 1574 1575 1576 1577 1579 1580 1581 1582 1583 1584 1585 1586 1587 1588 1589 1590 1591 1592 -1
77: 2 189 571 866 1041 1194 1593 1595 2510 2511 -1
78: 1603 1604 1605 1606 1607 1608 1610 1611 1612 -1
79: 135 220 268 324 355 368 378 387 427 431 443 810 812 826 1033 1042 1125 1461 1563 1584 1614 1615 1616 1617 1618 1619 1620 1621 1622 1623 1624 1625 1626 1627 1628 1629 1630 1631 1632 1909 2014 2021 2038 2039 2289 2369 2594 2716 -1
80: 651 1038 1633 1634 1636 1637 -1
81: -1
82: 43 177 330 335 458 491 492 497 501 576 1095 1656 1657 1658 1659 2716 -1
83: 175 179 237 250 330 335 458 468 758 764 903 988 1239 1245 1662 1663 1666 1667 1668 1669 1670 1672 1673 1674 1675 1676 1677 1678 1692 1901 -1
84: 1038 1715 1717 -1
85: 177 335 456 514 1239 1245 1719 1722 1723 -1
86: 145 177 182 186 202 203 205 256 270 289 314 316 322 323 326 335 369 379 381 386 428 433 447 456 468 472 488 738 785 794 825 851 942 992 1023 1034 1036 1046 1091 1120 1128 1160 1169 1191 1217 1243 1245 1281 1337 1350 1371 1378 1460 1461 1496 1570 1582 1619 1627 1658 1722 1728 1729 1730 1731 1735 1768 1792 1793 1801 1802 1841 1845 1901 1995 2027 2043 2045 2047 2053 2055 2058 2222 2223 2289 2299 2301 2303 2366 2390 2397 2398 2406 2431 2485 2495 2497 2542 2561 2590 2591 2655 2716 2729 2744 2746 2786 2816 2830 2907 2965 3060 3065 -1
87: 440 794 -1
88: 294 314 333 448 470 571 576 1018 1033 1042 1403 1747 1756 1757 1758 1759 1763 2517 -1
89: -1
90: 168 246 250 331 355 368 379 414 488 612 758 764 1053 1125 1208 1227 1282 1305 1767 1768 1769 1770 1771 1772 1773 1774 1775 1776 1777 1778 1779 1780 1781 1782 1783 1784 1785 1786 1978 2031 2330 2391 2781 2961 -1
91: 73 195 201 256 315 335 488 578 777 780 794 1128 1191 1460 1792 1793 1794 1800 1801 1802 1812 1813 1814 1819 1820 1821 -1
92: 334 501 571 1034 1194 1823 1824 1825 1826 1827 -1
93: -1
94: 135 284 330 427 433 437 813 1145 1281 1839 1840 1841 1843 1844 1845 1846 1847 1848 1849 -1
95: 326 458 463 465 578 620 632 706 863 1137 1367 1370 1374 1385 1389 1850 1851 1852 1853 1854 1855 1856 2830 -1
96: 149 175 1239 1245 1463 1731 1858 1860 1861 1862 1863 1864 1865 1866 1867 2790 -1
97: 326 356 491 492 497 506 721 731 1334 1883 1884 1886 1887 1888 1890 1891 -1
98: 7 46 219 422 1038 1690 1693 1892 1893 1894 1895 1986 -1
99: 331 456 491 1180 1208 1370 1896 1897 1898 -1
100: 177 458 596 1060 -1
101: 175 1115 1222 1239 1245 1862 1899 1900 1901 2332 -1
102: 28 145 149 156 174 246 268 283 290 294 310 334 344 379 381 386 394 441 465 480 503 532 666 668 669 670 680 687 779 841 844 847 1115 1180 1181 1182 1208 1390 1731 1750 1751 1754 1760 1917 1976 1977 1978 1979 1980 1981 1982 1983 1984 1985 1986 1987 1988 2096 2764 -1
103: 431 512 655 1038 1097 1098 1101 1103 1111 1125 1592 1991 1992 2716 2729 -1
104: 145 360 369 447 488 501 505 513 706 787 789 842 848 1018 1020 1034 1046 1057 1281 1326 1350 1352 1370 1371 1374 1378 1379 1382 1388 1395 1728 1778 1841 1863 1894 1995 1996 1997 1998 1999 2000 2001 2002 2003 2004 2005 2006 2007 2008 2053 2058 2067 2068 2069 2072 2075 2117 2442 2590 2606 2636 2713 2716 2729 2783 2961 -1
105: 378 795 812 1095 1380 2009 2010 2011 2012 2013 2014 2015 2016 2017 2018 2019 2020 2021 2022 2023 2024 2025 2026 2027 2028 2029 2030 2031 2032 2033 2034 2035 2036 2037 2038 2039 2040 2041 2042 -1
106: 314 330 468 578 903 977 988 1220 1239 2044 2046 2047 2049 2051 2052 2057 2060 -1
107: 2067 2068 2069 -1
108: 331 2070 2072 2073 2074 2075 -1
109: -1
110: 706 -1
111: -1
112: 294 -1
113: -1
114: 2114 -1
115: 145 180 189 213 458 459 465 514 620 704 706 1352 1391 1393 1404 1559 2115 2116 2117 2716 2820 -1
116: 2 145 414 459 465 671 673 680 709 842 1180 1311 1849 2119 2122 2123 -1
117: 1239 2131 -1
118: 1131 2135 2137 2138 2139 2140 -1
119: -1
120: -1
121: 2157 2170 2171 2172 -1
122: -1
123: -1
124: 356 -1
125: 256 501 1128 1792 1985 2202 2203 2204 2212 2213 2220 2221 2222 2223 2224 2225 2226 2232 2239 2240 2241 -1
126: 195 315 706 1995 2140 -1
127: 1358 1366 -1
128: -1
129: 14 57 622 862 2128 2280 -1
130: 102 177 179 241 256 285 289 324 326 330 387 492 497 502 506 578 651 657 706 718 719 721 730 812 834 848 856 1033 1036 1062 1101 1160 1169 1191 1239 1245 1253 1284 1340 1343 1345 1350 1379 1564 1618 1636 1782 1812 1821 1883 1891 1976 2016 2021 2045 2047 2074 2223 2282 2289 2385 2400 2401 2483 2494 2497 2587 2636 2725 2745 2804 2816 2831 2887 2961 3055 -1
131: 2 145 246 501 721 1038 1059 1097 1100 1105 1106 1111 1160 1169 1191 1376 1504 1823 1848 1891 1895 1995 2049 2284 2285 2286 2288 2289 2291 2292 2384 2716 2816 -1
132: 2293 2294 -1
133: -1
134: 578 1055 2117 2296 2297 2298 2299 2300 2301 2302 2303 2304 2305 -1
135: 2390 2391 -1
136: 177 458 2395 -1
137: 382 -1
138: 278 280 281 294 809 1053 1103 1990 1994 2413 2414 2415 2416 2418 2419 2421 2422 2423 2424 2425 2426 2427 2428 2429 2430 2431 2432 2433 2435 2436 2438 2439 2440 2441 2442 2443 2444 2445 2446 2447 2448 -1
139: 1191 2452 2453 2472 2473 2474 2475 2476 2478 2482 2483 2484 2485 2486 2487 2488 2489 2490 2491 2494 2495 2496 2497 2498 2499 2503 2504 2505 2506 2507 -1
140: 175 179 250 314 330 379 486 748 757 758 764 1041 1239 1245 1370 1673 1901 2513 2514 2515 2516 2517 2518 2519 2520 2521 2522 -1
141: 147 2523 2524 2525 2526 2527 2528 2529 2530 2531 2532 2533 2534 2535 2536 2537 2538 2539 2540 2541 2542 2543 2544 2545 2546 2547 2548 2549 2550 2551 2552 2553 2554 2555 2556 2557 2558 2559 2560 2561 2562 2563 2564 2565 2566 2567 2568 2569 2570 2571 2572 -1
142: 862 2590 -1
143: -1
144: 811 1763 2670 2671 2672 2673 2674 -1
145: -1
146: 180 456 468 622 655 706 863 1280 1559 1985 1995 2056 2117 2713 2714 2715 2716 2717 2718 2720 2721 2722 2723 2724 2725 2726 2727 2729 2730 2731 -1
147: 1172 2523 2543 2552 2733 2734 2735 2736 2737 2740 2741 2742 -1
148: 168 327 338 345 456 912 1005 1091 1239 2684 2745 -1
149: -1
150: -1
151: 705 798 862 1095 1379 1393 1658 1802 2802 2803 2804 2805 2806 2807 2808 2809 2811 2812 2813 2814 2815 2816 -1
152: 180 189 295 456 458 620 704 706 863 1055 1137 1352 1370 2115 2117 2818 2819 2820 -1
153: 456 2822 2823 2824 -1
154: -1
155: -1
156: 2989 2990 2991 2992 2993 -1
157: 662 2997 2998 -1
158: 157 634 648 654 662 2285 2286 3008 3009 3012 3013 3014 3015 3016 3017 3018 3019 3020 3021 3022 3023 3024 3026 3027 3028 3029 3030 3031 3032 3033 3034 -1
159: 117 193 194 327 338 343 345 347 463 571 758 764 860 878 1041 1071 1126 1239 1370 1615 1825 2332 2509 3039 3040 3041 3042 3043 3044 3045 3046 3047 3048 3049 -1
160: 73 150 189 195 240 243 273 305 306 310 312 315 320 324 369 378 387 431 439 443 447 453 463 466 488 505 573 610 620 667 757 784 830 859 861 1020 1022 1132 1146 1181 1360 1370 1385 1390 1465 1626 1841 2306 2308 2327 2369 2391 2583 2589 2669 2674 2728 3055 3056 3057 3059 3060 3061 3062 3063 3064 3065 3066 3067 3068 3069 3070 3071 3072 3073 3074 -1
161: -1
162: 177 335 458 497 571 -1
163: 214 -1
164: 256 456 2045 -1
165: 3148 3149 -1
166: 1020 1038 1053 1117 1895 2086 -1
167: 7 46 205 219 241 834 -1
168: 135 273 291 379 467 -1
169: 135 144 177 197 202 209 212 355 458 468 620 686 912 917 1005 1016 1137 1145 1213 1389 1555 1558 1846 1849 2014 2332 -1
170: 291 1020 -1
171: 727 -1
172: 202 2139 2991 2992 -1
173: -1
174: -1
175: 379 -1
176: -1
177: -1
178: -1
179: -1
180: -1
181: -1
182: -1
183: 1020 -1
184: -1
185: -1
186: -1
187: -1
188: -1
189: -1
190: -1
191: -1
192: -1
193: -1
194: -1
195: -1
196: -1
197: -1
198: -1
199: -1
200: 861 -1
201: -1
202: -1
203: -1
204: -1
205: -1
206: -1
207: -1
208: -1
209: -1
210: -1
211: 1020 -1
212: -1
213: -1
214: -1
215: 2 325 1986 -1
216: -1
217: -1
218: -1
219: -1
220: -1
221: -1
222: -1
223: -1
224: -1
225: -1
226: -1
227: -1
228: -1
229: -1
230: -1
231: -1
232: -1
233: -1
234: -1
235: -1
236: -1
237: -1
238: -1
239: -1
240: -1
241: -1
242: -1
243: -1
244: -1
245: -1
246: 327 338 345 798 1245 1990 1993 1994 -1
247: -1
248: -1
249: -1
250: 379 -1
251: -1
252: -1
253: -1
254: 202 -1
255: -1
256: 854 1403 -1
257: -1
258: 1044 -1
259: 2 168 250 578 -1
260: 2 169 220 295 379 1125 1895 2131 -1
261: 2 144 156 168 176 177 179 195 199 277 283 290 294 295 315 317 325 326 331 334 341 357 365 375 379 458 465 575 622 684 796 817 824 1024 -1
262: 2 250 -1
263: 2 -1
264: 2 673 866 3054 -1
265: 2 -1
266: 2 1115 -1
267: 2 -1
268: 2 865 866 2047 -1
269: 2 866 1201 -1
270: 1121 -1
271: -1
272: -1
273: -1
274: -1
275: -1
276: -1
277: -1
278: 2410 2423 2436 -1
279: -1
280: -1
281: -1
282: -1
283: -1
284: 1038 -1
285: -1
286: -1
287: 275 -1
288: -1
289: -1
290: -1
291: -1
292: -1
293: 202 380 831 1191 1243 1312 1460 1774 2047 2055 2920 -1
294: 2989 -1
295: -1
296: -1
297: -1
298: 202 300 1016 -1
299: -1
300: -1
301: -1
302: 204 -1
303: -1
304: -1
305: -1
306: -1
307: -1
308: 1043 -1
309: -1
310: -1
311: -1
312: -1
313: -1
314: -1
315: -1
316: -1
317: -1
318: -1
319: -1
320: -1
321: -1
322: -1
323: -1
324: -1
325: 177 256 294 311 314 333 334 340 447 460 463 468 493 576 585 862 1032 1465 2380 -1
326: -1
327: -1
328: 284 334 427 1895 1990 1993 1994 2089 -1
329: -1
330: -1
331: 326 -1
332: 2380 -1
333: -1
334: 379 -1
335: 2380 -1
336: 162 491 492 506 571 727 1208 -1
337: -1
338: -1
339: 1245 -1
340: -1
341: -1
342: -1
343: 2380 -1
344: -1
345: -1
346: -1
347: 2380 -1
348: -1
349: -1
350: -1
351: -1
352: -1
353: 188 -1
354: 627 -1
355: -1
356: -1
357: -1
358: -1
359: -1
360: -1
361: -1
362: -1
363: -1
364: -1
365: -1
366: 379 -1
367: -1
368: -1
369: -1
370: -1
371: 7 46 144 145 155 241 273 276 280 281 294 302 374 375 379 380 382 388 422 435 677 709 1039 1774 1894 2100 2860 -1
372: 6 148 256 1128 1258 1763 1792 2223 -1
373: 6 -1
374: -1
375: -1
376: -1
377: -1
378: -1
379: -1
380: 207 -1
381: -1
382: -1
383: -1
384: -1
385: 394 -1
386: -1
387: -1
388: 403 1115 1188 -1
389: 7 46 219 -1
390: 7 46 219 435 488 795 -1
391: 7 46 219 -1
392: 7 46 219 -1
393: 7 46 219 -1
394: 7 46 195 219 246 290 295 314 315 326 335 352 374 424 427 433 578 795 1033 1041 1245 1893 2285 2286 2332 -1
395: 7 46 219 327 338 345 -1
396: 7 46 -1
397: 7 46 -1
398: 7 46 219 433 -1
399: 7 46 219 -1
400: 7 46 219 -1
401: 7 46 219 -1
402: 7 46 280 281 1610 -1
403: 7 46 219 -1
404: 7 46 219 2131 -1
405: 7 46 219 2131 -1
406: 7 46 219 -1
407: 7 46 219 379 -1
408: 7 46 219 -1
409: 7 46 219 433 -1
410: 7 46 219 241 1774 -1
411: 7 46 219 280 281 -1
412: 7 46 219 -1
413: 7 46 219 -1
414: 7 46 219 360 387 430 928 979 985 986 1461 1573 2047 2285 2286 3015 -1
415: 7 46 -1
416: 7 46 219 2016 -1
417: 7 46 168 219 325 -1
418: 7 46 135 219 375 382 429 657 689 861 941 942 943 992 1281 1385 1844 2022 2027 2031 2370 2579 2673 2674 -1
419: 7 46 219 437 -1
420: 7 46 194 207 214 219 225 229 276 278 302 324 375 387 418 427 463 637 795 811 1095 1565 1566 1567 1568 1579 1580 1588 1589 1590 1631 1758 1976 2014 2016 2026 2027 2036 3069 -1
421: 7 46 284 290 394 663 1036 1037 1039 1042 1104 1182 -1
422: 7 46 156 177 195 234 256 270 272 278 285 296 309 315 326 360 378 382 387 418 423 431 433 437 488 492 493 497 501 512 513 515 608 612 627 651 655 657 706 709 715 720 721 758 764 795 805 812 826 834 862 938 1008 1035 1038 1055 1059 1116 1160 1169 1191 1208 1211 1245 1250 1281 1323 1347 1371 1374 1376 1379 1382 1461 1622 1623 1626 1636 1658 1659 1812 1821 1823 1824 1839 1844 1845 1848 1881 1885 1891 1990 1993 1994 1995 2016 2021 2045 2047 2055 2058 2074 2122 2204 2289 2308 2332 2409 2426 2497 2504 2532 2587 2716 2810 2816 2832 2887 2961 -1
423: -1
424: 179 388 433 571 -1
425: 427 795 1027 1848 2809 -1
426: 327 338 345 -1
427: -1
428: -1
429: -1
430: -1
431: -1
432: -1
433: -1
434: -1
435: -1
436: -1
437: -1
438: -1
439: -1
440: -1
441: -1
442: 135 189 200 290 294 295 325 331 379 458 486 575 632 677 698 713 1020 1034 1137 2056 -1
443: -1
444: -1
445: -1
446: -1
447: 1033 1845 -1
448: -1
449: -1
450: -1
451: -1
452: 1660 -1
453: -1
454: -1
455: -1
456: -1
457: 862 -1
458: -1
459: -1
460: -1
461: -1
462: -1
463: -1
464: -1
465: -1
466: -1
467: -1
468: 326 -1
469: -1
470: -1
471: -1
472: -1
473: -1
474: 175 179 237 250 314 330 336 379 468 488 581 686 758 764 768 796 817 847 1201 1220 1239 1245 1560 1673 1678 1901 2332 -1
475: -1
476: 177 365 -1
477: -1
478: -1
479: -1
480: -1
481: -1
482: -1
483: -1
484: -1
485: -1
486: -1
487: -1
488: -1
489: -1
490: -1
491: -1
492: -1
493: -1
494: -1
495: -1
496: -1
497: -1
498: -1
499: -1
500: -1
501: -1
502: -1
503: -1
504: -1
505: -1
506: -1
507: -1
508: -1
509: -1
510: -1
511: -1
512: -1
513: -1
514: -1
515: -1
516: 330 456 -1
517: -1
518: -1
519: -1
520: -1
521: -1
522: -1
523: -1
524: -1
525: -1
526: -1
527: -1
528: -1
529: -1
530: -1
531: -1
532: -1
533: 581 -1
534: -1
535: -1
536: -1
537: -1
538: -1
539: -1
540: -1
541: -1
542: -1
543: -1
544: -1
545: -1
546: 177 326 575 1245 -1
547: -1
548: -1
549: -1
550: -1
551: -1
552: -1
553: -1
554: -1
555: -1
556: -1
557: -1
558: -1
559: -1
560: -1
561: -1
562: -1
563: -1
564: -1
565: 12 1053 1497 2413 2422 2740 2781 3015 -1
566: 12 381 -1
567: 12 -1
568: 12 -1
569: 12 -1
570: 12 -1
571: -1
572: -1
573: -1
574: -1
575: -1
576: -1
577: -1
578: -1
579: 581 -1
580: -1
581: -1
582: -1
583: -1
584: -1
585: -1
586: 14 57 2128 -1
587: 14 1280 2128 -1
588: 14 57 195 315 608 2128 -1
589: 14 57 622 1085 2128 -1
590: -1
591: -1
592: 57 -1
593: -1
594: 57 -1
595: -1
596: -1
597: -1
598: -1
599: 57 1076 -1
600: 57 -1
601: 57 -1
602: 375 -1
603: -1
604: 57 2582 -1
605: -1
606: 57 -1
607: 57 -1
608: -1
609: -1
610: -1
611: -1
612: -1
613: 57 -1
614: 57 1768 -1
615: 57 -1
616: 2581 -1
617: 57 1280 -1
618: -1
619: -1
620: 213 1020 -1
621: 57 -1
622: 57 379 -1
623: -1
624: 57 -1
625: 57 -1
626: 1779 -1
627: -1
628: -1
629: -1
630: -1
631: 629 1191 -1
632: -1
633: -1
634: 17 637 648 660 661 2131 2285 2286 2997 2998 3026 -1
635: 17 158 634 648 684 -1
636: 17 634 637 648 650 659 -1
637: 634 648 -1
638: 17 634 637 648 650 659 -1
639: 17 19 32 194 203 257 321 325 446 608 634 648 750 809 1042 1053 1267 1542 1772 1774 2058 2507 2914 2975 -1
640: 17 19 32 182 206 214 256 257 294 321 322 325 374 380 634 648 758 764 809 822 854 1040 1042 1116 1122 1128 1191 1214 1227 1236 1243 1320 1321 1322 1326 1327 1331 1335 1336 1542 1758 1763 1772 1774 1786 1825 2045 2047 2050 2058 2059 2221 2288 2431 2447 2478 2483 2486 2864 2869 2914 2975 -1
641: 17 158 634 637 648 650 2994 2995 2996 3010 3011 3025 3030 -1
642: 17 634 648 -1
643: 17 634 648 650 659 -1
644: 17 158 634 637 646 648 650 2995 2996 3011 -1
645: 17 648 -1
646: 17 158 634 637 638 648 2995 2996 3011 -1
647: 17 634 648 657 659 661 -1
648: 17 634 -1
649: -1
650: 647 -1
651: -1
652: -1
653: -1
654: 3019 3028 -1
655: -1
656: -1
657: -1
658: 652 -1
659: -1
660: -1
661: -1
662: -1
663: 18 99 575 2467 -1
664: -1
665: -1
666: -1
667: -1
668: 335 501 1115 -1
669: -1
670: -1
671: -1
672: -1
673: -1
674: 488 -1
675: -1
676: -1
677: -1
678: -1
679: -1
680: -1
681: -1
682: -1
683: -1
684: -1
685: -1
686: -1
687: -1
688: 456 862 1041 1222 -1
689: -1
690: -1
691: -1
692: -1
693: -1
694: -1
695: -1
696: -1
697: -1
698: -1
699: -1
700: 19 -1
701: 19 295 -1
702: 19 216 218 226 227 231 232 233 251 515 658 703 892 991 1041 1169 1191 1480 1492 1558 1991 2069 2291 2422 2981 2997 -1
703: 708 -1
704: 188 203 213 256 360 378 431 447 506 620 655 706 812 826 859 1131 1281 1307 1352 1574 1618 1845 1995 2006 2008 2299 2301 2303 2497 2590 2716 2722 2723 2725 2729 2781 2887 2961 3056 -1
705: -1
706: -1
707: -1
708: -1
709: -1
710: -1
711: -1
712: -1
713: -1
714: -1
715: -1
716: -1
717: -1
718: -1
719: -1
720: -1
721: -1
722: -1
723: -1
724: -1
725: -1
726: -1
727: -1
728: 723 -1
729: 725 -1
730: -1
731: -1
732: 21 159 175 743 746 748 749 753 754 755 756 757 760 763 765 766 -1
733: 21 159 175 743 746 748 749 753 754 755 756 757 760 761 763 765 766 -1
734: 21 175 327 338 345 1220 1245 -1
735: 21 734 -1
736: 21 -1
737: 21 501 571 1245 -1
738: 21 1496 -1
739: 21 -1
740: 21 53 138 159 175 428 470 694 743 746 748 749 753 754 755 756 757 760 763 765 766 823 1342 1496 2420 2430 2434 2437 2615 2951 3015 -1
741: 21 136 159 175 194 738 743 745 746 747 748 749 752 753 754 755 756 757 760 761 762 763 765 766 1018 1373 1378 2271 2810 3149 -1
742: 21 159 175 743 746 748 749 753 754 755 756 757 760 763 765 766 -1
743: -1
744: -1
745: -1
746: -1
747: -1
748: -1
749: -1
750: -1
751: -1
752: -1
753: 571 877 1041 1071 -1
754: -1
755: -1
756: -1
757: 882 1041 2332 -1
758: -1
759: -1
760: -1
761: -1
762: -1
763: -1
764: -1
765: 441 -1
766: -1
767: -1
768: -1
769: 22 767 768 -1
770: 22 663 767 -1
771: 22 250 289 355 387 479 571 655 712 767 778 1055 1062 1178 1245 1269 1307 1345 1376 1722 1812 1821 1995 2047 2299 2301 2303 2332 2400 2636 2887 3046 3063 -1
772: 22 678 768 -1
773: 22 768 -1
774: 22 768 1350 -1
775: 22 768 -1
776: 172 250 335 505 706 1055 1057 1901 2907 -1
777: -1
778: -1
779: -1
780: 456 578 1239 1245 -1
781: -1
782: -1
783: -1
784: -1
785: -1
786: -1
787: -1
788: -1
789: -1
790: -1
791: -1
792: -1
793: -1
794: -1
795: -1
796: -1
797: -1
798: 296 379 848 1103 1377 2415 2428 2814 -1
799: 246 -1
800: -1
801: -1
802: -1
803: -1
804: -1
805: -1
806: -1
807: 177 212 330 335 344 458 491 492 493 497 917 -1
808: -1
809: -1
810: -1
811: -1
812: -1
813: -1
814: 179 -1
815: -1
816: 380 651 880 1191 1520 1521 2443 -1
817: -1
818: -1
819: -1
820: -1
821: -1
822: -1
823: -1
824: -1
825: -1
826: -1
827: -1
828: -1
829: -1
830: -1
831: -1
832: -1
833: 256 578 1746 1748 2045 -1
834: -1
835: -1
836: -1
837: -1
838: 326 -1
839: 571 -1
840: 456 1034 -1
841: 866 -1
842: -1
843: -1
844: -1
845: 571 -1
846: 1115 1403 -1
847: 532 -1
848: 1300 2058 -1
849: 1191 -1
850: 1038 1895 -1
851: -1
852: 571 -1
853: -1
854: -1
855: -1
856: -1
857: 326 -1
858: 1772 -1
859: -1
860: -1
861: -1
862: -1
863: -1
864: 28 872 -1
865: 28 862 1222 1245 1309 1399 1403 1655 1852 3044 -1
866: 28 -1
867: 28 155 156 175 188 208 214 241 256 268 270 294 327 338 340 345 356 379 380 384 387 447 450 456 465 471 475 484 486 487 491 492 495 497 547 577 581 620 631 651 655 675 681 684 698 714 715 721 722 723 728 731 798 805 806 815 822 851 910 1018 1036 1040 1115 1116 1125 1128 1133 1160 1169 1173 1178 1183 1191 1201 1227 1245 1256 1283 1292 1293 1304 1334 1340 1343 1345 1350 1358 1366 1370 1379 1382 1390 1460 1559 1569 1574 1595 1613 1636 1722 1839 1849 1851 1853 1863 1891 1985 1995 2045 2047 2055 2058 2072 2075 2119 2139 2285 2286 2288 2299 2301 2303 2329 2376 2402 2409 2418 2423 2504 2580 2588 2716 2811 2814 2887 2961 3047 -1
868: 28 200 309 325 447 456 459 655 1626 1636 2669 -1
869: 28 88 195 256 289 315 329 330 337 447 468 848 1191 1194 1245 1360 1747 1753 1973 1976 2047 2222 2223 2961 3050 -1
870: -1
871: 28 564 -1
872: -1
873: 28 -1
874: 28 870 -1
875: 29 241 424 861 968 969 -1
876: 29 968 969 1053 1895 2088 -1
877: 29 468 968 969 -1
878: 29 468 968 969 2043 -1
879: 29 335 379 968 969 1239 -1
880: 29 177 203 256 441 458 758 764 968 969 1331 -1
881: 29 928 968 969 985 -1
882: 29 968 969 -1
883: 29 968 969 1041 -1
884: 29 177 179 463 968 969 -1
885: 29 327 338 345 860 968 969 -1
886: 29 257 903 968 969 988 -1
887: 135 144 155 188 220 273 324 346 355 369 378 384 480 505 576 620 795 809 813 844 973 1033 1040 1042 1059 1215 1368 1370 1376 1390 1403 1563 1576 1581 1584 1595 1616 1631 1845 2029 2332 2515 2811 -1
888: -1
889: 144 278 368 881 971 1639 1640 1644 1645 1646 1647 1648 1649 1650 1652 -1
890: -1
891: -1
892: -1
893: -1
894: -1
895: -1
896: -1
897: -1
898: -1
899: -1
900: -1
901: -1
902: -1
903: -1
904: -1
905: -1
906: -1
907: 971 -1
908: -1
909: 29 81 212 257 429 430 888 892 893 894 895 896 897 898 899 900 901 903 904 905 906 908 910 911 912 913 914 916 917 918 919 921 922 923 924 925 926 927 928 929 930 931 932 933 935 936 937 938 939 941 942 943 944 945 947 948 950 951 952 953 954 955 956 957 958 959 960 961 962 963 964 965 966 968 969 970 974 975 976 977 978 979 980 981 982 983 984 985 986 987 988 989 990 991 992 993 994 995 996 997 998 999 1001 1002 1004 1005 1006 1007 1008 1009 1010 1011 1012 1013 1014 1015 2328 -1
910: -1
911: -1
912: -1
913: -1
914: -1
915: -1
916: -1
917: -1
918: -1
919: -1
920: -1
921: -1
922: -1
923: -1
924: -1
925: -1
926: -1
927: -1
928: -1
929: -1
930: -1
931: -1
932: -1
933: -1
934: -1
935: -1
936: -1
937: -1
938: -1
939: -1
940: -1
941: -1
942: -1
943: -1
944: -1
945: -1
946: -1
947: -1
948: -1
949: -1
950: -1
951: -1
952: -1
953: -1
954: -1
955: -1
956: -1
957: -1
958: -1
959: -1
960: -1
961: -1
962: -1
963: -1
964: -1
965: -1
966: -1
967: -1
968: -1
969: -1
970: -1
971: 29 81 212 257 384 429 430 795 887 888 889 890 891 892 893 894 895 896 897 898 899 900 901 902 903 904 905 906 907 908 910 911 912 913 914 915 916 917 918 919 920 921 922 923 924 925 926 927 928 929 930 931 932 933 934 935 936 937 938 939 940 941 942 943 944 945 946 947 948 949 950 951 952 953 954 955 956 957 958 959 960 961 962 963 964 965 966 968 969 970 974 975 976 977 978 979 980 981 982 983 984 985 986 987 988 989 990 991 992 993 994 995 996 997 998 999 1000 1001 1002 1004 1005 1006 1007 1008 1009 1010 1011 1012 1013 1014 1015 1188 1618 1631 2504 -1
972: 29 81 212 257 429 430 887 888 889 890 891 892 893 894 895 896 897 898 899 900 901 902 903 904 905 906 907 908 910 911 912 913 914 915 916 917 918 919 920 921 922 923 924 925 926 927 928 929 930 931 932 933 934 935 936 937 938 939 940 941 942 943 944 945 946 947 948 949 950 951 952 953 954 955 956 957 958 959 960 961 962 963 964 965 966 968 969 970 974 975 976 977 978 979 980 981 982 983 984 985 986 987 988 989 990 991 992 993 994 995 996 997 998 999 1000 1001 1002 1004 1005 1006 1007 1008 1009 1010 1011 1012 1013 1014 1015 1188 -1
973: 29 81 212 257 429 430 887 888 889 890 891 892 893 894 895 896 897 898 899 900 901 902 903 904 905 906 907 908 910 911 912 913 914 915 916 917 918 919 920 921 922 923 924 925 926 927 928 929 930 931 932 933 934 935 936 937 938 939 940 941 942 943 944 945 946 947 948 949 950 951 952 953 954 955 956 957 958 959 960 961 962 963 964 965 966 968 969 970 974 975 976 977 978 979 980 981 982 983 984 985 986 987 988 989 990 991 992 993 994 995 996 997 998 999 1000 1001 1002 1004 1005 1006 1007 1008 1009 1010 1011 1012 1013 1014 1015 1188 -1
974: -1
975: -1
976: -1
977: 431 -1
978: -1
979: -1
980: -1
981: -1
982: -1
983: -1
984: -1
985: -1
986: -1
987: -1
988: -1
989: -1
990: -1
991: -1
992: -1
993: -1
994: -1
995: -1
996: -1
997: -1
998: 433 -1
999: -1
1000: -1
1001: -1
1002: -1
1003: -1
1004: -1
1005: 431 -1
1006: -1
1007: -1
1008: -1
1009: -1
1010: 971 973 -1
1011: 2594 -1
1012: -1
1013: -1
1014: -1
1015: -1
1016: -1
1017: -1
1018: -1
1019: 379 -1
1020: -1
1021: -1
1022: -1
1023: -1
1024: -1
1025: 32 328 1038 -1
1026: 32 328 1038 -1
1027: 32 220 278 285 369 379 384 425 651 809 1059 1089 1103 1191 1368 1393 1658 1763 1774 2288 2438 2439 2442 2809 -1
1028: 2976 -1
1029: 32 -1
1030: 32 -1
1031: -1
1032: -1
1033: -1
1034: -1
1035: 675 -1
1036: -1
1037: -1
1038: 1100 1105 1106 1715 2292 -1
1039: -1
1040: -1
1041: 813 -1
1042: 2390 -1
1043: -1
1044: -1
1045: -1
1046: -1
1047: -1
1048: 201 324 468 -1
1049: 34 177 201 330 336 458 463 610 620 632 802 842 1019 1020 1137 1850 2116 2636 -1
1050: 34 145 179 195 201 309 315 317 335 336 379 571 575 673 706 710 787 802 1043 1057 1355 1362 -1
1051: 177 189 195 213 250 315 330 335 431 458 468 632 863 924 1013 1020 1034 1137 1208 2718 -1
1052: -1
1053: -1
1054: -1
1055: -1
1056: -1
1057: -1
1058: -1
1059: -1
1060: 456 1020 -1
1061: -1
1062: -1
1063: 37 1505 -1
1064: 37 1019 1065 1066 1068 1069 1070 1072 -1
1065: -1
1066: -1
1067: -1
1068: -1
1069: -1
1070: -1
1071: -1
1072: -1
1073: 38 431 599 617 624 625 1751 1752 1981 -1
1074: 38 613 614 621 624 625 1083 1272 -1
1075: 38 -1
1076: 38 57 593 599 605 617 622 1083 1272 -1
1077: 38 -1
1078: 38 599 604 613 624 -1
1079: 38 -1
1080: 38 360 587 592 616 617 622 623 848 1017 1018 1076 1084 1085 1086 1088 1659 1995 2581 2582 3065 -1
1081: 38 177 195 201 208 315 317 356 458 604 610 616 623 632 802 924 1013 1020 1086 1088 1208 1379 1382 1995 2575 2576 2578 2580 2581 2582 2583 2585 2587 2588 2589 2591 2592 -1
1082: 2581 -1
1083: 57 241 280 281 581 603 619 1133 1331 -1
1084: 2581 -1
1085: 57 -1
1086: -1
1087: 57 -1
1088: 2581 -1
1089: -1
1090: -1
1091: -1
1092: -1
1093: -1
1094: -1
1095: -1
1096: -1
1097: 1089 -1
1098: -1
1099: -1
1100: -1
1101: -1
1102: -1
1103: -1
1104: -1
1105: 290 1245 -1
1106: -1
1107: -1
1108: -1
1109: 2131 -1
1110: 327 338 345 571 1239 1245 -1
1111: 1098 1103 -1
1112: -1
1113: 318 1115 -1
1114: -1
1115: -1
1116: -1
1117: -1
1118: -1
1119: -1
1120: -1
1121: -1
1122: -1
1123: -1
1124: -1
1125: -1
1126: -1
1127: -1
1128: -1
1129: -1
1130: -1
1131: -1
1132: -1
1133: -1
1134: -1
1135: -1
1136: -1
1137: -1
1138: -1
1139: -1
1140: -1
1141: -1
1142: -1
1143: -1
1144: -1
1145: -1
1146: -1
1147: 44 70 414 528 1096 1099 1103 1108 1909 1990 2334 -1
1148: -1
1149: 44 175 575 1115 1245 1901 -1
1150: 45 1151 1152 1153 1154 1155 1156 1157 1158 1159 1161 1162 1163 1164 1168 1171 -1
1151: -1
1152: -1
1153: -1
1154: -1
1155: -1
1156: -1
1157: -1
1158: -1
1159: -1
1160: -1
1161: -1
1162: -1
1163: -1
1164: -1
1165: 893 978 -1
1166: -1
1167: -1
1168: -1
1169: -1
1170: 1157 1162 1164 1168 1171 -1
1171: -1
1172: 2532 -1
1173: -1
1174: -1
1175: -1
1176: 48 173 188 256 492 655 790 856 1145 1169 1191 1245 1253 1374 1378 1379 1382 1403 1574 1576 1595 1619 1722 1901 2045 2047 2302 2431 2506 2716 2729 2814 2961 3072 -1
1177: 48 -1
1178: -1
1179: -1
1180: -1
1181: -1
1182: -1
1183: -1
1184: 50 571 1186 -1
1185: -1
1186: -1
1187: 195 315 -1
1188: 1640 -1
1189: 861 -1
1190: 52 1891 1995 2667 -1
1191: 1403 -1
1192: 102 -1
1193: 866 -1
1194: -1
1195: -1
1196: -1
1197: -1
1198: 866 -1
1199: -1
1200: -1
1201: -1
1202: 335 1199 1245 -1
1203: -1
1204: -1
1205: 53 477 694 738 744 1018 1126 1234 1342 1547 2104 2265 -1
1206: 53 694 1342 -1
1207: -1
1208: -1
1209: -1
1210: -1
1211: -1
1212: -1
1213: -1
1214: 2993 -1
1215: 270 -1
1216: -1
1217: -1
1218: -1
1219: -1
1220: -1
1221: -1
1222: -1
1223: -1
1224: -1
1225: -1
1226: 1774 -1
1227: -1
1228: -1
1229: -1
1230: 1046 -1
1231: -1
1232: -1
1233: -1
1234: -1
1235: 2380 -1
1236: -1
1237: -1
1238: -1
1239: -1
1240: -1
1241: -1
1242: -1
1243: 380 1191 1460 -1
1244: -1
1245: 685 1397 -1
1246: -1
1247: -1
1248: -1
1249: -1
1250: -1
1251: -1
1252: 1256 -1
1253: -1
1254: -1
1255: -1
1256: -1
1257: -1
1258: -1
1259: -1
1260: -1
1261: -1
1262: -1
1263: -1
1264: -1
1265: -1
1266: -1
1267: 190 384 -1
1268: -1
1269: -1
1270: 57 -1
1271: 57 379 -1
1272: 57 1143 -1
1273: 57 -1
1274: -1
1275: -1
1276: -1
1277: -1
1278: -1
1279: -1
1280: -1
1281: -1
1282: -1
1283: -1
1284: -1
1285: -1
1286: -1
1287: -1
1288: -1
1289: -1
1290: 1046 -1
1291: -1
1292: -1
1293: 248 1758 -1
1294: -1
1295: -1
1296: -1
1297: -1
1298: -1
1299: -1
1300: -1
1301: -1
1302: -1
1303: -1
1304: -1
1305: -1
1306: 330 -1
1307: -1
1308: -1
1309: 135 201 203 220 256 335 384 456 491 492 508 531 571 578 655 657 721 795 851 859 939 1014 1160 1169 1245 1334 1339 1370 1376 1378 1379 1382 1565 1566 1567 1568 1573 1577 1579 1580 1588 1589 1590 1658 1822 1823 1863 1995 2047 2139 2154 2305 2413 2497 2590 2810 -1
1310: -1
1311: -1
1312: -1
1313: -1
1314: -1
1315: -1
1316: -1
1317: -1
1318: -1
1319: -1
1320: -1
1321: -1
1322: -1
1323: -1
1324: -1
1325: -1
1326: -1
1327: -1
1328: -1
1329: -1
1330: -1
1331: -1
1332: -1
1333: -1
1334: -1
1335: -1
1336: -1
1337: -1
1338: -1
1339: -1
1340: -1
1341: 61 1345 -1
1342: -1
1343: -1
1344: -1
1345: -1
1346: -1
1347: -1
1348: 172 1033 1046 -1
1349: -1
1350: -1
1351: -1
1352: -1
1353: -1
1354: -1
1355: -1
1356: -1
1357: -1
1358: 1368 -1
1359: -1
1360: -1
1361: -1
1362: -1
1363: -1
1364: -1
1365: -1
1366: -1
1367: -1
1368: -1
1369: -1
1370: -1
1371: -1
1372: -1
1373: -1
1374: -1
1375: -1
1376: -1
1377: -1
1378: -1
1379: -1
1380: -1
1381: -1
1382: -1
1383: -1
1384: -1
1385: -1
1386: -1
1387: -1
1388: -1
1389: -1
1390: -1
1391: 326 862 1115 -1
1392: -1
1393: -1
1394: -1
1395: -1
1396: -1
1397: -1
1398: -1
1399: -1
1400: -1
1401: -1
1402: -1
1403: -1
1404: -1
1405: -1
1406: -1
1407: -1
1408: -1
1409: -1
1410: -1
1411: -1
1412: -1
1413: -1
1414: -1
1415: -1
1416: -1
1417: -1
1418: -1
1419: 1432 1451 1457 -1
1420: 1432 1451 1457 -1
1421: 1432 1451 1457 -1
1422: 1432 1451 1457 -1
1423: 1432 1451 1457 -1
1424: 1432 1451 1457 -1
1425: 1457 -1
1426: 1432 1451 1457 -1
1427: 1432 1451 1457 -1
1428: 67 1419 1420 1421 1422 1423 1424 1425 1426 1427 1429 1430 1432 1433 1434 1435 1436 1438 1439 1440 1441 1442 1443 1444 1445 1446 1448 1449 1450 1451 1454 1455 1457 -1
1429: 1432 1451 1457 -1
1430: 1432 1451 1457 -1
1431: 67 1419 1420 1421 1422 1423 1424 1425 1426 1427 1429 1430 1432 1433 1434 1435 1436 1438 1439 1440 1441 1442 1443 1444 1445 1446 1447 1448 1449 1450 1451 1453 1454 1455 1457 -1
1432: 1421 1422 -1
1433: -1
1434: 1451 -1
1435: -1
1436: -1
1437: -1
1438: -1
1439: -1
1440: -1
1441: 713 -1
1442: -1
1443: -1
1444: -1
1445: 1451 -1
1446: 1451 -1
1447: -1
1448: -1
1449: -1
1450: -1
1451: 1422 -1
1452: 1456 -1
1453: 1456 -1
1454: -1
1455: -1
1456: -1
1457: -1
1458: 340 470 571 1020 -1
1459: 69 -1
1460: -1
1461: -1
1462: -1
1463: -1
1464: -1
1465: -1
1466: 70 -1
1467: 70 325 389 811 1309 1310 1358 1445 1452 1542 -1
1468: -1
1469: 71 -1
1470: 71 -1
1471: 71 -1
1472: 71 -1
1473: 71 -1
1474: 71 -1
1475: 71 -1
1476: 71 -1
1477: 71 -1
1478: 71 -1
1479: 71 -1
1480: 1483 -1
1481: 213 335 794 1194 1245 1479 1482 -1
1482: -1
1483: -1
1484: 2025 -1
1485: 812 1160 1169 1368 1980 -1
1486: -1
1487: -1
1488: 811 826 1281 1844 -1
1489: -1
1490: -1
1491: -1
1492: -1
1493: -1
1494: -1
1495: -1
1496: -1
1497: -1
1498: -1
1499: -1
1500: -1
1501: -1
1502: -1
1503: -1
1504: -1
1505: -1
1506: -1
1507: -1
1508: -1
1509: -1
1510: -1
1511: -1
1512: -1
1513: -1
1514: -1
1515: -1
1516: -1
1517: -1
1518: -1
1519: -1
1520: -1
1521: -1
1522: 73 335 492 620 632 663 664 665 679 692 693 706 1115 1201 1389 1405 1408 1409 1410 1411 1412 1414 1415 1416 1417 1418 1554 1556 1557 1561 1562 1849 2576 -1
1523: 73 -1
1524: 73 -1
1525: 73 -1
1526: 73 173 189 195 315 340 533 598 608 622 1768 -1
1527: 73 1245 -1
1528: 73 -1
1529: 73 -1
1530: 73 -1
1531: 73 326 912 1005 1839 1849 1881 2131 -1
1532: 73 182 202 203 207 237 256 289 290 326 330 335 375 387 414 418 447 488 501 502 515 575 577 579 620 639 651 655 715 721 795 1035 1036 1038 1098 1103 1133 1160 1169 1211 1239 1245 1269 1281 1343 1345 1347 1379 1382 1394 1461 1497 1573 1574 1636 1715 1770 1844 1891 1898 1901 2021 2027 2029 2045 2047 2056 2191 2192 2269 2285 2286 2294 2329 2341 2415 2421 2424 2428 2467 2504 2729 2804 2832 2961 -1
1533: 73 177 335 463 767 1245 1899 1901 2332 -1
1534: 73 1134 1849 -1
1535: 73 -1
1536: 73 479 1239 1245 1248 1576 1722 1891 1995 2000 -1
1537: 73 1245 -1
1538: 73 1245 -1
1539: 73 1245 -1
1540: 73 135 335 488 1245 1461 2363 -1
1541: 73 -1
1542: 73 177 335 1245 -1
1543: 73 1245 -1
1544: 73 706 863 1137 1191 2131 2716 2903 -1
1545: 73 177 179 209 250 264 310 314 463 468 488 713 1032 1034 1201 1207 1245 1397 1852 1901 -1
1546: 73 145 256 278 379 380 488 533 712 798 1128 1191 1848 1990 1994 2047 2426 2808 2809 2961 -1
1547: 73 145 177 179 203 256 468 488 578 794 795 848 1091 1128 -1
1548: 73 -1
1549: 73 340 -1
1550: 73 178 340 384 439 450 453 632 633 681 1133 1267 1465 2047 2139 2799 2961 -1
1551: 73 1731 -1
1552: 73 488 -1
1553: 73 1245 2115 -1
1554: -1
1555: -1
1556: -1
1557: -1
1558: 1555 -1
1559: -1
1560: -1
1561: -1
1562: 1374 -1
1563: 2816 -1
1564: -1
1565: -1
1566: -1
1567: -1
1568: -1
1569: -1
1570: -1
1571: -1
1572: -1
1573: -1
1574: -1
1575: -1
1576: -1
1577: -1
1578: -1
1579: -1
1580: -1
1581: -1
1582: -1
1583: -1
1584: -1
1585: 1901 -1
1586: -1
1587: -1
1588: -1
1589: -1
1590: -1
1591: -1
1592: -1
1593: -1
1594: -1
1595: -1
1596: 78 374 1406 1407 1792 2047 2055 2131 2221 2223 2502 -1
1597: 78 -1
1598: 1600 1778 -1
1599: 214 -1
1600: 78 118 1598 1609 1777 -1
1601: 1600 -1
1602: 78 118 1598 1609 1777 -1
1603: -1
1604: -1
1605: -1
1606: -1
1607: -1
1608: -1
1609: 289 2448 -1
1610: -1
1611: -1
1612: -1
1613: -1
1614: -1
1615: -1
1616: -1
1617: -1
1618: -1
1619: -1
1620: -1
1621: -1
1622: -1
1623: -1
1624: -1
1625: -1
1626: -1
1627: -1
1628: -1
1629: -1
1630: -1
1631: -1
1632: -1
1633: 80 -1
1634: 80 -1
1635: 80 -1
1636: -1
1637: -1
1638: 81 895 904 927 935 937 938 939 958 961 965 986 998 1008 1011 1012 1014 -1
1639: 81 904 -1
1640: 81 904 937 -1
1641: 81 429 904 941 958 -1
1642: 81 198 243 273 304 418 433 573 657 759 818 819 893 904 932 935 951 952 955 956 958 963 964 965 966 967 974 977 978 982 1002 1003 1011 1015 1046 1095 1141 1323 1325 1503 1617 1618 1631 1976 2327 2366 2586 2673 2808 2990 3068 -1
1643: 81 198 202 214 229 375 384 510 611 707 809 893 904 933 935 951 952 955 956 958 963 964 965 966 967 974 977 978 982 1002 1003 1011 1015 1216 1324 1380 1503 1572 1618 1631 1715 1722 1758 1976 2027 2054 2288 2366 2418 2440 2504 2673 2723 2808 2852 2857 2865 2990 2993 3074 -1
1644: 81 893 904 932 933 937 951 952 955 956 958 963 964 965 966 967 974 977 978 980 982 1002 1003 1015 -1
1645: 81 904 916 -1
1646: 81 904 -1
1647: 81 904 927 1012 -1
1648: 81 904 -1
1649: 81 904 -1
1650: 81 904 913 990 -1
1651: 81 360 893 904 978 -1
1652: 81 904 916 931 937 -1
1653: -1
1654: 82 1505 2892 2959 -1
1655: -1
1656: -1
1657: -1
1658: 1763 -1
1659: -1
1660: 727 -1
1661: 83 1245 1676 -1
1662: -1
1663: -1
1664: -1
1665: -1
1666: -1
1667: -1
1668: -1
1669: -1
1670: -1
1671: 1046 -1
1672: 2380 -1
1673: -1
1674: 862 -1
1675: -1
1676: -1
1677: -1
1678: -1
1679: 84 1685 1709 -1
1680: 84 280 281 288 637 1117 1664 1665 1686 1696 1697 1706 1707 1708 1709 1710 1711 1712 1713 1714 1716 1834 1835 1836 1837 1993 1994 2417 2426 -1
1681: 84 1706 1707 1708 1710 1712 1713 1714 1716 -1
1682: 84 1706 1707 1708 1710 1712 1713 1714 1716 -1
1683: 84 1706 1707 1708 1710 1712 1713 1714 1716 -1
1684: 84 1706 1707 1708 1710 1712 1713 1714 1716 -1
1685: 84 1706 1707 1708 1710 1712 1713 1714 1716 -1
1686: -1
1687: 84 1706 1707 1708 1710 1712 1713 1714 1716 -1
1688: 84 1706 1707 1708 1710 1712 1713 1714 1716 -1
1689: 84 1706 1707 1708 1710 1712 1713 1714 1716 -1
1690: 84 1706 1707 1708 1710 1712 1713 1714 1716 -1
1691: 84 1706 1707 1708 1710 1712 1713 1714 1716 -1
1692: 84 1706 1707 1708 1710 1712 1713 1714 1716 -1
1693: 84 1706 1707 1708 1710 1712 1713 1714 1716 -1
1694: 84 1706 1707 1708 1710 1712 1713 1714 1716 -1
1695: 84 1706 1707 1708 1710 1712 1713 1714 1716 -1
1696: -1
1697: 202 278 290 324 394 414 576 655 657 698 812 1245 1728 1758 2016 2285 2286 2421 -1
1698: 156 195 256 278 294 314 315 438 447 1035 1245 1403 1582 1658 1848 1894 2285 2286 2398 2406 2431 2887 -1
1699: 102 374 505 655 1570 1694 1758 -1
1700: 195 246 315 414 422 1038 1694 2047 -1
1701: 155 278 375 437 637 651 1098 1103 1658 1694 1763 1894 2288 2438 2442 2809 -1
1702: 374 1694 -1
1703: 657 1694 1782 2027 2047 2859 -1
1704: 282 374 1378 1694 2223 2421 -1
1705: 374 1694 1763 -1
1706: -1
1707: -1
1708: 1717 -1
1709: -1
1710: -1
1711: -1
1712: -1
1713: -1
1714: -1
1715: -1
1716: -1
1717: -1
1718: 85 516 1720 1721 1724 1725 1726 -1
1719: 85 -1
1720: -1
1721: -1
1722: -1
1723: 516 -1
1724: -1
1725: -1
1726: -1
1727: 862 -1
1728: -1
1729: -1
1730: -1
1731: -1
1732: 488 578 -1
1733: 578 1033 1222 -1
1734: 330 -1
1735: -1
1736: 87 845 866 1985 -1
1737: 87 -1
1738: 87 532 660 1229 1631 1739 -1
1739: -1
1740: 88 329 337 -1
1741: 88 329 330 337 340 1194 1245 1563 1731 3149 -1
1742: 88 329 -1
1743: 88 329 337 -1
1744: 88 329 337 -1
1745: 88 329 -1
1746: -1
1747: -1
1748: -1
1749: 571 -1
1750: -1
1751: -1
1752: -1
1753: 1245 -1
1754: 330 -1
1755: 175 -1
1756: -1
1757: -1
1758: 374 -1
1759: -1
1760: -1
1761: 1245 -1
1762: 488 1245 -1
1763: -1
1764: -1
1765: 1766 -1
1766: 89 1764 -1
1767: -1
1768: -1
1769: -1
1770: -1
1771: -1
1772: -1
1773: -1
1774: -1
1775: -1
1776: -1
1777: 197 488 1778 1781 1786 -1
1778: 450 -1
1779: 189 257 591 609 626 1143 1282 1305 -1
1780: -1
1781: -1
1782: -1
1783: -1
1784: -1
1785: 256 369 379 497 706 712 715 721 1131 1191 1345 1461 1559 2045 2047 2122 2288 2299 2301 2303 2308 2497 2586 2858 -1
1786: -1
1787: 91 107 333 1790 1795 1796 1797 1798 1799 1803 1805 1806 1809 1810 1811 1816 1817 2065 2066 -1
1788: 91 -1
1789: -1
1790: -1
1791: -1
1792: 182 2862 2868 -1
1793: -1
1794: -1
1795: -1
1796: 456 -1
1797: -1
1798: -1
1799: -1
1800: -1
1801: -1
1802: -1
1803: 336 -1
1804: -1
1805: -1
1806: -1
1807: 1786 -1
1808: -1
1809: -1
1810: -1
1811: -1
1812: -1
1813: -1
1814: -1
1815: 327 338 345 -1
1816: -1
1817: -1
1818: 1773 -1
1819: -1
1820: -1
1821: -1
1822: -1
1823: -1
1824: -1
1825: -1
1826: -1
1827: -1
1828: 1245 -1
1829: 93 202 2792 -1
1830: 93 186 378 611 2792 -1
1831: 93 2792 -1
1832: 93 2792 -1
1833: 93 237 325 355 360 369 655 1894 2716 2792 -1
1834: 698 1990 1993 1994 -1
1835: -1
1836: -1
1837: -1
1838: 1680 1681 1682 1683 1684 1685 1687 1688 1689 1690 1691 1692 1693 1694 1695 -1
1839: -1
1840: -1
1841: -1
1842: 812 -1
1843: -1
1844: -1
1845: -1
1846: -1
1847: -1
1848: -1
1849: -1
1850: -1
1851: -1
1852: -1
1853: -1
1854: -1
1855: -1
1856: -1
1857: 1858 1867 -1
1858: 96 133 -1
1859: 96 133 1618 -1
1860: -1
1861: -1
1862: -1
1863: -1
1864: -1
1865: -1
1866: -1
1867: -1
1868: 97 722 -1
1869: 97 1881 1882 1889 -1
1870: 97 -1
1871: 97 -1
1872: 97 189 706 1059 -1
1873: 97 -1
1874: 97 -1
1875: 97 -1
1876: 97 -1
1877: 97 721 1334 -1
1878: 97 -1
1879: 97 620 667 714 716 721 1124 1884 -1
1880: 97 -1
1881: -1
1882: -1
1883: -1
1884: -1
1885: -1
1886: -1
1887: -1
1888: -1
1889: -1
1890: -1
1891: -1
1892: -1
1893: -1
1894: -1
1895: 394 1044 -1
1896: -1
1897: -1
1898: 202 -1
1899: -1
1900: -1
1901: -1
1902: 102 -1
1903: 102 866 -1
1904: 102 -1
1905: 102 -1
1906: 102 -1
1907: 102 -1
1908: 102 -1
1909: 102 -1
1910: 102 -1
1911: 102 1104 -1
1912: 102 145 816 1134 1849 1854 2074 -1
1913: 102 1160 1169 -1
1914: 102 758 764 -1
1915: 102 1313 1333 1338 -1
1916: 102 -1
1917: 102 866 -1
1918: 102 148 179 323 334 713 1113 2047 2744 2746 -1
1919: 102 -1
1920: 102 326 335 1839 1849 1901 -1
1921: 102 -1
1922: 102 256 289 445 447 456 862 1132 1194 1213 1245 1594 1747 1781 1792 1901 2045 2047 2055 2114 2332 2423 2431 2887 2961 -1
1923: 102 497 655 1131 1574 1891 2726 2831 -1
1924: 102 -1
1925: 102 -1
1926: 102 -1
1927: 102 2467 -1
1928: 102 208 360 501 813 912 1005 1849 -1
1929: 102 -1
1930: 102 -1
1931: 102 2047 -1
1932: 102 278 290 1191 -1
1933: 102 655 1379 1382 1849 1995 2305 -1
1934: 102 -1
1935: 102 667 684 1178 1636 -1
1936: 102 145 326 456 -1
1937: 102 1352 -1
1938: 102 -1
1939: 102 651 1160 1178 1183 1345 2047 -1
1940: 102 -1
1941: 102 -1
1942: 102 220 805 -1
1943: 102 145 669 779 -1
1944: 102 -1
1945: 102 -1
1946: 102 -1
1947: 102 149 174 285 289 296 326 369 387 571 581 655 706 715 721 816 863 1059 1182 1191 1220 1239 1245 1261 1334 1340 1378 1379 1382 1393 1563 1636 1772 1785 1891 1901 1995 2021 2047 2058 2294 2402 2473 2716 2721 2858 3015 -1
1948: 102 1245 -1
1949: 102 290 369 655 822 1059 1368 1511 1845 1995 2289 2669 2716 -1
1950: 102 -1
1951: 102 2423 -1
1952: 102 -1
1953: 102 -1
1954: 102 -1
1955: 102 866 3054 -1
1956: 102 -1
1957: 102 1782 -1
1958: 102 -1
1959: 102 -1
1960: 102 -1
1961: 102 335 533 798 2047 2993 -1
1962: 102 270 620 720 862 1131 1581 2575 2716 2907 2965 -1
1963: 102 145 249 256 278 340 798 825 1035 1036 1312 1563 1595 1843 1849 1993 1994 2016 2047 2284 2291 2426 2860 2869 -1
1964: 102 -1
1965: 102 202 294 620 1178 1183 1587 2288 2413 2588 2716 -1
1966: 102 -1
1967: 102 -1
1968: 102 135 145 174 175 180 200 203 213 250 256 270 273 285 295 311 317 327 333 334 335 338 342 345 365 379 387 458 459 468 493 505 508 571 651 655 683 691 707 712 726 758 764 777 812 826 1033 1034 1042 1053 1055 1057 1128 1131 1133 1134 1135 1175 1191 1239 1245 1307 1326 1339 1340 1352 1353 1365 1368 1370 1376 1379 1380 1382 1385 1386 1390 1403 1465 1563 1570 1617 1621 1622 1654 1722 1792 1845 1849 1853 1901 1995 2008 2045 2047 2096 2115 2154 2221 2223 2299 2301 2303 2306 2328 2363 2495 2515 2574 2576 2590 2592 2606 2669 2713 2716 2801 2810 2820 2961 -1
1969: 102 431 -1
1970: 102 -1
1971: 102 1978 -1
1972: 102 -1
1973: 102 798 866 1262 1848 2047 -1
1974: 102 342 657 1758 2423 -1
1975: 102 1378 -1
1976: -1
1977: -1
1978: -1
1979: -1
1980: -1
1981: 1245 1403 -1
1982: 706 -1
1983: -1
1984: -1
1985: -1
1986: -1
1987: -1
1988: 571 -1
1989: 103 -1
1990: -1
1991: 1992 -1
1992: 278 -1
1993: -1
1994: 294 1103 -1
1995: 378 1138 2674 -1
1996: -1
1997: -1
1998: -1
1999: -1
2000: -1
2001: -1
2002: -1
2003: -1
2004: -1
2005: -1
2006: -1
2007: -1
2008: -1
2009: -1
2010: -1
2011: -1
2012: -1
2013: -1
2014: -1
2015: -1
2016: -1
2017: -1
2018: -1
2019: 202 -1
2020: -1
2021: -1
2022: -1
2023: -1
2024: -1
2025: -1
2026: -1
2027: 270 1768 2953 -1
2028: -1
2029: -1
2030: -1
2031: -1
2032: -1
2033: -1
2034: -1
2035: -1
2036: 135 324 378 384 387 501 812 826 1260 1565 1566 1567 1568 1579 1580 1588 1589 1590 1696 1711 1834 1835 1836 1837 1845 -1
2037: -1
2038: -1
2039: -1
2040: -1
2041: -1
2042: -1
2043: -1
2044: -1
2045: -1
2046: -1
2047: 322 380 1040 1191 2504 2869 -1
2048: -1
2049: -1
2050: 854 -1
2051: -1
2052: -1
2053: 206 -1
2054: -1
2055: 627 828 2418 2989 2990 -1
2056: -1
2057: -1
2058: -1
2059: -1
2060: -1
2061: 107 1789 1790 1796 -1
2062: 107 1790 1804 -1
2063: 107 1817 -1
2064: 107 1791 1799 1808 -1
2065: -1
2066: -1
2067: 2068 -1
2068: -1
2069: -1
2070: 108 -1
2071: 108 -1
2072: 108 363 627 2418 -1
2073: -1
2074: -1
2075: -1
2076: 202 256 299 363 374 657 751 813 825 905 942 950 992 1033 1035 1046 1053 1345 1495 1498 1722 1774 2081 2504 -1
2077: 2081 -1
2078: 202 1610 2081 -1
2079: 2081 -1
2080: 2081 -1
2081: 109 111 1829 2077 2078 2080 2091 2092 2093 2098 2099 2110 2252 3055 3057 -1
2082: 2081 -1
2083: 2081 -1
2084: -1
2085: -1
2086: -1
2087: -1
2088: -1
2089: -1
2090: -1
2091: 144 202 324 378 715 1617 1715 2029 -1
2092: -1
2093: -1
2094: -1
2095: -1
2096: -1
2097: 706 -1
2098: 202 627 -1
2099: 2476 -1
2100: -1
2101: -1
2102: -1
2103: 194 273 375 707 750 1018 1133 1352 1378 1758 1976 2000 2574 2674 -1
2104: -1
2105: 112 122 -1
2106: 112 -1
2107: 112 122 331 2112 -1
2108: 112 122 2112 -1
2109: 112 122 2112 -1
2110: -1
2111: 190 -1
2112: -1
2113: 113 483 489 502 627 1129 1308 1326 2047 2058 2120 2305 2400 2407 2408 2814 -1
2114: 630 1758 -1
2115: -1
2116: -1
2117: 456 -1
2118: 116 2902 -1
2119: -1
2120: 2989 -1
2121: 1861 -1
2122: -1
2123: -1
2124: 117 1930 2130 -1
2125: 117 168 270 379 449 493 620 668 684 1282 1305 1384 1768 1782 1986 2401 -1
2126: 117 173 174 194 205 206 289 374 433 510 581 687 758 764 809 818 1020 1036 1216 1235 1267 1324 1331 1758 1769 1770 1774 1776 1777 1778 1780 1781 1783 1786 1896 1978 2058 2442 -1
2127: 117 1331 1825 -1
2128: 117 -1
2129: 117 375 1323 1503 2781 -1
2130: -1
2131: -1
2132: 186 463 620 813 842 1024 1131 1133 1135 1352 1354 1379 1381 1382 1385 1386 1853 2115 2299 2301 2303 2369 2575 2576 2578 2592 2674 2728 -1
2133: 118 155 165 256 279 502 566 567 568 569 570 651 1191 1267 1863 2047 2386 2852 2854 2855 2856 2857 2858 2859 2860 2861 2862 2863 2864 2865 2866 2867 2868 2869 3137 3138 3140 3141 3142 3143 3144 3145 3146 3147 -1
2134: 118 -1
2135: 270 280 281 285 326 349 351 374 378 387 402 447 448 456 497 509 511 514 578 620 651 655 687 706 718 818 1044 1137 1160 1169 1191 1199 1211 1217 1245 1248 1326 1345 1374 1376 1378 1379 1390 1582 1610 1613 1636 1774 1792 1891 2047 2055 2072 2074 2075 2308 2390 2391 2398 2424 2586 2589 2716 2729 2814 2816 2833 2860 2917 2961 3074 -1
2136: -1
2137: 2139 -1
2138: -1
2139: -1
2140: 1131 -1
2141: 1253 2142 -1
2142: 119 1053 1340 2144 -1
2143: 2047 -1
2144: -1
2145: 120 -1
2146: 120 -1
2147: 120 2150 2151 2627 -1
2148: 120 2150 2151 2627 2829 -1
2149: 120 2150 2151 2627 -1
2150: -1
2151: -1
2152: 478 -1
2153: 135 326 360 418 816 842 1092 1094 1353 -1
2154: -1
2155: 121 2159 2162 2163 2164 2165 2166 2167 2168 2169 2173 2174 2175 -1
2156: 121 2165 2166 2167 2168 2169 2173 -1
2157: 121 2166 2167 2168 2169 2173 -1
2158: 121 2166 -1
2159: -1
2160: 121 380 1900 2486 -1
2161: 121 -1
2162: -1
2163: -1
2164: -1
2165: -1
2166: -1
2167: -1
2168: -1
2169: -1
2170: -1
2171: 489 1722 2159 2162 2163 2164 2165 2174 2175 -1
2172: -1
2173: -1
2174: -1
2175: -1
2176: 122 -1
2177: 122 -1
2178: 2577 -1
2179: 285 1092 1094 1379 1658 1848 2577 2584 -1
2180: -1
2181: -1
2182: -1
2183: -1
2184: -1
2185: 123 202 712 798 842 1103 1658 1848 1853 2055 2180 2181 2182 2183 2184 2186 2187 2188 2439 -1
2186: -1
2187: -1
2188: -1
2189: 124 1334 -1
2190: -1
2191: -1
2192: 2191 -1
2193: 379 491 492 497 506 721 722 1334 1891 2131 2190 2191 2192 -1
2194: 125 1144 2197 2198 2199 2200 2201 2205 2206 2207 2208 2209 2210 2211 2214 2215 2216 2217 2218 2219 2227 2228 2229 2230 2231 2233 2234 2235 2236 2237 2238 -1
2195: 125 1144 2197 2198 2199 2200 2201 2205 2206 2207 2208 2209 2210 2211 2214 2215 2216 2217 2218 2219 2227 2228 2229 2230 2231 2233 2234 2235 2236 2237 2238 -1
2196: 125 1144 2197 2198 2199 2200 2201 2205 2206 2207 2208 2209 2210 2211 2214 2215 2216 2217 2218 2219 2227 2228 2229 2230 2231 2233 2234 2235 2236 2237 2238 -1
2197: -1
2198: -1
2199: -1
2200: -1
2201: -1
2202: -1
2203: -1
2204: -1
2205: -1
2206: -1
2207: -1
2208: -1
2209: -1
2210: -1
2211: -1
2212: -1
2213: -1
2214: -1
2215: -1
2216: -1
2217: -1
2218: -1
2219: -1
2220: -1
2221: -1
2222: -1
2223: -1
2224: -1
2225: -1
2226: -1
2227: -1
2228: -1
2229: -1
2230: -1
2231: -1
2232: -1
2233: -1
2234: -1
2235: -1
2236: -1
2237: -1
2238: -1
2239: -1
2240: -1
2241: -1
2242: 126 -1
2243: 126 -1
2244: 127 2246 2247 2248 2249 2250 2251 2253 2254 2255 2256 2257 2258 -1
2245: 127 979 1281 1581 2251 2716 -1
2246: -1
2247: -1
2248: -1
2249: -1
2250: -1
2251: -1
2252: -1
2253: -1
2254: -1
2255: -1
2256: -1
2257: -1
2258: -1
2259: 2090 -1
2260: 128 1131 1142 1758 2404 -1
2261: 128 202 256 270 449 450 620 633 1128 1129 1131 1142 2055 2404 2873 2874 2958 2990 -1
2262: 128 149 198 229 240 280 281 289 299 304 330 369 378 447 463 470 472 492 497 505 633 682 842 851 893 900 978 1006 1036 1046 1095 1160 1169 1194 1201 1213 1217 1245 1252 1261 1267 1269 1281 1329 1339 1350 1376 1378 1497 1573 1612 1747 1782 1839 1843 1863 1891 2036 2047 2058 2074 2122 2135 2170 2332 2404 2435 2473 2716 -1
2263: 128 256 620 1024 1035 2055 2313 2404 2801 -1
2264: 128 189 256 270 335 590 620 1021 1035 1131 1132 1133 1140 1142 1213 2055 2401 2404 2873 2958 -1
2265: 128 2404 -1
2266: 128 501 1265 1898 2404 -1
2267: 128 1898 2404 -1
2268: 128 1657 1898 2404 -1
2269: 128 2404 -1
2270: 128 501 1898 1901 2308 2404 -1
2271: 128 135 200 324 344 486 491 493 571 731 1060 1140 2396 2397 2398 2399 2400 2401 2402 2403 2404 2406 2407 2408 2409 -1
2272: 128 172 1267 1304 2055 2401 2404 -1
2273: -1
2274: 129 2273 2275 2276 2277 2278 2279 -1
2275: -1
2276: -1
2277: -1
2278: -1
2279: -1
2280: -1
2281: 130 468 1245 -1
2282: -1
2283: 131 -1
2284: -1
2285: -1
2286: -1
2287: 290 1098 1103 1990 1994 2424 -1
2288: -1
2289: -1
2290: 290 -1
2291: 2284 -1
2292: -1
2293: -1
2294: -1
2295: 134 2095 2097 -1
2296: -1
2297: 2094 -1
2298: -1
2299: -1
2300: -1
2301: 2299 -1
2302: -1
2303: -1
2304: -1
2305: -1
2306: 135 -1
2307: 135 144 318 378 388 573 861 1145 2368 2515 2583 3071 -1
2308: 135 916 -1
2309: 135 977 2332 -1
2310: 135 1046 1125 2280 2332 2390 2579 -1
2311: 135 813 1033 -1
2312: 135 188 290 360 463 812 826 853 1637 1995 2289 -1
2313: 135 144 501 1573 -1
2314: 135 290 384 2022 2993 -1
2315: 135 290 354 363 367 627 825 827 1621 1722 2022 2139 2887 -1
2316: 135 144 188 189 190 199 212 220 229 273 277 324 344 355 369 375 378 382 384 388 394 443 445 456 458 466 576 611 695 777 805 810 812 813 826 917 1046 1095 1125 1126 1133 1136 1137 1145 1347 1368 1370 1385 1390 1563 1573 1576 1581 1584 1621 1631 1894 1980 2014 2058 2154 2289 2308 2364 2366 2391 2515 2583 2594 2636 2672 3069 -1
2317: 135 335 360 378 379 456 465 622 678 794 834 854 1076 1091 1174 1355 1362 1551 1896 2573 2579 2584 2586 2593 2594 -1
2318: 135 -1
2319: 135 144 378 573 795 1033 1281 -1
2320: 135 -1
2321: 135 190 194 357 809 825 1095 1621 1630 2594 2961 -1
2322: 135 1055 1379 1382 -1
2323: 135 -1
2324: 135 947 2280 -1
2325: 135 144 -1
2326: 135 200 355 378 486 571 627 1188 1370 1564 2725 -1
2327: 135 -1
2328: 135 -1
2329: 135 168 177 237 340 355 374 379 458 590 620 731 861 862 918 981 1020 1032 1133 1465 2055 2058 2280 2304 2364 2482 2583 2961 -1
2330: 135 172 189 200 201 210 257 277 429 458 468 486 941 1000 1020 1053 1095 1235 1284 1285 1292 1293 1304 1311 -1
2331: 135 -1
2332: 135 -1
2333: 135 -1
2334: 135 207 314 360 394 673 795 1038 1039 1044 1245 -1
2335: 135 826 -1
2336: 135 325 463 812 825 826 1379 1382 1851 1995 2115 2131 2280 -1
2337: 135 447 -1
2338: 135 168 173 189 195 212 243 270 290 315 335 340 439 440 456 581 695 863 917 924 948 1013 1020 1123 1132 1137 1138 1371 1380 1768 1864 1866 2055 2313 2636 -1
2339: 135 213 335 632 706 863 1034 1370 -1
2340: 135 335 488 491 698 -1
2341: 135 290 340 2329 2482 -1
2342: 135 -1
2343: 135 378 795 826 897 2136 2306 2308 2671 -1
2344: 135 256 1035 1191 1995 2045 2047 -1
2345: 135 1901 2391 -1
2346: 135 1370 1898 -1
2347: 135 188 318 324 330 360 369 387 443 488 571 655 794 811 813 1380 1995 2047 -1
2348: 135 175 256 340 673 713 794 1032 1043 1191 1245 1610 1773 2047 2204 2398 2406 2422 2961 -1
2349: 135 182 324 327 338 345 720 798 851 1053 1155 1159 1161 1171 1324 1358 1366 1374 1379 1382 2072 2073 2075 2136 2587 2590 2887 -1
2350: 135 -1
2351: 135 -1
2352: 135 1380 -1
2353: 135 290 447 655 1046 -1
2354: 135 240 273 304 305 306 307 312 320 339 354 355 367 378 387 439 443 447 449 453 462 466 573 784 803 812 826 829 830 859 1146 1385 1465 1616 1626 1632 2306 2391 2669 2674 3060 3062 3074 -1
2355: 135 447 505 620 706 1352 1995 2718 2721 2722 -1
2356: 135 -1
2357: 135 189 273 622 651 1018 1046 1370 1581 1617 1995 2574 2584 2594 2887 2961 -1
2358: 135 295 326 1379 -1
2359: 135 -1
2360: 135 145 188 189 256 278 318 324 369 382 383 384 387 392 414 429 437 447 463 667 695 709 796 812 936 941 1059 1191 1215 1346 1353 1368 1390 1461 1552 1570 1581 1587 1663 1841 1894 2014 2334 2342 2415 2428 3070 -1
2361: 135 -1
2362: 135 -1
2363: 135 1041 1046 -1
2364: 135 -1
2365: 135 -1
2366: 135 -1
2367: 135 273 1137 2368 -1
2368: 135 -1
2369: 135 -1
2370: 135 813 -1
2371: 135 324 378 384 1133 1573 2308 -1
2372: 135 -1
2373: 135 -1
2374: 135 1465 2280 2332 -1
2375: 135 723 728 2190 -1
2376: 135 144 189 212 378 610 620 720 813 913 917 986 990 1125 1145 1281 1385 2096 2302 2304 2328 2364 2366 2583 2589 -1
2377: 135 1053 -1
2378: 135 144 229 324 355 369 463 501 795 826 861 916 922 943 976 994 1281 1370 1376 1385 2032 2306 -1
2379: 135 144 195 315 374 394 427 447 501 576 812 826 1033 1046 1461 1758 -1
2380: 135 195 315 316 466 673 796 1245 1370 -1
2381: 135 188 324 513 720 1033 1573 1621 2031 -1
2382: 135 195 220 273 285 315 380 501 505 577 691 720 790 805 859 938 1008 1058 1125 1135 1145 1191 1215 1323 1368 1380 1390 1460 1465 1570 1572 1573 1587 1845 1853 2288 2306 2636 2716 -1
2383: 135 1053 2497 -1
2384: 135 1352 -1
2385: 135 795 -1
2386: 135 -1
2387: 135 2119 -1
2388: 135 324 369 715 812 1055 1245 1348 1358 1393 1570 1581 1658 1768 1845 2716 -1
2389: 144 290 655 -1
2390: -1
2391: -1
2392: 136 657 1053 1340 1345 1381 1492 1497 1622 2271 2810 3057 3061 -1
2393: 136 2271 -1
2394: -1
2395: -1
2396: -1
2397: -1
2398: -1
2399: 862 -1
2400: -1
2401: -1
2402: 1925 -1
2403: -1
2404: -1
2405: 330 571 -1
2406: -1
2407: -1
2408: -1
2409: -1
2410: -1
2411: 138 -1
2412: 138 275 287 798 1284 1496 1894 2413 2427 2429 2431 2448 -1
2413: -1
2414: -1
2415: -1
2416: 2415 2428 -1
2417: -1
2418: -1
2419: -1
2420: -1
2421: -1
2422: -1
2423: -1
2424: -1
2425: -1
2426: 1715 -1
2427: -1
2428: -1
2429: -1
2430: 278 280 281 -1
2431: -1
2432: -1
2433: -1
2434: -1
2435: 2421 -1
2436: -1
2437: 2415 2416 2428 -1
2438: -1
2439: -1
2440: -1
2441: 2397 2398 -1
2442: 280 281 2423 -1
2443: -1
2444: -1
2445: -1
2446: -1
2447: -1
2448: -1
2449: 139 -1
2450: -1
2451: 139 182 202 322 325 341 374 1191 1312 1460 1772 2423 2431 2450 2500 2811 -1
2452: 139 384 1403 2431 2450 2477 2480 2481 2492 2493 2500 2501 2502 2507 -1
2453: 139 1191 1460 2450 2500 2501 2502 -1
2454: 139 375 531 657 1618 1631 2834 -1
2455: 139 1618 1976 2860 -1
2456: 139 758 764 1609 1792 2222 2868 -1
2457: 139 182 194 256 289 510 611 751 1124 1128 1191 1323 1326 1331 1360 1786 1793 2045 2120 2814 2857 -1
2458: 139 380 510 822 1191 1326 1792 1802 2047 2852 2860 2865 -1
2459: 139 380 2486 -1
2460: 139 -1
2461: 139 190 202 577 809 818 831 893 927 978 1012 1216 1325 1374 1503 1616 1618 1631 1820 1845 1976 2000 2027 2050 2054 2055 2673 3074 -1
2462: 139 2453 -1
2463: 139 -1
2464: 139 -1
2465: 139 -1
2466: 139 -1
2467: 139 1245 -1
2468: 139 -1
2469: 139 -1
2470: 139 -1
2471: 139 -1
2472: -1
2473: -1
2474: -1
2475: -1
2476: -1
2477: -1
2478: -1
2479: 2453 2467 -1
2480: -1
2481: -1
2482: 202 -1
2483: -1
2484: -1
2485: -1
2486: -1
2487: -1
2488: -1
2489: -1
2490: -1
2491: -1
2492: -1
2493: -1
2494: -1
2495: -1
2496: -1
2497: -1
2498: -1
2499: -1
2500: -1
2501: -1
2502: -1
2503: -1
2504: -1
2505: -1
2506: -1
2507: -1
2508: -1
2509: -1
2510: -1
2511: -1
2512: 140 2508 -1
2513: -1
2514: 2510 2511 -1
2515: 1041 1399 2332 -1
2516: -1
2517: -1
2518: -1
2519: -1
2520: -1
2521: -1
2522: -1
2523: 141 147 1379 2525 2526 2527 2528 2529 2530 2531 2532 2533 2534 2535 2536 2537 2538 2539 2540 2541 2544 2545 2546 2547 2548 2549 2550 2551 2553 2554 2555 2556 2557 2558 2559 2560 2563 2564 2565 2566 2567 2568 2569 2570 2571 2572 2732 2738 2739 -1
2524: -1
2525: -1
2526: -1
2527: -1
2528: -1
2529: -1
2530: -1
2531: -1
2532: -1
2533: -1
2534: -1
2535: -1
2536: -1
2537: -1
2538: -1
2539: -1
2540: -1
2541: -1
2542: -1
2543: -1
2544: -1
2545: -1
2546: -1
2547: -1
2548: -1
2549: -1
2550: -1
2551: -1
2552: -1
2553: -1
2554: -1
2555: -1
2556: -1
2557: -1
2558: -1
2559: -1
2560: -1
2561: 2542 -1
2562: -1
2563: -1
2564: -1
2565: -1
2566: -1
2567: -1
2568: -1
2569: -1
2570: -1
2571: -1
2572: -1
2573: 142 2317 -1
2574: -1
2575: -1
2576: 2590 -1
2577: -1
2578: -1
2579: -1
2580: -1
2581: 604 616 617 623 1084 1086 1088 -1
2582: 604 616 617 623 1084 1086 -1
2583: 2590 -1
2584: -1
2585: -1
2586: -1
2587: -1
2588: -1
2589: -1
2590: -1
2591: 433 -1
2592: -1
2593: -1
2594: -1
2595: 2596 -1
2596: -1
2597: 143 -1
2598: -1
2599: -1
2600: -1
2601: 143 202 375 387 608 925 936 1001 1497 1758 2034 2598 2599 2602 2603 -1
2602: -1
2603: -1
2604: 144 212 917 2366 2589 -1
2605: 144 378 1281 1618 1995 2716 -1
2606: 144 655 -1
2607: 144 -1
2608: 144 213 456 -1
2609: 144 -1
2610: 144 1376 1461 -1
2611: 144 1461 2294 2497 2587 -1
2612: 144 655 -1
2613: 144 324 378 720 1395 1584 2031 2716 -1
2614: 144 1995 2716 -1
2615: 144 -1
2616: 144 1514 -1
2617: 144 188 324 349 357 378 501 795 1347 1625 1717 2014 2016 2671 2672 2716 -1
2618: 144 2306 2590 -1
2619: 144 378 1618 -1
2620: 144 285 1260 1323 -1
2621: 144 2001 2391 2586 -1
2622: 144 -1
2623: 144 -1
2624: 144 212 375 917 1024 1145 1281 1390 -1
2625: 144 -1
2626: 144 1573 -1
2627: 144 -1
2628: 144 -1
2629: 144 -1
2630: 144 431 1281 1584 1995 2716 -1
2631: 144 181 501 1281 -1
2632: 144 173 375 505 712 892 910 938 991 1008 1191 2303 2308 -1
2633: 144 1281 1350 -1
2634: 144 -1
2635: 144 229 378 -1
2636: 144 -1
2637: 144 -1
2638: 144 -1
2639: 144 188 220 273 304 572 573 720 812 813 859 918 939 981 1014 1145 1267 1368 1370 1379 1382 1385 1563 1758 2010 2306 2328 2366 2391 2576 2583 2636 2672 2716 3062 -1
2640: 144 -1
2641: 144 819 -1
2642: 144 324 378 611 812 1586 2391 -1
2643: 144 463 1233 1281 1350 1390 1395 2332 2370 3044 -1
2644: 144 1145 -1
2645: 144 1281 -1
2646: 144 240 273 859 918 981 1145 1265 1619 2280 2288 2329 2482 2574 2716 -1
2647: 144 324 325 368 378 382 431 573 720 809 811 812 813 826 943 947 1024 1042 1137 1145 1267 1368 1385 1563 1595 2032 2328 2364 2366 2583 2590 2672 2808 -1
2648: 144 -1
2649: 144 273 1145 -1
2650: 144 -1
2651: 144 369 711 1281 1583 1845 2036 -1
2652: 144 2532 -1
2653: 144 655 -1
2654: 144 256 289 302 335 387 501 509 571 577 620 655 657 684 704 706 712 723 728 798 826 855 1036 1055 1133 1160 1169 1178 1183 1191 1239 1245 1253 1267 1281 1345 1374 1403 1574 1636 1735 1844 1865 1891 1898 1901 2045 2047 2072 2075 2172 2400 2478 2961 3148 -1
2655: 144 145 179 202 213 256 301 309 330 335 387 402 435 501 651 655 706 712 713 805 813 825 862 1091 1112 1160 1169 1191 1220 1239 1245 1371 1460 1569 1582 1618 1636 1637 1653 1768 1784 1898 1901 2045 2047 2204 2288 2299 2301 2303 2308 2390 2532 2806 2814 -1
2656: 144 318 360 369 378 711 813 839 1018 1245 1581 1625 2000 2029 2067 2068 2069 2887 -1
2657: 144 290 -1
2658: 144 433 456 488 571 655 685 812 1023 1034 1160 1169 1246 1363 1839 1976 2047 2074 2131 2497 2808 2814 2887 -1
2659: 144 174 275 278 287 418 651 655 1092 1094 1098 1103 1191 1658 1848 1990 1993 1994 2426 2716 -1
2660: 144 -1
2661: 144 655 1281 1841 1844 -1
2662: 144 655 -1
2663: 144 186 189 190 195 212 220 294 305 306 315 318 325 355 357 369 370 375 463 596 611 784 790 792 805 812 822 824 826 859 861 917 977 1034 1058 1059 1145 1146 1251 1267 1368 1380 1385 1465 1616 1626 2119 2154 2306 2366 2391 2583 2669 2672 2674 3046 3062 3073 3074 -1
2664: 144 -1
2665: 144 611 655 1125 1323 2308 -1
2666: 144 324 501 505 1281 1345 -1
2667: 144 501 2364 2376 -1
2668: 144 229 655 1980 -1
2669: 172 173 190 195 210 212 252 315 317 355 375 378 456 573 596 811 917 936 1024 1137 2308 2366 2583 2588 2613 2673 2674 -1
2670: -1
2671: -1
2672: -1
2673: -1
2674: -1
2675: 145 156 173 179 202 314 316 322 335 380 433 456 488 497 651 655 703 708 785 794 817 1034 1038 1091 1113 1115 1116 1131 1160 1169 1191 1239 1245 1792 1840 1845 1852 1901 1995 2047 2223 2332 2390 2716 2887 2961 -1
2676: 145 -1
2677: 145 1113 1114 -1
2678: 145 1113 1114 -1
2679: 145 179 213 248 256 355 488 497 585 655 657 784 825 866 1062 1113 1128 1191 1212 1239 1245 1250 1578 1653 2047 2222 2716 2806 -1
2680: 145 497 1113 1114 -1
2681: 145 179 256 322 380 433 466 488 497 571 655 657 673 684 706 822 1035 1036 1037 1113 1114 1116 1133 1160 1169 1191 1245 1256 1281 1636 1768 1792 1844 1852 1990 1994 2047 2119 2532 2586 2669 2716 2816 -1
2682: 145 -1
2683: 145 256 273 369 380 501 651 798 1033 1036 1059 1092 1094 1128 1191 1215 1227 1569 1610 1763 1772 1993 1994 2047 2058 2221 2415 2426 2428 2439 2809 2858 -1
2684: 145 179 289 456 472 655 822 855 1045 1191 1245 1563 1995 2532 2716 2887 2961 -1
2685: 145 172 177 182 256 330 785 1091 1128 1191 1460 1569 1792 1793 1802 2047 2204 2221 2222 2391 -1
2686: 145 209 335 673 794 1091 1852 2131 -1
2687: 145 330 655 2047 2506 -1
2688: 145 1043 2423 -1
2689: 145 326 335 575 710 1057 1311 -1
2690: 145 302 387 418 795 812 826 1102 1563 1573 1993 1994 2047 2101 2426 -1
2691: 145 202 506 1214 1326 1331 2440 -1
2692: 145 273 360 577 709 812 1059 1368 1570 1845 2047 2288 2804 -1
2693: 145 327 338 345 468 -1
2694: 145 149 180 246 294 386 456 713 1038 1117 1715 1990 1993 1994 2087 -1
2695: 145 -1
2696: 145 179 189 209 270 273 303 319 324 326 447 547 581 596 668 673 859 903 988 1018 1046 1054 1144 1146 1181 1352 1370 1378 1388 1397 1400 1465 1614 1620 1852 1909 1988 1995 1996 1997 1998 1999 2000 2002 2003 2004 2006 2007 2047 2327 2394 2467 2574 2670 2729 2961 3063 3071 -1
2697: 145 189 240 289 304 335 360 484 487 502 511 577 655 865 912 1005 1041 1057 1191 1220 1281 1307 1323 1395 1461 1505 1801 1823 1985 1995 1997 1998 2003 2004 2006 2008 2074 2398 2497 2587 2589 2716 2961 -1
2698: 145 189 324 335 447 463 685 687 844 1034 1057 1370 1378 1388 1409 1995 1998 2008 2961 -1
2699: 145 2074 -1
2700: 145 256 300 1128 1379 1382 3039 -1
2701: 145 314 326 330 673 706 786 798 816 1179 1194 1245 1361 1545 2047 2907 -1
2702: 145 256 699 798 1128 1194 1378 1849 2074 -1
2703: 145 1582 -1
2704: 145 472 703 705 706 708 848 851 1095 2047 2424 2990 -1
2705: 145 169 202 340 344 488 611 670 912 1005 1134 1846 1849 -1
2706: 145 181 195 295 314 315 317 340 379 912 1005 1134 1389 1555 1558 1839 1840 1846 1854 2074 2119 2305 3039 -1
2707: 145 179 314 805 1160 1169 1191 1211 1245 1350 1380 1658 2047 -1
2708: 145 179 1245 1852 -1
2709: 145 179 1239 -1
2710: 145 179 330 713 1239 1901 1980 -1
2711: 145 177 1245 1282 1305 -1
2712: 145 256 1059 1245 1403 2045 2467 -1
2713: -1
2714: -1
2715: -1
2716: -1
2717: -1
2718: 2716 -1
2719: 2716 -1
2720: -1
2721: -1
2722: -1
2723: -1
2724: -1
2725: -1
2726: -1
2727: -1
2728: -1
2729: -1
2730: -1
2731: -1
2732: 147 2532 2533 2551 2559 2560 -1
2733: 147 360 2669 -1
2734: -1
2735: -1
2736: -1
2737: -1
2738: -1
2739: -1
2740: -1
2741: 327 338 345 979 2669 -1
2742: -1
2743: 148 323 -1
2744: -1
2745: -1
2746: -1
2747: 149 318 1103 1191 1997 2415 2421 2423 2428 2887 -1
2748: 149 273 375 486 1018 1378 1997 1999 2000 2006 2590 2780 3074 -1
2749: 149 198 289 384 1326 1820 2000 2058 2418 2440 2590 2814 2990 -1
2750: 149 312 316 320 -1
2751: 149 449 -1
2752: 149 1378 2000 -1
2753: 149 577 627 1253 1325 -1
2754: 149 1141 -1
2755: 149 -1
2756: 149 198 202 240 333 384 450 453 473 611 627 630 633 721 831 1129 1133 1141 1326 1370 1374 1375 1658 1793 2203 2391 2515 2579 2814 2990 -1
2757: 149 510 798 831 842 851 1036 1326 1574 1820 1997 2120 2406 2439 2497 2577 2584 2643 2809 -1
2758: 149 622 633 854 1129 1191 1267 1326 1375 1403 1460 1820 2753 -1
2759: 149 528 2789 -1
2760: 149 -1
2761: 149 316 1659 2418 -1
2762: 149 198 202 1659 2055 2418 2487 2993 -1
2763: 149 -1
2764: 149 1731 1750 1751 1754 1760 -1
2765: 149 -1
2766: 149 1182 -1
2767: 149 1250 1378 2589 -1
2768: 149 273 295 374 685 809 2047 -1
2769: 149 822 2047 2543 -1
2770: 149 -1
2771: 149 -1
2772: 149 -1
2773: 149 433 611 1265 1572 -1
2774: 149 195 246 256 315 326 456 468 651 713 1239 1245 1863 1984 2045 2047 2052 2055 2058 2789 -1
2775: 149 -1
2776: 149 1901 -1
2777: 149 -1
2778: 149 -1
2779: 149 686 1245 2000 -1
2780: 149 -1
2781: 149 684 2783 -1
2782: 149 280 281 428 432 -1
2783: 149 676 684 2781 -1
2784: 149 -1
2785: 149 2781 -1
2786: 149 225 856 1216 1658 1841 2414 -1
2787: 149 1131 -1
2788: 149 -1
2789: -1
2790: -1
2791: 1104 1730 1863 2780 -1
2792: 150 -1
2793: 150 -1
2794: 150 -1
2795: 150 -1
2796: 150 285 330 360 369 1034 1461 -1
2797: -1
2798: -1
2799: -1
2800: -1
2801: -1
2802: -1
2803: -1
2804: -1
2805: -1
2806: -1
2807: -1
2808: -1
2809: 2047 -1
2810: -1
2811: -1
2812: -1
2813: -1
2814: 2447 -1
2815: -1
2816: -1
2817: 152 -1
2818: -1
2819: -1
2820: -1
2821: 301 1055 2288 2585 2592 -1
2822: -1
2823: -1
2824: -1
2825: 154 2827 2828 -1
2826: 154 2827 2828 -1
2827: -1
2828: -1
2829: -1
2830: -1
2831: -1
2832: -1
2833: -1
2834: -1
2835: 155 220 229 242 360 369 384 622 675 711 862 1017 1125 1370 1570 1621 1845 2047 2288 2839 2961 -1
2836: 155 256 380 822 825 1191 1460 2045 2811 2869 -1
2837: 155 256 384 1128 1207 1374 1976 2053 2329 2907 -1
2838: 155 214 270 354 375 611 627 1131 2138 2993 -1
2839: 155 1990 1994 2426 2862 -1
2840: 155 156 173 190 194 270 294 342 370 384 577 603 611 681 690 721 809 831 1021 1024 1121 1124 1127 1131 1227 1267 1326 1465 1658 1813 1819 1980 2058 2990 -1
2841: 155 -1
2842: 155 173 294 384 825 1385 1722 2047 -1
2843: 155 156 294 1847 2047 -1
2844: 155 156 -1
2845: 155 294 -1
2846: 155 172 178 190 252 270 294 370 611 690 809 822 825 1124 1131 1133 1142 1236 1267 1326 2047 2058 2139 2431 2504 2799 -1
2847: 155 214 270 280 438 657 1194 1758 -1
2848: 155 1747 2858 2961 3149 -1
2849: 155 173 188 221 256 302 387 505 651 655 1055 1128 1133 1160 1169 1191 1368 1376 1379 1382 1460 1995 2047 2288 2431 2716 2887 2961 -1
2850: 155 701 1131 1576 2858 -1
2851: 155 809 1131 -1
2852: 155 2854 2856 2857 2859 2861 2862 2863 2864 2866 2867 2868 2869 -1
2853: 155 2852 2854 2855 2856 2857 2858 2859 2860 2861 2862 2863 2864 2865 2866 2867 2868 2869 -1
2854: -1
2855: -1
2856: -1
2857: -1
2858: -1
2859: -1
2860: -1
2861: -1
2862: -1
2863: -1
2864: -1
2865: -1
2866: -1
2867: 2852 -1
2868: -1
2869: -1
2870: 156 243 270 590 620 627 670 690 1032 1131 1133 1140 1243 1267 1328 1758 2047 2055 2488 2496 2887 -1
2871: 156 270 690 1131 2881 -1
2872: 156 173 256 270 590 620 670 681 690 1021 1032 1035 1121 1131 1267 1325 1465 2055 2488 -1
2873: 156 270 1121 1131 1758 -1
2874: 156 173 670 690 1131 2887 -1
2875: 156 -1
2876: 156 1131 2047 2990 -1
2877: 156 270 2047 -1
2878: 156 1131 -1
2879: 156 -1
2880: 156 -1
2881: 156 533 1768 2887 -1
2882: 156 270 1131 -1
2883: 156 611 1125 1378 1388 1847 2047 2390 -1
2884: 156 294 1191 1460 2047 -1
2885: 156 270 681 690 1267 2055 2887 -1
2886: 156 1131 2887 -1
2887: 156 270 675 1131 2798 -1
2888: 156 294 1217 1802 -1
2889: 156 256 1035 1371 2055 2423 2887 -1
2890: 156 -1
2891: 156 294 -1
2892: 156 294 -1
2893: 156 173 294 611 1267 -1
2894: 156 294 -1
2895: 156 294 -1
2896: 156 256 294 1035 -1
2897: 156 270 2887 -1
2898: 156 202 -1
2899: 156 294 -1
2900: 156 -1
2901: 156 168 189 290 456 463 678 2718 -1
2902: 156 294 2118 2120 -1
2903: 156 -1
2904: 156 -1
2905: 156 173 294 439 2906 2907 -1
2906: 156 256 1128 1191 1374 1379 1863 -1
2907: 156 173 182 256 294 375 590 620 690 1032 1035 1121 1267 -1
2908: 156 294 1847 -1
2909: 156 374 375 825 1227 -1
2910: 156 1131 2120 2418 -1
2911: 156 -1
2912: 156 214 354 815 -1
2913: 156 -1
2914: 156 -1
2915: 156 -1
2916: 156 2922 -1
2917: 156 -1
2918: 156 1304 -1
2919: 156 294 -1
2920: 156 294 489 651 -1
2921: 156 -1
2922: 156 173 -1
2923: 156 -1
2924: 156 -1
2925: 156 -1
2926: 156 -1
2927: 156 1214 -1
2928: 156 -1
2929: 156 -1
2930: 156 690 -1
2931: 156 316 837 -1
2932: 156 -1
2933: 156 335 456 673 706 720 794 798 862 1032 1042 1239 1245 1300 1545 1802 1995 2047 2204 2406 2589 2590 2716 2729 2961 -1
2934: 156 -1
2935: 156 -1
2936: 156 -1
2937: 156 -1
2938: 156 -1
2939: 156 1121 2120 -1
2940: 156 -1
2941: 156 1214 1758 -1
2942: 156 294 -1
2943: 156 177 294 316 512 515 795 1576 1595 1636 1844 2029 2047 2288 -1
2944: 156 172 190 202 256 294 611 1024 1032 1035 1124 2138 2589 2797 -1
2945: 156 -1
2946: 156 -1
2947: 156 -1
2948: 156 172 173 214 270 321 375 681 1017 1227 1243 1658 1763 1993 1994 2047 2426 2442 -1
2949: 156 2953 -1
2950: 156 270 690 1021 2055 -1
2951: 156 173 321 825 1350 1758 2221 2949 -1
2952: 156 202 270 363 -1
2953: 156 -1
2954: 156 202 -1
2955: 156 173 375 603 -1
2956: 156 178 1847 -1
2957: 156 -1
2958: 156 294 1036 1037 1256 -1
2959: 156 294 2961 -1
2960: 156 374 -1
2961: 156 202 294 380 384 828 1036 1037 2047 -1
2962: 156 270 590 1021 2047 -1
2963: 156 369 620 812 1036 1037 1350 2024 2289 -1
2964: 156 173 190 256 270 380 577 630 798 1103 1131 1135 1227 1371 1658 2137 2140 -1
2965: 156 -1
2966: 156 375 -1
2967: 156 2313 2800 -1
2968: 156 173 256 363 375 590 603 611 620 1024 1032 1035 1131 1267 2136 2140 2792 2801 -1
2969: 156 -1
2970: 156 -1
2971: 156 -1
2972: 156 294 854 1124 -1
2973: 156 172 270 294 -1
2974: 156 202 -1
2975: 156 172 173 190 202 252 270 294 370 380 611 690 809 828 1036 2138 2139 -1
2976: 156 270 294 384 681 690 828 1036 2974 2990 -1
2977: 156 289 1131 -1
2978: 156 172 173 256 294 -1
2979: 156 -1
2980: 156 289 -1
2981: 156 289 294 796 1124 2046 2059 2060 2139 -1
2982: 156 289 796 1267 -1
2983: 156 256 289 294 1035 2055 -1
2984: 156 172 173 190 202 252 270 294 375 611 809 818 828 1024 1124 1267 1847 2139 -1
2985: 156 -1
2986: 156 294 -1
2987: 156 294 1185 1214 2120 2988 -1
2988: 202 -1
2989: -1
2990: 467 2055 -1
2991: -1
2992: -1
2993: -1
2994: 157 2285 2286 3018 -1
2995: 157 656 3009 -1
2996: 157 2285 2286 -1
2997: -1
2998: -1
2999: 158 3010 3025 -1
3000: 3023 -1
3001: 158 3010 3025 -1
3002: 158 650 659 2995 2996 3010 3011 3025 -1
3003: 158 661 2995 2996 3010 3011 3025 -1
3004: 158 -1
3005: 3019 3034 -1
3006: 158 -1
3007: 158 3010 3025 -1
3008: 2997 -1
3009: -1
3010: -1
3011: 656 -1
3012: -1
3013: -1
3014: -1
3015: 3021 -1
3016: -1
3017: -1
3018: 584 -1
3019: -1
3020: -1
3021: -1
3022: -1
3023: -1
3024: -1
3025: -1
3026: -1
3027: -1
3028: 3019 -1
3029: -1
3030: 660 -1
3031: 660 -1
3032: 660 -1
3033: -1
3034: -1
3035: 159 175 237 1370 -1
3036: 159 175 229 379 441 696 1160 1169 1245 1326 1615 2131 2332 -1
3037: 159 -1
3038: 159 -1
3039: -1
3040: -1
3041: -1
3042: -1
3043: -1
3044: -1
3045: -1
3046: -1
3047: -1
3048: -1
3049: -1
3050: -1
3051: 505 2584 2590 -1
3052: 214 312 316 320 439 505 620 2961 -1
3053: 160 202 218 256 273 280 281 289 340 369 427 453 506 509 573 579 655 809 1053 1128 1133 1160 1169 1197 1211 1228 1250 1253 1281 1334 1340 1343 1345 1350 1378 1379 1382 1564 1573 1595 1623 1658 1995 2473 2483 2584 2587 2600 2636 2716 2809 2810 2818 2819 2907 3021 3031 3032 3104 -1
3054: -1
3055: -1
3056: -1
3057: -1
3058: 2716 -1
3059: -1
3060: -1
3061: -1
3062: -1
3063: -1
3064: -1
3065: -1
3066: -1
3067: -1
3068: -1
3069: -1
3070: -1
3071: 2327 -1
3072: -1
3073: -1
3074: -1
3075: -1
3076: 161 3075 3077 -1
3077: -1
3078: 3080 3081 3126 3127 3128 3132 3133 -1
3079: -1
3080: 1076 1077 3084 3086 3090 3091 3092 3093 3094 3095 3096 3098 3099 3100 3101 3102 3103 3104 3105 3106 3107 3108 3109 3110 3111 3112 3113 3114 3115 3116 3117 3118 3119 3120 3121 3122 3123 3124 3125 -1
3081: 1076 1077 3084 3086 3090 3091 3092 3093 3094 3095 3096 3098 3099 3100 3101 3102 3103 3104 3105 3106 3107 3108 3109 3110 3111 3112 3113 3114 3115 3116 3117 3118 3119 3120 3121 3122 3123 3124 3125 -1
3082: 1076 1077 3084 3086 3090 3091 3092 3093 3094 3095 3096 3098 3099 3100 3101 3102 3103 3104 3105 3106 3107 3108 3109 3110 3111 3112 3113 3114 3115 3116 3117 3118 3119 3120 3121 3122 3123 3124 3125 -1
3083: 273 280 281 321 375 608 659 811 822 925 935 937 1001 1011 1053 1080 1220 1340 1367 1380 1521 1572 1616 1618 1622 1631 1658 1758 2058 2102 2288 2418 2673 2804 2808 2860 3074 -1
3084: -1
3085: -1
3086: 280 281 -1
3087: -1
3088: -1
3089: 163 2460 -1
3090: -1
3091: -1
3092: -1
3093: -1
3094: -1
3095: -1
3096: -1
3097: 163 2460 -1
3098: -1
3099: -1
3100: -1
3101: -1
3102: -1
3103: -1
3104: -1
3105: -1
3106: -1
3107: -1
3108: -1
3109: -1
3110: -1
3111: -1
3112: -1
3113: -1
3114: -1
3115: -1
3116: -1
3117: -1
3118: -1
3119: -1
3120: -1
3121: -1
3122: 1784 -1
3123: -1
3124: -1
3125: -1
3126: 1076 1077 3084 3086 3090 3091 3092 3093 3094 3095 3096 3098 3099 3100 3101 3102 3103 3104 3105 3106 3107 3108 3109 3110 3111 3112 3113 3114 3115 3116 3117 3118 3119 3120 3121 3122 3123 3124 3125 -1
3127: 1076 1077 3084 3086 3090 3091 3092 3093 3094 3095 3096 3098 3099 3100 3101 3102 3103 3104 3105 3106 3107 3108 3109 3110 3111 3112 3113 3114 3115 3116 3117 3118 3119 3120 3121 3122 3123 3124 3125 -1
3128: 1076 1077 3084 3086 3090 3091 3092 3093 3094 3095 3096 3098 3099 3100 3101 3102 3103 3104 3105 3106 3107 3108 3109 3110 3111 3112 3113 3114 3115 3116 3117 3118 3119 3120 3121 3122 3123 3124 3125 -1
3129: 1076 1077 3084 3086 3090 3091 3092 3093 3094 3095 3096 3098 3099 3100 3101 3102 3103 3104 3105 3106 3107 3108 3109 3110 3111 3112 3113 3114 3115 3116 3117 3118 3119 3120 3121 3122 3123 3124 3125 -1
3130: 1076 1077 3084 3086 3090 3091 3092 3093 3094 3095 3096 3098 3099 3100 3101 3102 3103 3104 3105 3106 3107 3108 3109 3110 3111 3112 3113 3114 3115 3116 3117 3118 3119 3120 3121 3122 3123 3124 3125 -1
3131: 1076 1077 3084 3086 3090 3091 3092 3093 3094 3095 3096 3098 3099 3100 3101 3102 3103 3104 3105 3106 3107 3108 3109 3110 3111 3112 3113 3114 3115 3116 3117 3118 3119 3120 3121 3122 3123 3124 3125 -1
3132: 1076 1077 3084 3086 3090 3091 3092 3093 3094 3095 3096 3098 3099 3100 3101 3102 3103 3104 3105 3106 3107 3108 3109 3110 3111 3112 3113 3114 3115 3116 3117 3118 3119 3120 3121 3122 3123 3124 3125 -1
3133: 1076 1077 3084 3086 3090 3091 3092 3093 3094 3095 3096 3098 3099 3100 3101 3102 3103 3104 3105 3106 3107 3108 3109 3110 3111 3112 3113 3114 3115 3116 3117 3118 3119 3120 3121 3122 3123 3124 3125 -1
3134: 163 1076 1077 1078 1528 1823 2460 3079 3080 3081 3083 3084 3085 3086 3087 3088 3090 3091 3092 3093 3094 3095 3096 3098 3099 3100 3101 3102 3103 3104 3105 3106 3107 3108 3109 3110 3111 3112 3113 3114 3115 3116 3117 3118 3119 3120 3121 3122 3123 3124 3125 3126 3127 3128 3132 3133 -1
3135: 164 790 1059 1331 2442 -1
3136: 164 -1
3137: 433 1622 -1
3138: -1
3139: 165 567 568 569 570 3143 -1
3140: -1
3141: -1
3142: -1
3143: -1
3144: -1
3145: 701 -1
3146: 701 -1
3147: 701 -1
3148: -1
3149: 289 387 1017 1194 1253 1378 1388 1636 1995 2000 2047 2424 2716 2717 2961 3055 -1
