0: 148 178 179 180 181 182 183 184 185 186 187 188 198 199 200 201 202 205 206 207 208 209 213 214 215 216 217 224 225 226 227 232 233 235 236 506 511 542 777 1382 1383 1588 1615 1808 2050 2208 2233 2596 2597 2598 2599 2608 -1
1: 13 34 106 237 238 239 240 241 242 243 245 246 247 248 249 250 251 252 253 254 255 256 257 258 259 260 261 262 263 264 265 266 267 268 269 270 271 272 273 274 468 470 475 669 670 671 678 679 680 721 724 767 774 2760 -1
2: 83 251 275 276 281 282 283 284 285 288 289 294 295 296 297 298 300 301 302 303 304 305 306 307 308 311 312 313 314 315 342 606 614 633 679 718 744 791 1160 1435 1441 1455 1506 1530 1532 1539 1649 1654 1685 -1
3: 253 318 319 322 323 324 329 330 331 332 333 334 339 340 341 342 343 347 348 349 350 351 356 357 358 359 -1
4: 12 13 44 69 83 159 239 241 249 250 252 253 254 255 256 257 258 259 264 268 270 285 297 306 311 321 323 324 328 335 341 342 350 351 356 359 368 369 370 372 373 374 379 380 383 384 385 386 387 388 389 390 395 396 399 400 402 403 440 456 457 460 470 475 566 573 608 630 632 637 669 670 671 678 680 721 724 725 772 774 783 784 797 808 809 1334 1489 1505 1508 1519 1543 1764 1869 1885 1951 1966 1984 2021 2046 2056 2060 2213 2215 2223 2690 2694 2760 -1
5: 404 405 406 407 408 409 410 412 414 415 416 418 419 420 421 422 423 424 425 427 428 429 430 431 433 434 -1
6: 69 159 164 254 436 437 438 439 440 441 442 443 444 445 446 447 449 450 451 452 453 454 455 456 457 458 459 460 461 462 463 464 465 466 467 468 469 470 471 472 473 474 475 671 679 680 772 -1
7: 98 139 476 477 478 479 480 481 482 483 484 485 486 487 488 489 490 491 492 493 686 900 901 903 1214 1217 1218 -1
8: 199 503 520 529 539 744 1615 1678 2107 -1
9: 83 285 314 350 351 379 380 381 384 396 403 563 573 590 597 721 725 786 791 877 1649 2215 -1
10: 379 380 563 590 597 -1
11: 239 248 249 250 253 254 258 259 269 274 323 457 573 598 599 600 601 602 603 604 605 606 608 611 612 613 614 615 616 617 618 619 620 621 622 623 624 625 626 627 628 629 630 631 632 633 634 635 636 705 717 718 721 724 725 726 1334 1354 1508 1519 1522 1527 1530 1532 1533 1537 1542 1543 1683 1686 1689 1694 1869 1872 1877 1878 1880 1884 1885 2040 2334 2337 2339 2341 2690 2711 2712 2770 -1
12: 83 285 314 342 381 383 596 638 639 640 641 642 644 645 646 647 648 649 650 651 652 654 655 656 657 1919 2722 -1
13: 239 254 256 450 466 475 666 667 668 671 672 673 674 675 676 679 680 -1
14: 684 685 686 687 690 691 692 694 695 -1
15: 697 698 699 700 701 702 703 704 705 706 707 708 709 710 711 -1
16: 250 253 439 605 614 679 713 714 715 716 717 718 719 720 721 723 724 725 726 727 728 729 -1
17: 148 235 730 732 1680 2608 -1
18: 83 738 739 740 741 742 -1
19: 511 743 744 2233 -1
20: 44 69 106 239 257 262 445 468 471 679 714 727 728 751 752 753 754 755 758 759 760 761 762 763 764 765 766 767 768 769 770 771 772 773 -1
21: 129 202 258 442 477 483 484 573 620 626 632 635 717 774 776 777 888 903 1154 1217 1354 1427 1435 1441 1450 1455 1462 1532 1543 1687 1757 1829 2132 2133 2135 2161 -1
22: 83 285 353 379 383 390 779 780 781 782 783 784 785 786 787 788 789 790 791 792 793 794 795 796 797 798 800 801 802 803 804 805 806 807 808 809 810 811 -1
23: 18 288 402 547 548 549 550 551 552 553 554 555 556 557 558 559 560 561 562 564 565 566 567 568 569 570 571 572 574 575 576 577 578 579 580 581 582 583 584 585 586 587 588 589 591 592 593 594 595 596 742 872 873 874 876 877 1172 1177 1950 1968 1976 1977 1978 1984 2220 -1
24: 439 878 879 880 881 883 884 885 886 887 888 889 890 891 892 893 894 895 1351 2401 -1
25: 896 897 898 899 900 901 902 903 904 905 906 907 1452 -1
26: 908 909 -1
27: 1126 1127 1128 1130 1131 1132 1133 1134 1135 1136 1138 1139 1140 1141 1142 1143 1144 1145 1146 1147 1148 1149 1150 1151 1152 1154 1155 1157 1158 1159 1160 1161 1162 1163 1164 1165 1166 1167 1168 1170 1171 -1
28: 83 285 314 325 368 1173 1174 1175 1177 1178 1179 1180 1181 1182 1183 1184 1185 1186 1187 2314 -1
29: 1189 1205 1206 -1
30: 684 1214 1215 1216 1217 1218 -1
31: 1205 1206 1222 1223 1225 1226 1680 -1
32: 1227 1251 1256 1284 1286 1287 1288 1292 1293 1294 1295 1296 1303 1304 1305 1306 1307 1308 1309 1311 1317 1321 1322 2199 -1
33: 239 259 297 475 671 675 725 1324 1327 1328 1330 1331 1334 1335 1336 1337 1339 1340 1341 1342 1343 1346 -1
34: 255 268 -1
35: 1350 1351 1352 1354 1355 1356 -1
36: 122 1370 1372 1376 -1
37: 744 1379 1380 1381 1382 1383 -1
38: 744 1385 2234 2237 2238 2239 2779 -1
39: 275 419 420 631 690 879 885 888 890 1160 1180 1334 1386 1387 1389 1390 1392 1393 1394 1395 1441 1455 1649 2052 2227 2228 -1
40: 124 1398 1399 1400 1401 1402 1403 1404 1405 1406 1407 1408 1409 1410 1411 1412 1413 1414 1415 1416 2164 2326 -1
41: 682 1418 1419 1420 1421 1422 1423 1424 1425 1426 1427 -1
42: 55 447 715 -1
43: 480 1429 1430 1431 1434 1435 1436 1440 1441 1442 1443 1444 1445 1446 1450 1451 1452 1453 1454 1455 1456 1457 1458 1459 1460 1461 1462 1463 1464 1465 1467 1468 1469 1470 1471 1472 1473 1474 1475 -1
44: 464 -1
45: 1569 -1
46: 470 475 671 680 1504 1505 1506 1508 1509 1764 -1
47: 470 1194 1512 1615 -1
48: 606 721 1334 1517 1518 1519 1520 1521 1522 1523 1524 1525 1526 1527 1528 1529 1530 1531 1532 1533 1534 1535 1536 1537 1538 1539 1540 1541 1542 1543 1544 -1
49: 1324 1548 -1
50: 1556 1564 -1
51: 1566 1567 1568 1569 1570 1571 1572 1573 -1
52: 411 417 426 432 -1
53: 205 233 1587 1588 1598 1615 -1
54: 1205 1206 -1
55: 511 715 744 1628 -1
56: 1630 1631 1633 1634 1635 1636 1637 2256 2257 -1
57: 112 511 743 776 2233 -1
58: 202 744 777 -1
59: 69 680 1642 -1
60: 83 314 341 342 395 1644 1645 1646 1647 1648 1651 1652 1653 1655 1656 1657 1658 -1
61: 254 445 447 729 754 769 1663 1664 1665 1666 1667 -1
62: 235 529 744 1669 -1
63: -1
64: 1383 1676 1677 1678 1679 1680 1681 1842 2372 -1
65: 1543 1683 1684 1685 1686 1687 1688 1689 1690 1691 1692 1693 1694 1695 -1
66: 1697 1698 1699 1700 1701 1702 1703 1705 1706 -1
67: 1756 1757 -1
68: -1
69: 256 680 1764 1781 1782 -1
70: 612 1786 1787 -1
71: 1808 -1
72: 1816 1817 1818 1819 1820 1821 1822 1824 1825 1826 1828 1829 1830 1831 1832 1833 1834 1835 -1
73: 202 777 -1
74: 1837 1838 1839 -1
75: 1840 1841 -1
76: 744 1842 -1
77: 253 300 349 353 379 412 477 478 539 606 634 675 691 721 754 810 879 880 888 896 898 902 904 1007 1150 1155 1179 1226 1289 1301 1321 1334 1387 1402 1408 1416 1431 1434 1435 1441 1442 1443 1445 1450 1455 1456 1459 1460 1462 1467 1469 1532 1537 1541 1567 1569 1571 1690 1757 1844 1845 1846 1881 2132 2157 2162 2227 2337 2470 -1
78: 1847 -1
79: 1859 1860 -1
80: -1
81: 83 253 259 1519 1868 1869 1871 1872 1873 1874 1875 1877 1878 1879 1880 1881 1884 1885 1886 1887 1888 -1
82: 1889 1890 1891 1892 1894 1895 1896 1897 1898 1899 -1
83: 159 350 351 440 810 890 1869 2016 2017 2018 2019 2020 2021 2022 2023 2024 2025 2026 2027 2028 2029 2030 2031 2032 2033 2034 2035 2036 2037 2038 2039 2040 2041 2042 2043 2044 2045 2046 2162 -1
84: 1838 1839 2048 -1
85: 121 127 1615 2049 2050 2051 -1
86: 2052 2053 -1
87: 4 69 83 152 285 297 314 350 351 371 376 377 378 382 391 392 393 394 397 398 401 1885 2021 2038 2055 2056 2057 2058 2059 2060 2061 2062 2063 2064 2065 2066 2067 2068 2069 -1
88: 1205 1206 -1
89: 159 440 457 668 2105 -1
90: 48 202 205 259 269 332 470 511 539 612 628 630 632 635 665 711 725 726 744 764 765 777 879 887 888 894 1128 1139 1150 1179 1180 1187 1334 1354 1383 1387 1390 1418 1425 1426 1519 1534 1537 1569 1678 1680 1699 1757 1779 1786 1787 1808 1838 1839 1842 1859 1860 2129 2130 2132 2164 2218 2228 2258 2259 2262 2263 2297 2337 2401 2412 2422 2424 2690 2771 2772 -1
91: 2112 2113 2114 2115 -1
92: 2118 2119 -1
93: 202 777 2120 -1
94: 202 777 1383 2122 2123 -1
95: 744 2124 -1
96: 112 200 744 1569 1757 2126 2233 2235 2236 2249 2470 2535 2779 -1
97: 743 744 1052 1757 2233 -1
98: 2128 2129 -1
99: 207 248 485 687 879 902 904 1180 1184 1387 1423 1425 1475 1756 1757 2132 2133 2134 2135 2137 2161 2162 2164 2228 2469 -1
100: 477 612 630 632 635 721 724 869 878 885 888 889 894 896 897 898 906 908 1013 1151 1160 1175 1179 1184 1214 1334 1390 1397 1418 1421 1425 1427 1508 1569 1685 1693 1698 1757 1786 1787 1886 2046 2126 2135 2138 2139 2140 2141 2142 2143 2144 2145 2148 2151 2153 2155 2156 2157 2158 2159 2160 2161 2162 2163 2164 2213 2216 2228 2297 2401 -1
101: 2166 -1
102: 2170 2171 -1
103: 202 777 -1
104: -1
105: 2185 -1
106: 69 447 468 729 766 772 2203 -1
107: 475 635 671 1519 1786 1787 1838 1839 -1
108: 744 -1
109: 2208 2233 -1
110: 1334 1354 2209 2211 2212 2213 2214 2216 -1
111: 83 285 314 383 649 1177 2058 2218 2223 2227 2228 2232 -1
112: 2234 2235 2236 2237 2238 2239 2249 2251 -1
113: 1383 1679 2252 -1
114: -1
115: 1630 2256 2257 -1
116: 2258 2259 2260 2261 2262 2263 -1
117: 202 777 2264 -1
118: 715 744 1615 2266 -1
119: 2268 -1
120: 202 777 886 -1
121: 202 744 777 -1
122: 2297 2298 2299 -1
123: -1
124: 1185 1401 1404 1405 2301 2312 2313 2314 2324 2325 -1
125: -1
126: 199 236 250 253 258 332 383 402 410 478 520 539 612 622 630 635 682 694 715 721 726 744 810 879 1173 1175 1176 1179 1181 1187 1334 1354 1379 1387 1389 1390 1408 1418 1419 1421 1423 1425 1427 1508 1519 1534 1539 1543 1685 1699 1757 1786 1787 1831 1832 1880 1881 1886 1891 1895 2052 2135 2164 2218 2227 2228 2258 2263 2299 2334 2335 2336 2337 2338 2339 2340 2401 2450 2452 -1
127: 511 529 744 -1
128: 2344 -1
129: 202 511 777 2364 -1
130: 159 440 614 2377 -1
131: 511 744 -1
132: 2380 -1
133: 1205 1206 -1
134: 2443 2444 -1
135: 715 744 -1
136: 711 715 2126 2252 2425 2445 -1
137: 1013 1334 1383 1570 1678 1757 2126 2162 2235 2446 2447 2448 2470 -1
138: 744 -1
139: 682 687 2454 -1
140: 1679 2475 2495 2496 2497 2498 2499 2500 2501 2502 2509 2510 2511 2512 2523 2524 2525 2526 2527 2528 2529 -1
141: -1
142: 2535 -1
143: -1
144: 395 563 590 597 2539 -1
145: 1052 1569 -1
146: 2542 -1
147: 1205 1206 -1
148: 202 246 259 332 356 445 632 687 744 777 888 889 1187 1334 1342 1346 1390 1427 1455 1569 1615 1679 1757 1878 2216 2228 2478 -1
149: 2612 2613 2614 2615 2616 2617 2618 2619 2620 2621 2622 2623 2624 2625 2626 2627 2628 2629 -1
150: 235 1615 2688 -1
151: 2690 2691 -1
152: 2695 -1
153: -1
154: 606 607 624 636 1539 2711 2712 -1
155: 2714 -1
156: -1
157: 744 2717 -1
158: 83 285 2060 2718 2719 2720 2721 2722 2723 -1
159: 2769 -1
160: 686 2771 2772 -1
161: 2778 -1
162: 744 -1
163: -1
164: -1
165: 0 53 104 112 123 166 167 168 169 170 171 172 173 174 175 177 178 179 180 181 182 183 184 185 186 187 188 190 191 192 193 194 195 196 197 203 204 210 211 212 218 219 220 221 222 223 228 229 230 231 234 613 744 1382 1383 1575 1576 1577 1578 1579 1580 1581 1582 1583 1584 1585 1586 1587 1589 1590 1591 1592 1593 1594 1595 1596 1597 2070 2073 2178 2179 2180 2181 2182 2183 2208 2603 -1
166: -1
167: -1
168: -1
169: -1
170: -1
171: -1
172: -1
173: -1
174: -1
175: -1
176: 0 -1
177: 0 165 214 -1
178: 0 166 167 168 169 170 171 172 173 174 175 190 193 221 222 223 231 1579 1581 1586 1589 1590 1594 1596 2070 2073 2603 -1
179: 0 214 -1
180: 0 -1
181: 0 -1
182: 0 -1
183: 0 -1
184: 0 -1
185: 0 -1
186: 0 -1
187: 0 -1
188: 0 -1
189: 0 187 744 1382 1383 -1
190: -1
191: -1
192: -1
193: -1
194: -1
195: -1
196: -1
197: -1
198: -1
199: 262 -1
200: -1
201: -1
202: -1
203: -1
204: -1
205: -1
206: -1
207: -1
208: -1
209: -1
210: -1
211: -1
212: -1
213: -1
214: 148 688 689 1179 1649 1680 1757 2233 2299 2599 2608 -1
215: -1
216: -1
217: -1
218: 88 2078 2079 2080 2081 2082 2083 2084 2085 2086 2087 2088 2089 2090 2091 2092 2093 2094 2095 2096 2097 2098 2099 2100 2101 2102 2103 -1
219: -1
220: -1
221: -1
222: 2608 -1
223: -1
224: -1
225: -1
226: -1
227: -1
228: -1
229: -1
230: -1
231: -1
232: -1
233: -1
234: -1
235: -1
236: -1
237: -1
238: -1
239: -1
240: 1150 -1
241: -1
242: 721 -1
243: -1
244: -1
245: -1
246: -1
247: 721 -1
248: -1
249: -1
250: -1
251: -1
252: 2030 2769 -1
253: -1
254: -1
255: 680 -1
256: -1
257: -1
258: -1
259: -1
260: -1
261: -1
262: -1
263: -1
264: -1
265: -1
266: -1
267: 247 2040 -1
268: -1
269: -1
270: -1
271: -1
272: -1
273: -1
274: -1
275: -1
276: -1
277: -1
278: -1
279: -1
280: -1
281: -1
282: -1
283: -1
284: -1
285: -1
286: -1
287: -1
288: -1
289: -1
290: -1
291: -1
292: -1
293: -1
294: -1
295: -1
296: -1
297: 1869 -1
298: -1
299: 159 440 -1
300: -1
301: -1
302: -1
303: -1
304: -1
305: -1
306: -1
307: -1
308: -1
309: -1
310: -1
311: 343 649 742 1649 1922 -1
312: -1
313: -1
314: -1
315: -1
316: 3 -1
317: 3 152 320 321 325 326 327 328 335 336 338 345 346 352 353 354 355 2203 2694 2742 -1
318: -1
319: -1
320: -1
321: 680 -1
322: -1
323: -1
324: 325 -1
325: -1
326: -1
327: -1
328: -1
329: -1
330: -1
331: -1
332: -1
333: 325 -1
334: -1
335: -1
336: -1
337: -1
338: -1
339: -1
340: -1
341: -1
342: -1
343: -1
344: -1
345: -1
346: -1
347: -1
348: -1
349: -1
350: 351 -1
351: -1
352: -1
353: -1
354: -1
355: -1
356: -1
357: -1
358: -1
359: 83 253 259 267 269 297 314 323 325 440 612 614 621 635 717 719 721 725 809 1334 1344 1531 1872 1912 1946 2067 2216 2337 2770 -1
360: 4 367 -1
361: 4 367 -1
362: 4 367 -1
363: 4 367 -1
364: 4 367 -1
365: 4 367 -1
366: 4 367 -1
367: 4 83 1946 -1
368: -1
369: -1
370: -1
371: -1
372: -1
373: -1
374: -1
375: -1
376: -1
377: -1
378: -1
379: -1
380: 83 -1
381: -1
382: -1
383: -1
384: -1
385: -1
386: -1
387: -1
388: -1
389: -1
390: -1
391: -1
392: -1
393: -1
394: -1
395: -1
396: -1
397: 50 1557 1558 1559 1560 1561 1562 1563 2056 -1
398: -1
399: -1
400: -1
401: -1
402: -1
403: -1
404: -1
405: -1
406: -1
407: -1
408: -1
409: -1
410: -1
411: -1
412: -1
413: -1
414: -1
415: -1
416: -1
417: -1
418: -1
419: -1
420: -1
421: -1
422: -1
423: -1
424: -1
425: -1
426: -1
427: -1
428: -1
429: -1
430: -1
431: -1
432: -1
433: -1
434: -1
435: 6 -1
436: -1
437: -1
438: -1
439: -1
440: 83 159 200 301 325 359 441 478 487 490 605 628 635 687 691 708 799 810 879 894 904 1019 1053 1160 1175 1179 1186 1187 1214 1217 1334 1386 1387 1390 1426 1427 1435 1441 1456 1508 1527 1539 1705 1757 1946 1951 2021 2024 2030 2033 2038 2044 2046 2056 2130 2132 2162 2218 2258 2263 2337 2409 2414 2470 2732 2758 2769 2770 -1
441: 159 440 725 1531 1869 2056 2213 -1
442: 766 -1
443: -1
444: -1
445: -1
446: -1
447: -1
448: -1
449: -1
450: 772 -1
451: -1
452: -1
453: -1
454: -1
455: -1
456: -1
457: -1
458: 259 445 457 460 462 471 603 630 632 721 1334 -1
459: -1
460: -1
461: -1
462: -1
463: -1
464: -1
465: -1
466: -1
467: -1
468: 44 254 258 457 612 721 766 1487 1667 1684 1786 1787 -1
469: -1
470: -1
471: -1
472: -1
473: -1
474: -1
475: 69 448 671 -1
476: -1
477: -1
478: -1
479: -1
480: -1
481: -1
482: -1
483: -1
484: -1
485: -1
486: -1
487: -1
488: -1
489: -1
490: -1
491: -1
492: -1
493: -1
494: -1
495: -1
496: 1225 -1
497: -1
498: -1
499: -1
500: -1
501: -1
502: -1
503: 8 494 495 496 497 498 499 500 501 502 505 506 507 508 509 510 511 512 514 515 516 517 518 519 521 522 523 524 525 526 527 528 530 531 532 533 534 535 536 537 538 540 541 542 543 544 545 546 -1
504: 8 494 495 496 497 498 499 500 501 502 505 506 507 508 509 510 511 512 514 515 516 517 518 519 521 522 523 524 525 526 527 528 530 531 532 533 534 535 536 537 538 540 541 542 543 544 545 546 -1
505: -1
506: -1
507: -1
508: -1
509: -1
510: -1
511: 2108 -1
512: -1
513: 8 -1
514: -1
515: -1
516: -1
517: -1
518: -1
519: -1
520: -1
521: -1
522: -1
523: -1
524: -1
525: -1
526: -1
527: -1
528: -1
529: -1
530: -1
531: -1
532: -1
533: -1
534: -1
535: -1
536: -1
537: -1
538: -1
539: -1
540: -1
541: -1
542: -1
543: -1
544: -1
545: -1
546: -1
547: -1
548: -1
549: -1
550: -1
551: -1
552: -1
553: -1
554: -1
555: -1
556: -1
557: -1
558: -1
559: -1
560: -1
561: -1
562: -1
563: -1
564: -1
565: -1
566: -1
567: -1
568: -1
569: -1
570: -1
571: -1
572: -1
573: -1
574: -1
575: -1
576: -1
577: -1
578: -1
579: -1
580: -1
581: -1
582: -1
583: -1
584: -1
585: -1
586: -1
587: -1
588: -1
589: -1
590: -1
591: -1
592: -1
593: -1
594: -1
595: -1
596: -1
597: -1
598: -1
599: 616 2711 2712 -1
600: -1
601: -1
602: -1
603: -1
604: -1
605: -1
606: -1
607: 2040 -1
608: -1
609: 624 -1
610: -1
611: -1
612: -1
613: -1
614: -1
615: -1
616: -1
617: 2711 -1
618: -1
619: -1
620: -1
621: -1
622: -1
623: -1
624: 2712 -1
625: -1
626: -1
627: -1
628: -1
629: -1
630: -1
631: -1
632: -1
633: -1
634: -1
635: -1
636: -1
637: -1
638: 12 -1
639: -1
640: -1
641: -1
642: -1
643: 645 -1
644: -1
645: -1
646: -1
647: -1
648: -1
649: -1
650: -1
651: -1
652: -1
653: -1
654: -1
655: -1
656: -1
657: -1
658: -1
659: 13 44 241 270 271 607 669 670 675 678 718 774 2760 -1
660: 13 239 241 270 271 442 451 460 668 669 670 678 721 766 771 1350 2048 2451 2760 2770 -1
661: 13 239 241 254 258 259 266 270 271 573 608 632 635 669 670 678 715 724 729 1489 1518 1519 1543 1641 1878 2034 2046 2215 2216 2690 2760 -1
662: 13 69 241 270 271 669 670 678 1684 2760 -1
663: 13 239 241 252 264 270 271 347 436 457 458 669 670 674 678 679 1354 1355 2760 -1
664: 13 262 -1
665: -1
666: -1
667: -1
668: -1
669: -1
670: 69 772 -1
671: -1
672: -1
673: -1
674: -1
675: -1
676: -1
677: 69 1764 -1
678: 772 -1
679: -1
680: -1
681: 14 683 1461 -1
682: -1
683: -1
684: -1
685: -1
686: -1
687: -1
688: -1
689: -1
690: -1
691: 900 -1
692: 693 -1
693: -1
694: -1
695: -1
696: 710 -1
697: -1
698: -1
699: -1
700: -1
701: -1
702: -1
703: -1
704: -1
705: -1
706: -1
707: -1
708: -1
709: -1
710: -1
711: -1
712: -1
713: -1
714: -1
715: -1
716: -1
717: -1
718: -1
719: -1
720: -1
721: 269 635 717 2040 -1
722: 471 753 763 766 -1
723: 2040 -1
724: -1
725: -1
726: -1
727: -1
728: 757 1477 -1
729: -1
730: -1
731: 606 -1
732: -1
733: 18 83 321 335 -1
734: 18 -1
735: 18 370 658 1653 -1
736: 18 876 -1
737: 18 288 -1
738: -1
739: -1
740: -1
741: -1
742: -1
743: 2233 -1
744: -1
745: 20 61 238 332 491 609 691 750 756 1425 1478 1661 1662 2200 -1
746: 20 61 238 609 747 750 756 1478 1661 1662 2200 -1
747: 20 61 238 609 750 756 1478 1661 1662 2200 -1
748: 20 61 238 609 750 756 1478 1661 1662 2200 -1
749: 20 61 238 609 750 756 1478 1661 1662 2200 -1
750: 721 -1
751: -1
752: -1
753: 612 1786 1787 -1
754: -1
755: -1
756: -1
757: 612 1872 -1
758: -1
759: -1
760: -1
761: -1
762: -1
763: -1
764: 765 -1
765: -1
766: 764 765 772 -1
767: -1
768: 766 -1
769: -1
770: -1
771: -1
772: -1
773: -1
774: -1
775: 21 -1
776: 202 744 777 1382 1383 -1
777: 202 -1
778: 22 55 118 136 349 601 974 1683 -1
779: -1
780: -1
781: -1
782: -1
783: -1
784: -1
785: -1
786: -1
787: -1
788: -1
789: -1
790: -1
791: -1
792: -1
793: 285 810 -1
794: -1
795: -1
796: -1
797: -1
798: -1
799: -1
800: -1
801: -1
802: -1
803: -1
804: -1
805: -1
806: -1
807: -1
808: -1
809: -1
810: -1
811: -1
812: -1
813: -1
814: 23 122 128 296 301 334 448 483 601 612 629 708 736 737 767 796 812 813 816 817 869 875 909 1150 1156 1160 1161 1165 1287 1370 1376 1471 1475 1530 1587 1652 1666 1946 2186 2352 2353 2354 2355 -1
815: 23 122 539 736 737 812 813 869 875 1370 1376 -1
816: 23 122 736 737 812 813 869 875 1370 1376 -1
817: 23 122 736 737 812 813 869 875 1370 1376 -1
818: 23 122 736 737 812 813 869 875 1370 1376 -1
819: 23 122 736 737 812 813 869 875 1370 1376 -1
820: 23 122 736 737 812 813 869 875 1370 1376 -1
821: 23 122 736 737 812 813 822 823 869 875 1370 1376 -1
822: 23 122 730 736 737 812 813 821 823 869 875 1370 1376 -1
823: 23 122 736 737 812 813 821 822 869 875 1370 1376 -1
824: 23 122 736 737 812 813 829 832 869 875 1370 1376 -1
825: 23 122 736 737 812 813 830 869 875 1370 1376 -1
826: 23 122 736 737 812 813 869 875 1370 1376 -1
827: 23 122 736 737 812 813 869 875 1370 1376 -1
828: 23 122 736 737 812 813 869 875 1370 1376 -1
829: 23 122 736 737 812 813 824 869 875 1370 1376 -1
830: 23 122 736 737 812 813 825 828 869 875 1370 1376 -1
831: 23 122 736 737 812 813 869 875 1370 1376 -1
832: 23 122 736 737 812 813 869 875 1370 1376 -1
833: 23 122 262 284 406 687 691 736 737 801 812 813 869 875 902 1334 1370 1376 1424 1426 1430 1435 1446 1451 1460 1461 1470 1473 1475 1532 1536 1541 1548 1569 2228 2410 -1
834: 23 122 736 737 812 813 869 875 1370 1376 -1
835: 23 122 736 737 812 813 869 875 1370 1376 -1
836: 23 122 736 737 812 813 869 875 1370 1376 -1
837: 23 122 736 737 812 813 836 869 875 1370 1376 -1
838: 23 122 736 737 812 813 869 875 1370 1376 -1
839: 23 122 736 737 812 813 869 875 1370 1376 1402 -1
840: 23 122 315 736 737 812 813 869 875 1370 1376 -1
841: 23 122 736 737 812 813 869 875 1370 1376 -1
842: 23 122 736 737 812 813 869 875 1370 1376 -1
843: 23 122 736 737 812 813 869 875 1370 1376 -1
844: 23 122 736 737 812 813 869 875 1370 1376 -1
845: 23 122 736 737 812 813 869 875 1370 1376 -1
846: 23 122 736 737 812 813 869 875 1370 1376 -1
847: 23 122 736 737 812 813 869 875 1370 1376 -1
848: 23 122 736 737 812 813 869 875 1370 1376 -1
849: 23 122 736 737 812 813 869 875 1370 1376 -1
850: 23 122 736 737 812 813 869 875 1370 1376 -1
851: 23 122 736 737 812 813 869 875 1370 1376 -1
852: 23 122 736 737 812 813 869 875 1370 1376 -1
853: 23 122 736 737 812 813 869 875 1370 1376 -1
854: 23 122 736 737 812 813 852 869 875 1370 1376 -1
855: 23 122 736 737 812 813 869 875 1370 1376 -1
856: 23 122 736 737 812 813 869 875 1370 1376 -1
857: 23 122 736 737 812 813 869 875 1370 1376 -1
858: 23 122 736 737 812 813 869 875 1370 1376 -1
859: 23 122 736 737 812 813 869 875 1370 1376 -1
860: 23 122 736 737 812 813 869 875 1370 1376 -1
861: 23 122 736 737 812 813 864 869 875 1370 1376 -1
862: 23 122 736 737 812 813 864 869 875 1370 1376 -1
863: 23 122 736 737 812 813 864 869 875 1370 1376 -1
864: 23 122 736 737 812 813 869 875 1370 1376 -1
865: 23 -1
866: 23 -1
867: 23 -1
868: 23 -1
869: -1
870: 23 122 736 737 812 869 875 1370 1376 -1
871: 23 122 736 737 812 869 875 1370 1376 -1
872: 83 306 -1
873: -1
874: -1
875: -1
876: -1
877: 342 -1
878: -1
879: -1
880: -1
881: -1
882: -1
883: -1
884: -1
885: -1
886: -1
887: -1
888: -1
889: -1
890: -1
891: -1
892: -1
893: -1
894: -1
895: -1
896: -1
897: -1
898: -1
899: -1
900: -1
901: -1
902: -1
903: -1
904: -1
905: -1
906: -1
907: -1
908: -1
909: -1
910: 27 919 1169 -1
911: 27 -1
912: 27 1130 -1
913: 27 -1
914: 27 1013 1019 1076 1078 1126 1130 1131 1133 1134 1135 1139 1144 1161 1165 1168 -1
915: 27 -1
916: 27 -1
917: 27 1130 -1
918: 27 1128 -1
919: 27 -1
920: 27 -1
921: 27 -1
922: 27 -1
923: 27 -1
924: 27 -1
925: 27 -1
926: 27 296 334 436 483 629 796 988 1007 1015 1115 1130 1137 1154 1156 1160 1166 1388 1420 1443 1452 1642 1684 1685 2052 -1
927: 27 -1
928: 27 -1
929: 27 1154 1166 -1
930: 27 -1
931: 27 -1
932: 27 329 334 356 454 483 606 629 632 1013 1160 1504 1685 2341 -1
933: 27 -1
934: 27 -1
935: 27 -1
936: 27 -1
937: 27 215 307 332 454 477 481 483 487 489 491 492 614 627 693 701 706 707 708 709 801 802 810 811 888 1020 1052 1175 1214 1334 1387 1390 1427 1441 1569 1649 1685 1690 1699 1757 1828 1894 2052 2126 2135 2227 2228 2232 2380 2401 2415 2771 2772 -1
938: 27 1165 -1
939: 27 -1
940: 27 -1
941: 27 -1
942: 27 -1
943: 27 1652 -1
944: 27 -1
945: 27 -1
946: 27 -1
947: 27 -1
948: 27 -1
949: 27 1127 1154 1166 -1
950: 27 956 1012 1127 1158 1171 -1
951: 27 -1
952: 27 -1
953: 27 1141 -1
954: 27 959 1013 1020 1127 1137 1139 1158 1171 -1
955: 27 1127 -1
956: 27 1154 1166 -1
957: 27 1137 1154 1166 -1
958: 27 988 1016 1130 1137 1139 1144 1158 -1
959: 27 -1
960: 27 -1
961: 27 -1
962: 27 1016 1136 1137 1139 1154 1155 -1
963: 27 -1
964: 27 -1
965: 27 1136 -1
966: 27 -1
967: 27 -1
968: 27 -1
969: 27 343 420 956 1013 1016 1019 1053 1127 1130 1136 1137 1154 1166 -1
970: 27 1013 1130 -1
971: 27 1130 -1
972: 27 -1
973: 27 -1
974: 27 -1
975: 27 483 1685 -1
976: 27 1132 -1
977: 27 1015 -1
978: 27 -1
979: 27 -1
980: 27 -1
981: 27 -1
982: 27 -1
983: 27 1154 1166 -1
984: 27 1015 -1
985: 27 -1
986: 27 -1
987: 27 -1
988: 27 -1
989: 27 -1
990: 27 -1
991: 27 -1
992: 27 -1
993: 27 999 -1
994: 27 1130 -1
995: 27 -1
996: 27 -1
997: 27 -1
998: 27 -1
999: 27 -1
1000: 27 -1
1001: 27 442 701 709 904 1013 1020 1133 1137 1139 1161 1165 1180 1452 1567 -1
1002: 27 -1
1003: 27 -1
1004: 27 -1
1005: 27 -1
1006: 27 -1
1007: 27 -1
1008: 27 323 343 344 356 368 436 483 573 606 612 632 708 721 725 726 761 766 774 810 1013 1053 1137 1161 1165 1171 1284 1334 1350 1351 1354 1393 1397 1402 1475 1518 1567 1569 1685 1786 1787 1881 1882 2216 2336 2409 2769 -1
1009: 27 1130 1139 1143 1161 1165 -1
1010: 27 -1
1011: 27 -1
1012: 27 1019 -1
1013: 27 1016 1019 1136 1146 1154 1166 1171 -1
1014: 27 1154 1166 1171 -1
1015: 27 1007 1016 1130 1135 1154 1166 -1
1016: 27 -1
1017: 27 1016 1054 1131 1139 1146 1154 1166 1171 -1
1018: 27 -1
1019: 27 988 1127 1137 1138 1144 1146 1154 1158 1161 1165 1166 1171 -1
1020: 27 -1
1021: 27 1013 1019 1054 -1
1022: 27 1685 2126 -1
1023: 27 -1
1024: 27 -1
1025: 27 334 483 601 611 629 1475 -1
1026: 27 334 483 601 708 751 1154 1166 1475 1685 -1
1027: 27 -1
1028: 27 265 483 606 612 814 1016 1352 1666 1685 -1
1029: 27 334 349 483 708 1135 1142 1150 1154 1160 1161 1165 1166 1172 1219 1443 1471 1475 1652 1666 1685 -1
1030: 27 332 -1
1031: 27 -1
1032: 27 262 265 296 334 349 483 601 708 711 741 751 767 1016 1135 1142 1154 1160 1161 1165 1166 1179 1219 1351 1402 1443 1471 1475 1652 1666 1683 1685 2186 2422 2469 2470 -1
1033: 27 262 265 334 343 349 433 483 601 767 1016 1044 1142 1150 1154 1160 1166 1172 1219 1443 1475 1530 1684 1685 2203 2379 -1
1034: 27 629 1015 1154 1321 1363 1452 -1
1035: 27 -1
1036: 27 767 1160 1685 2186 -1
1037: 27 483 1079 1685 2406 -1
1038: 27 483 506 507 601 1084 1685 1689 -1
1039: 27 1685 -1
1040: 27 -1
1041: 27 1016 -1
1042: 27 -1
1043: 27 -1
1044: 27 -1
1045: 27 -1
1046: 27 1019 1044 1139 -1
1047: 27 1012 1013 1019 1044 1146 1154 1166 1171 -1
1048: 27 265 1007 1012 1015 1016 1054 1129 1154 1163 1166 1171 -1
1049: 27 -1
1050: 27 334 -1
1051: 27 -1
1052: 27 -1
1053: 27 1171 -1
1054: 27 1007 1016 1019 1127 1130 1131 1155 -1
1055: 27 -1
1056: 27 1132 1139 -1
1057: 27 1013 1127 1130 1137 1139 -1
1058: 27 -1
1059: 27 -1
1060: 27 -1
1061: 27 -1
1062: 27 448 710 1160 1450 1652 1666 1685 -1
1063: 27 -1
1064: 27 -1
1065: 27 1154 1160 -1
1066: 27 1013 1016 -1
1067: 27 -1
1068: 27 -1
1069: 27 296 -1
1070: 27 483 767 873 1015 1130 1137 1154 1161 1165 -1
1071: 27 -1
1072: 27 -1
1073: 27 -1
1074: 27 -1
1075: 27 -1
1076: 27 -1
1077: 27 -1
1078: 27 -1
1079: 27 -1
1080: 27 -1
1081: 27 -1
1082: 27 -1
1083: 27 -1
1084: 27 -1
1085: 27 1127 1136 -1
1086: 27 -1
1087: 27 483 601 708 1084 1154 1160 1530 1666 1685 2409 -1
1088: 27 483 601 1154 1166 -1
1089: 27 702 -1
1090: 27 -1
1091: 27 601 1530 2337 -1
1092: 27 -1
1093: 27 -1
1094: 27 -1
1095: 27 -1
1096: 27 1161 1165 -1
1097: 27 -1
1098: 27 -1
1099: 27 -1
1100: 27 343 -1
1101: 27 -1
1102: 27 -1
1103: 27 483 1015 1652 -1
1104: 27 334 483 988 1015 1016 1154 1156 1160 1166 -1
1105: 27 483 708 1160 1652 -1
1106: 27 483 -1
1107: 27 -1
1108: 27 1130 -1
1109: 27 -1
1110: 27 958 1016 1084 1130 -1
1111: 27 1013 -1
1112: 27 949 -1
1113: 27 -1
1114: 27 1015 1016 1115 1130 1154 1166 -1
1115: 27 -1
1116: 27 708 751 1154 1160 1166 1685 -1
1117: 27 -1
1118: 27 -1
1119: 27 -1
1120: 27 473 -1
1121: 27 -1
1122: 27 -1
1123: 27 -1
1124: 27 -1
1125: -1
1126: -1
1127: -1
1128: -1
1129: -1
1130: -1
1131: -1
1132: -1
1133: -1
1134: -1
1135: -1
1136: -1
1137: -1
1138: 1125 -1
1139: -1
1140: -1
1141: -1
1142: -1
1143: -1
1144: -1
1145: -1
1146: -1
1147: -1
1148: -1
1149: 1153 -1
1150: -1
1151: -1
1152: -1
1153: -1
1154: -1
1155: -1
1156: -1
1157: -1
1158: -1
1159: -1
1160: -1
1161: -1
1162: -1
1163: -1
1164: -1
1165: -1
1166: -1
1167: 1152 -1
1168: -1
1169: -1
1170: -1
1171: -1
1172: 83 337 742 -1
1173: -1
1174: -1
1175: -1
1176: -1
1177: -1
1178: -1
1179: -1
1180: -1
1181: -1
1182: -1
1183: 1180 -1
1184: -1
1185: -1
1186: -1
1187: -1
1188: 29 283 1199 -1
1189: 29 466 1198 1199 1201 1202 1203 1204 -1
1190: 29 -1
1191: 29 -1
1192: 29 -1
1193: 29 -1
1194: 29 1199 1524 1875 -1
1195: 29 -1
1196: 29 -1
1197: 29 37 121 606 1004 1200 1377 1665 2343 -1
1198: -1
1199: -1
1200: -1
1201: -1
1202: -1
1203: -1
1204: -1
1205: -1
1206: 1205 -1
1207: 30 344 610 1031 1075 2175 -1
1208: 30 -1
1209: 30 1220 -1
1210: 30 -1
1211: 30 480 1213 -1
1212: 30 480 1213 -1
1213: -1
1214: 900 -1
1215: -1
1216: -1
1217: -1
1218: -1
1219: -1
1220: 1210 -1
1221: -1
1222: 31 1221 1224 1226 -1
1223: -1
1224: -1
1225: -1
1226: -1
1227: 32 1241 1278 2199 -1
1228: 2199 -1
1229: 2199 -1
1230: 2199 -1
1231: 2199 -1
1232: 2199 -1
1233: 1251 1256 2199 -1
1234: -1
1235: -1
1236: -1
1237: -1
1238: -1
1239: -1
1240: 32 1228 1229 1231 1232 1233 1234 1235 1236 1237 1238 1239 1241 1242 1243 1244 1245 1246 1247 1248 1249 1250 1251 1252 1253 1254 1255 1256 1257 1258 1259 1260 1261 1262 1263 1264 1265 1266 1267 1268 1269 1270 1271 1272 1273 1275 1277 1278 1279 1280 1281 1282 1283 1285 1290 1291 1297 1298 1299 1300 1302 1303 1310 1312 1313 1314 1315 1316 1318 1319 1320 2199 -1
1241: 1240 1251 1256 2199 -1
1242: -1
1243: -1
1244: 2199 -1
1245: -1
1246: 2199 -1
1247: -1
1248: -1
1249: -1
1250: -1
1251: 32 -1
1252: -1
1253: -1
1254: -1
1255: 2199 -1
1256: 32 2199 -1
1257: -1
1258: 2199 -1
1259: -1
1260: -1
1261: -1
1262: -1
1263: -1
1264: 2199 -1
1265: -1
1266: -1
1267: -1
1268: -1
1269: -1
1270: -1
1271: 1314 1315 2199 -1
1272: 2199 -1
1273: 2199 -1
1274: 32 1228 1238 1241 1242 1243 1245 1247 1248 1249 1252 1253 1255 1265 1266 1267 1268 1269 1272 1278 1290 1291 1298 1312 1314 1315 1319 1320 2199 -1
1275: 1240 1251 1256 1303 2199 -1
1276: 32 1228 1229 1231 1232 1233 1234 1235 1236 1237 1238 1239 1241 1242 1243 1244 1245 1246 1247 1248 1249 1250 1251 1252 1253 1254 1255 1256 1257 1258 1259 1260 1261 1262 1263 1264 1265 1266 1267 1268 1269 1270 1271 1272 1273 1275 1277 1278 1279 1280 1281 1282 1283 1285 1290 1291 1297 1298 1299 1300 1302 1310 1312 1313 1314 1315 1316 1318 1319 1320 2199 -1
1277: 1251 1256 2199 -1
1278: 2199 -1
1279: 2199 -1
1280: 2199 -1
1281: 1240 1251 1256 2199 -1
1282: 1240 1251 1256 2199 -1
1283: 1240 1251 1256 1271 1303 2199 -1
1284: -1
1285: -1
1286: -1
1287: -1
1288: -1
1289: -1
1290: -1
1291: -1
1292: -1
1293: -1
1294: -1
1295: -1
1296: -1
1297: -1
1298: -1
1299: -1
1300: -1
1301: -1
1302: -1
1303: -1
1304: -1
1305: -1
1306: -1
1307: -1
1308: -1
1309: -1
1310: -1
1311: -1
1312: -1
1313: -1
1314: -1
1315: -1
1316: -1
1317: -1
1318: -1
1319: -1
1320: -1
1321: -1
1322: -1
1323: 33 1329 1344 1347 -1
1324: 33 1332 -1
1325: 33 -1
1326: 295 313 331 370 383 810 1182 1186 1504 1649 1651 1653 2228 2259 2262 -1
1327: -1
1328: -1
1329: -1
1330: -1
1331: -1
1332: -1
1333: -1
1334: -1
1335: -1
1336: -1
1337: -1
1338: -1
1339: -1
1340: 1324 1338 1343 -1
1341: -1
1342: -1
1343: -1
1344: -1
1345: 1324 -1
1346: -1
1347: -1
1348: 34 -1
1349: 245 629 -1
1350: -1
1351: -1
1352: -1
1353: 266 436 460 471 614 628 715 766 1351 1352 1873 -1
1354: -1
1355: -1
1356: -1
1357: 2342 -1
1358: -1
1359: -1
1360: -1
1361: 2297 -1
1362: -1
1363: 36 -1
1364: 36 -1
1365: -1
1366: 36 -1
1367: 36 -1
1368: 36 1361 1362 -1
1369: 36 2297 -1
1370: 36 -1
1371: 36 1358 1361 1362 1365 -1
1372: 36 1359 1360 1361 1362 -1
1373: 36 60 461 1138 1140 1170 1524 2718 -1
1374: 36 -1
1375: 36 1374 1666 2187 -1
1376: 685 -1
1377: 37 1530 -1
1378: 37 102 140 236 873 1384 2169 2458 2459 2460 2461 2462 2464 2465 2466 2472 2473 2474 2476 2477 2483 2487 2489 2490 2491 2492 2493 2494 2503 2504 2505 2506 2507 2508 2513 2514 2515 2516 2517 2518 2519 2520 2521 2522 2530 2531 2532 2533 2534 -1
1379: -1
1380: -1
1381: -1
1382: 529 744 2372 -1
1383: -1
1384: -1
1385: -1
1386: -1
1387: -1
1388: -1
1389: -1
1390: -1
1391: 1389 -1
1392: -1
1393: -1
1394: -1
1395: -1
1396: -1
1397: -1
1398: -1
1399: -1
1400: 239 300 307 308 314 356 383 411 615 620 687 721 729 766 879 1180 1200 1334 1387 1392 1396 1427 1435 1440 1441 1455 1457 1459 1462 1467 1532 1533 1547 1550 1569 1571 1651 1653 1757 1830 1831 1832 2039 2052 2132 2133 2155 2156 2157 2158 2159 2160 2161 2163 2164 2228 2299 -1
1401: 2310 2311 2315 2317 2318 2319 2320 2321 2322 2323 2326 -1
1402: -1
1403: -1
1404: -1
1405: -1
1406: -1
1407: -1
1408: -1
1409: -1
1410: -1
1411: -1
1412: 1398 1408 1409 2316 -1
1413: -1
1414: -1
1415: -1
1416: -1
1417: 41 -1
1418: -1
1419: -1
1420: -1
1421: -1
1422: -1
1423: -1
1424: -1
1425: -1
1426: -1
1427: -1
1428: 43 1432 1433 1437 1438 1447 1448 1449 1466 -1
1429: -1
1430: -1
1431: -1
1432: -1
1433: -1
1434: -1
1435: -1
1436: -1
1437: -1
1438: -1
1439: -1
1440: -1
1441: -1
1442: -1
1443: -1
1444: -1
1445: -1
1446: -1
1447: -1
1448: -1
1449: -1
1450: -1
1451: -1
1452: -1
1453: -1
1454: -1
1455: -1
1456: -1
1457: -1
1458: -1
1459: -1
1460: -1
1461: -1
1462: -1
1463: -1
1464: -1
1465: -1
1466: -1
1467: -1
1468: -1
1469: -1
1470: -1
1471: -1
1472: -1
1473: -1
1474: -1
1475: -1
1476: 356 614 764 765 766 1387 1390 1402 1520 1642 1684 1690 2162 2164 2218 -1
1477: 44 254 447 -1
1478: 44 -1
1479: 44 766 -1
1480: 44 -1
1481: 44 1487 -1
1482: 44 -1
1483: 44 -1
1484: 44 -1
1485: 44 -1
1486: 44 -1
1487: -1
1488: 606 -1
1489: -1
1490: 46 244 277 278 279 280 286 287 290 291 292 293 299 309 310 375 1500 1501 1502 1503 1507 1545 1767 1768 1904 -1
1491: 46 244 277 278 279 280 286 287 290 291 292 293 299 309 310 375 1500 1501 1502 1503 1507 1545 1767 1768 1904 -1
1492: 46 244 277 278 279 280 286 287 290 291 292 293 299 309 310 375 1500 1501 1502 1503 1507 1545 1767 1768 1904 -1
1493: 46 244 277 278 279 280 286 287 290 291 292 293 299 309 310 375 1500 1501 1502 1503 1507 1545 1767 1768 1904 -1
1494: 46 244 277 278 279 280 286 287 290 291 292 293 299 309 310 375 1500 1501 1502 1503 1507 1545 1767 1768 1904 -1
1495: 46 244 277 278 279 280 286 287 290 291 292 293 299 309 310 375 1500 1501 1502 1503 1507 1545 1767 1768 1904 -1
1496: 46 244 277 278 279 280 286 287 290 291 292 293 299 309 310 375 1500 1501 1502 1503 1507 1545 1767 1768 1904 -1
1497: 46 244 277 278 279 280 286 287 290 291 292 293 299 309 310 375 1500 1501 1502 1503 1507 1545 1767 1768 1904 -1
1498: 46 244 277 278 279 280 286 287 290 291 292 293 299 309 310 375 1500 1501 1502 1503 1507 1545 1767 1768 1904 -1
1499: 46 244 277 278 279 280 286 287 290 291 292 293 299 309 310 375 1500 1501 1502 1503 1507 1545 1767 1768 1904 -1
1500: -1
1501: -1
1502: 289 -1
1503: -1
1504: -1
1505: 1874 -1
1506: -1
1507: -1
1508: -1
1509: -1
1510: 1378 1384 -1
1511: 47 -1
1512: -1
1513: 48 -1
1514: 48 -1
1515: 607 -1
1516: 48 -1
1517: -1
1518: -1
1519: -1
1520: -1
1521: -1
1522: -1
1523: -1
1524: 612 1334 1519 1757 2030 2040 2770 -1
1525: -1
1526: -1
1527: 259 632 1757 1838 1839 1869 2040 -1
1528: 1352 -1
1529: -1
1530: -1
1531: 1587 1869 2228 -1
1532: -1
1533: -1
1534: -1
1535: -1
1536: -1
1537: -1
1538: -1
1539: -1
1540: 607 1539 -1
1541: -1
1542: -1
1543: -1
1544: -1
1545: -1
1546: 1344 -1
1547: -1
1548: -1
1549: -1
1550: -1
1551: 50 258 412 879 1562 1757 -1
1552: 50 -1
1553: 50 -1
1554: 50 1557 1559 1560 1561 1562 1563 -1
1555: 50 -1
1556: -1
1557: -1
1558: -1
1559: -1
1560: -1
1561: -1
1562: -1
1563: -1
1564: -1
1565: 51 298 653 1819 2014 -1
1566: -1
1567: -1
1568: 1566 -1
1569: -1
1570: -1
1571: -1
1572: -1
1573: 1571 -1
1574: 53 141 407 415 947 1112 1640 1819 2406 2419 -1
1575: -1
1576: -1
1577: -1
1578: -1
1579: -1
1580: -1
1581: -1
1582: -1
1583: -1
1584: -1
1585: -1
1586: 2233 2608 -1
1587: -1
1588: -1
1589: -1
1590: -1
1591: -1
1592: -1
1593: -1
1594: -1
1595: -1
1596: -1
1597: -1
1598: -1
1599: 1609 -1
1600: -1
1601: -1
1602: -1
1603: -1
1604: -1
1605: -1
1606: -1
1607: -1
1608: -1
1609: 54 1190 1600 1601 1602 1603 1604 1605 1606 1607 1608 1610 1611 1613 1614 1615 1618 1619 1620 1621 1622 1623 1624 1625 1627 2074 2075 2076 -1
1610: -1
1611: -1
1612: 54 208 217 262 721 1335 1351 1652 2124 2355 2613 2686 2687 -1
1613: -1
1614: -1
1615: -1
1616: 54 1190 1600 1601 1602 1603 1604 1605 1606 1607 1608 1610 1611 1613 1614 1615 1618 1619 1620 1621 1622 1623 1624 1625 1627 2074 2075 2076 -1
1617: 54 1190 1600 1601 1602 1603 1604 1605 1606 1608 1610 1611 1613 1614 1615 1618 1619 1620 1621 1622 1623 1624 1625 1627 2074 2075 2076 -1
1618: -1
1619: -1
1620: -1
1621: -1
1622: -1
1623: -1
1624: -1
1625: -1
1626: 483 -1
1627: -1
1628: -1
1629: 56 1630 1631 1632 1633 1635 1636 1638 2256 2257 -1
1630: -1
1631: -1
1632: -1
1633: -1
1634: -1
1635: -1
1636: -1
1637: 1634 1638 2256 2257 -1
1638: -1
1639: 58 -1
1640: 237 239 249 254 258 259 267 323 358 573 612 614 616 621 627 715 717 721 729 751 761 767 774 1354 1874 2336 2451 2690 -1
1641: 630 2040 -1
1642: -1
1643: 1647 1656 -1
1644: -1
1645: -1
1646: -1
1647: -1
1648: -1
1649: -1
1650: -1
1651: 1653 -1
1652: -1
1653: -1
1654: -1
1655: 285 1645 1646 1656 -1
1656: -1
1657: -1
1658: -1
1659: 1647 -1
1660: 61 -1
1661: -1
1662: -1
1663: -1
1664: -1
1665: -1
1666: -1
1667: -1
1668: 62 -1
1669: 62 -1
1670: 62 -1
1671: 62 -1
1672: 63 -1
1673: 63 402 2419 -1
1674: 63 -1
1675: 64 1382 2123 -1
1676: -1
1677: -1
1678: -1
1679: -1
1680: -1
1681: -1
1682: 65 75 679 2341 -1
1683: 612 1786 1787 -1
1684: -1
1685: -1
1686: -1
1687: -1
1688: 1682 -1
1689: -1
1690: -1
1691: -1
1692: 634 -1
1693: -1
1694: -1
1695: -1
1696: 66 1180 1700 1701 1704 1706 -1
1697: -1
1698: -1
1699: -1
1700: -1
1701: -1
1702: -1
1703: -1
1704: -1
1705: -1
1706: 1697 1701 -1
1707: 67 100 1708 1709 1711 1726 1747 1748 1749 1753 1754 -1
1708: 100 1712 1713 1714 1715 1716 1717 1718 1719 1723 1728 1731 1733 1736 1738 1740 1742 1744 2137 2138 2139 2140 2141 2142 2143 2144 2145 2148 2151 2153 -1
1709: 100 1712 1713 1714 1715 1716 1717 1718 1719 1723 1728 1731 1733 1736 1738 1740 1742 1744 2137 2138 2139 2140 2141 2142 2143 2144 2145 2148 2151 2153 -1
1710: 100 1712 1713 1714 1715 1716 1717 1718 1719 1723 1728 1731 1733 1736 1738 1740 1742 1744 2137 2138 2139 2140 2141 2142 2143 2144 2145 2148 2151 2153 -1
1711: 100 601 708 1339 1520 1712 1713 1714 1715 1716 1717 1718 1719 1723 1728 1731 1733 1736 1738 1740 1742 1744 2137 2138 2139 2140 2141 2142 2143 2144 2145 2148 2151 2153 -1
1712: 67 -1
1713: 67 -1
1714: 67 -1
1715: 67 -1
1716: 67 -1
1717: 67 -1
1718: 67 -1
1719: 67 -1
1720: -1
1721: 67 224 250 539 614 744 810 879 888 902 1334 1416 1423 1425 1556 1564 1682 1712 1713 1714 1715 1716 1717 1718 1719 1728 1731 1733 1736 1738 1740 1742 1744 1757 2131 2132 2161 2164 2228 2297 2337 2443 2444 -1
1722: 100 1712 1713 1714 1715 1716 1717 1718 1719 1728 1731 1733 1736 1738 1740 1742 1744 2137 2138 2139 2140 2141 2142 2143 2144 2145 2148 2151 2153 -1
1723: 67 100 -1
1724: -1
1725: -1
1726: 100 1712 1713 1714 1715 1716 1717 1718 1719 1728 1731 1733 1736 1738 1740 1742 1744 2137 2138 2139 2140 2141 2142 2143 2144 2145 2148 2151 2153 -1
1727: 100 -1
1728: 67 -1
1729: -1
1730: -1
1731: 67 -1
1732: -1
1733: 67 -1
1734: -1
1735: -1
1736: 67 -1
1737: -1
1738: 67 -1
1739: -1
1740: 67 -1
1741: -1
1742: 67 -1
1743: -1
1744: 67 -1
1745: -1
1746: -1
1747: 100 1712 1713 1714 1715 1716 1717 1718 1719 1723 1728 1731 1733 1736 1738 1740 1742 1744 2137 2138 2139 2140 2141 2142 2143 2144 2145 2148 2151 2153 -1
1748: 100 1712 1713 1714 1715 1716 1717 1718 1719 1723 1728 1731 1733 1736 1738 1740 1742 1744 2137 2138 2139 2140 2141 2142 2143 2144 2145 2148 2151 2153 -1
1749: 100 1712 1713 1714 1715 1716 1717 1718 1719 1723 1728 1731 1733 1736 1738 1740 1742 1744 2137 2138 2139 2140 2141 2142 2143 2144 2145 2148 2151 2153 -1
1750: 100 1712 1713 1714 1715 1716 1717 1718 1719 1723 1728 1731 1733 1736 1738 1740 1742 1744 2137 2138 2139 2140 2141 2142 2143 2144 2145 2148 2151 2153 -1
1751: 100 1712 1713 1714 1715 1716 1717 1718 1719 1723 1728 1731 1733 1736 1738 1740 1742 1744 2137 2138 2139 2140 2141 2142 2143 2144 2145 2148 2151 2153 -1
1752: 100 1712 1713 1714 1715 1716 1717 1718 1719 1723 1728 1731 1733 1736 1738 1740 1742 1744 2137 2138 2139 2140 2141 2142 2143 2144 2145 2148 2151 2153 -1
1753: 100 1712 1713 1714 1715 1716 1717 1718 1719 1723 1728 1731 1733 1736 1738 1740 1742 1744 2137 2138 2139 2140 2141 2142 2143 2144 2145 2148 2151 2153 -1
1754: 100 1712 1713 1714 1715 1716 1717 1718 1719 1723 1728 1731 1733 1736 1738 1740 1742 1744 2137 2138 2139 2140 2141 2142 2143 2144 2145 2148 2151 2153 -1
1755: 67 100 1708 1709 1711 1712 1713 1714 1715 1716 1717 1718 1719 1720 1723 1724 1725 1726 1728 1729 1730 1731 1732 1733 1734 1735 1736 1737 1738 1739 1740 1741 1742 1743 1744 1745 1746 1747 1748 1749 1753 1754 2137 2138 2139 2140 2141 2142 2143 2144 2145 2146 2147 2148 2149 2150 2151 2152 2153 2154 -1
1756: -1
1757: -1
1758: 68 -1
1759: 69 1779 1780 1781 1782 1783 -1
1760: 69 -1
1761: 69 -1
1762: 69 -1
1763: 69 288 -1
1764: 69 -1
1765: 69 -1
1766: 69 -1
1767: 69 -1
1768: 69 -1
1769: 69 453 679 1435 -1
1770: 69 164 254 442 443 444 445 450 453 455 457 458 459 460 462 463 468 471 632 679 680 766 772 -1
1771: 69 -1
1772: 69 -1
1773: 69 -1
1774: 69 680 772 -1
1775: 69 -1
1776: 69 -1
1777: 69 -1
1778: 69 -1
1779: 470 607 1780 1781 1782 -1
1780: 1779 -1
1781: -1
1782: -1
1783: -1
1784: 70 708 1439 1785 -1
1785: -1
1786: -1
1787: 1786 2040 -1
1788: -1
1789: 71 1788 1790 1791 1792 1793 1794 1795 1796 1797 1799 1800 1801 1802 1803 1804 1805 1806 1807 1809 -1
1790: -1
1791: -1
1792: -1
1793: -1
1794: -1
1795: -1
1796: -1
1797: -1
1798: -1
1799: -1
1800: -1
1801: -1
1802: -1
1803: -1
1804: -1
1805: -1
1806: -1
1807: -1
1808: -1
1809: -1
1810: 1816 1820 1825 1826 1831 1832 1834 -1
1811: 72 1815 -1
1812: 72 -1
1813: 72 -1
1814: 72 406 407 414 415 427 433 436 448 1818 1825 -1
1815: -1
1816: -1
1817: 430 1823 -1
1818: -1
1819: -1
1820: -1
1821: -1
1822: -1
1823: -1
1824: -1
1825: -1
1826: -1
1827: 1819 -1
1828: -1
1829: -1
1830: -1
1831: -1
1832: -1
1833: -1
1834: -1
1835: -1
1836: 74 93 112 254 689 2116 2117 2469 -1
1837: -1
1838: 1839 -1
1839: -1
1840: -1
1841: -1
1842: -1
1843: 77 -1
1844: -1
1845: -1
1846: -1
1847: -1
1848: 2338 -1
1849: 614 1543 -1
1850: 79 -1
1851: -1
1852: 79 -1
1853: 79 -1
1854: 79 -1
1855: 79 1851 -1
1856: 79 -1
1857: 79 -1
1858: 79 -1
1859: -1
1860: 1859 -1
1861: 80 -1
1862: 80 148 2608 -1
1863: 81 251 614 1867 1870 1883 -1
1864: 81 1870 -1
1865: 81 1334 1757 1879 -1
1866: 81 1879 -1
1867: -1
1868: -1
1869: 2040 -1
1870: -1
1871: -1
1872: -1
1873: -1
1874: -1
1875: -1
1876: -1
1877: -1
1878: 610 -1
1879: -1
1880: -1
1881: -1
1882: -1
1883: -1
1884: -1
1885: -1
1886: -1
1887: -1
1888: -1
1889: -1
1890: -1
1891: 1895 -1
1892: -1
1893: 1892 -1
1894: -1
1895: -1
1896: -1
1897: -1
1898: -1
1899: -1
1900: 83 2056 -1
1901: 83 -1
1902: 83 -1
1903: 83 1905 -1
1904: 83 -1
1905: 83 -1
1906: 83 -1
1907: 83 -1
1908: 83 -1
1909: 83 -1
1910: 83 -1
1911: 83 -1
1912: 83 -1
1913: 83 -1
1914: 83 -1
1915: 83 285 383 566 790 808 1966 2223 -1
1916: 83 311 1539 -1
1917: 83 319 341 348 356 370 383 390 566 649 791 808 1966 -1
1918: 83 -1
1919: 83 314 319 341 342 356 372 384 390 403 791 -1
1920: 83 -1
1921: 83 -1
1922: 83 276 313 318 319 341 342 356 372 373 374 383 384 387 390 403 649 791 795 1649 1650 -1
1923: 83 -1
1924: 83 314 -1
1925: 83 -1
1926: 83 152 379 381 1946 -1
1927: 83 -1
1928: 83 314 397 -1
1929: 83 -1
1930: 83 -1
1931: 83 314 397 -1
1932: 83 -1
1933: 83 -1
1934: 83 -1
1935: 83 248 397 621 691 1520 2227 -1
1936: 83 -1
1937: 83 -1
1938: 83 314 -1
1939: 83 -1
1940: 83 -1
1941: 83 -1
1942: 83 -1
1943: 83 2164 2227 2228 2232 -1
1944: 83 -1
1945: 83 1649 -1
1946: 359 1542 2033 -1
1947: 83 -1
1948: 83 -1
1949: 83 295 318 324 383 783 -1
1950: 83 -1
1951: 83 -1
1952: 83 301 349 879 1174 1179 1387 1390 1397 1441 1455 1567 1569 1572 1649 2052 2164 2232 -1
1953: 83 -1
1954: 83 -1
1955: 83 -1
1956: 83 801 1685 -1
1957: 83 789 795 808 888 889 890 894 -1
1958: 83 -1
1959: 83 -1
1960: 83 -1
1961: 83 2060 -1
1962: 83 1649 -1
1963: 83 -1
1964: 83 2054 -1
1965: 83 379 1558 -1
1966: 83 -1
1967: 83 -1
1968: 83 -1
1969: 83 383 632 683 721 744 1289 1354 1435 1464 1548 1757 1884 2213 2337 2339 -1
1970: 83 -1
1971: 83 314 -1
1972: 83 1177 -1
1973: 83 1185 2314 -1
1974: 83 246 253 267 285 412 413 478 482 483 612 634 635 693 721 796 800 810 878 879 888 889 894 902 1128 1175 1179 1182 1186 1334 1351 1387 1390 1392 1402 1419 1421 1425 1426 1427 1430 1488 1508 1567 1569 1649 1757 1830 1881 1891 1895 2052 2126 2130 2132 2133 2162 2164 2213 2216 2227 2228 2258 2259 2262 2263 2335 2337 -1
1975: 83 1177 -1
1976: 83 -1
1977: 83 379 -1
1978: 83 -1
1979: 83 -1
1980: 83 284 307 308 342 412 470 483 607 612 631 701 706 708 709 717 721 767 878 881 882 894 900 1160 1161 1165 1179 1289 1321 1334 1351 1387 1402 1422 1435 1440 1441 1442 1443 1445 1450 1452 1455 1457 1458 1459 1462 1467 1469 1532 1534 1537 1549 1567 1683 1685 2039 2157 2337 2390 2409 -1
1981: 83 -1
1982: 83 1435 1450 1457 1462 2186 -1
1983: 83 -1
1984: 83 285 342 383 596 647 648 655 797 2718 -1
1985: 83 -1
1986: 83 383 387 400 477 486 490 691 791 1214 1216 2218 -1
1987: 83 384 400 -1
1988: 83 311 341 342 383 384 390 403 791 2538 -1
1989: 83 372 383 403 795 -1
1990: 83 372 383 384 403 -1
1991: 83 383 -1
1992: 83 383 1649 -1
1993: 83 383 -1
1994: 83 281 285 289 295 296 301 304 313 331 356 383 783 801 802 808 810 1504 1645 1646 1652 1656 1657 2069 -1
1995: 83 -1
1996: 83 331 372 373 384 403 795 -1
1997: 83 -1
1998: 83 318 331 348 372 374 383 384 385 403 1649 -1
1999: 83 341 373 383 400 -1
2000: 83 318 319 343 400 403 791 1539 -1
2001: 83 383 400 628 718 791 878 890 891 894 1387 1390 1530 1757 -1
2002: 83 383 -1
2003: 83 318 324 356 372 383 384 702 1649 2228 -1
2004: 83 356 383 384 -1
2005: 83 791 -1
2006: 83 331 341 383 384 390 -1
2007: 83 372 383 384 400 -1
2008: 83 -1
2009: 83 324 348 383 400 -1
2010: 83 384 400 1333 -1
2011: 83 342 372 383 384 1509 -1
2012: 83 331 383 384 403 1649 2069 -1
2013: 83 383 384 400 2337 -1
2014: 83 331 349 383 1567 2542 -1
2015: 83 285 295 296 302 315 318 319 325 343 356 370 374 379 383 390 649 783 789 795 800 801 802 808 810 811 1174 1652 1653 2014 2268 -1
2016: -1
2017: -1
2018: -1
2019: -1
2020: -1
2021: -1
2022: -1
2023: -1
2024: -1
2025: -1
2026: -1
2027: -1
2028: -1
2029: -1
2030: -1
2031: -1
2032: -1
2033: -1
2034: -1
2035: -1
2036: 1542 -1
2037: -1
2038: -1
2039: -1
2040: -1
2041: -1
2042: -1
2043: 721 -1
2044: -1
2045: -1
2046: -1
2047: 84 -1
2048: -1
2049: -1
2050: -1
2051: -1
2052: -1
2053: -1
2054: -1
2055: -1
2056: -1
2057: -1
2058: -1
2059: -1
2060: -1
2061: -1
2062: -1
2063: -1
2064: -1
2065: -1
2066: -1
2067: -1
2068: -1
2069: -1
2070: 88 2078 2079 2080 2081 2082 2083 2084 2085 2086 2087 2088 2089 2090 2091 2092 2093 2094 2095 2096 2097 2098 2099 2100 2101 2102 2103 -1
2071: 88 2078 2079 2080 2081 2082 2083 2084 2085 2086 2087 2088 2089 2090 2091 2092 2093 2094 2095 2096 2097 2098 2099 2100 2101 2102 2103 -1
2072: 88 2078 2079 2080 2081 2082 2083 2084 2085 2086 2087 2088 2089 2090 2091 2092 2093 2094 2095 2096 2097 2098 2099 2100 2101 2102 2103 -1
2073: 88 2078 2079 2080 2081 2082 2083 2084 2085 2086 2087 2088 2089 2090 2091 2092 2093 2094 2095 2096 2097 2098 2099 2100 2101 2102 2103 -1
2074: 88 2078 2079 2080 2081 2082 2083 2084 2085 2086 2087 2088 2089 2090 2091 2092 2093 2094 2095 2096 2097 2098 2099 2100 2101 2102 2103 -1
2075: 88 2078 2079 2080 2081 2082 2083 2084 2085 2086 2087 2088 2089 2090 2091 2092 2093 2094 2095 2096 2097 2098 2099 2100 2101 2102 2103 -1
2076: 88 2078 2079 2080 2081 2082 2083 2084 2085 2086 2087 2088 2089 2090 2091 2092 2093 2094 2095 2096 2097 2098 2099 2100 2101 2102 2103 -1
2077: 88 2078 2079 2080 2081 2082 2083 2084 2085 2086 2087 2088 2089 2090 2091 2092 2093 2094 2095 2096 2097 2098 2099 2100 2101 2102 2103 -1
2078: -1
2079: -1
2080: -1
2081: -1
2082: -1
2083: -1
2084: -1
2085: -1
2086: -1
2087: -1
2088: -1
2089: -1
2090: -1
2091: -1
2092: -1
2093: -1
2094: -1
2095: -1
2096: -1
2097: -1
2098: -1
2099: -1
2100: -1
2101: -1
2102: -1
2103: -1
2104: 1534 -1
2105: -1
2106: 159 440 -1
2107: -1
2108: 90 -1
2109: 91 -1
2110: 91 -1
2111: 91 2115 -1
2112: -1
2113: -1
2114: -1
2115: -1
2116: -1
2117: -1
2118: 92 -1
2119: -1
2120: 93 -1
2121: 148 2208 2608 -1
2122: 202 777 -1
2123: -1
2124: -1
2125: 96 -1
2126: -1
2127: 97 -1
2128: -1
2129: -1
2130: -1
2131: -1
2132: -1
2133: -1
2134: -1
2135: -1
2136: 100 -1
2137: 100 -1
2138: 100 -1
2139: 100 -1
2140: 100 -1
2141: 100 -1
2142: 100 -1
2143: 100 -1
2144: 100 -1
2145: 100 -1
2146: 100 -1
2147: 100 -1
2148: 100 -1
2149: 100 -1
2150: 100 -1
2151: 100 -1
2152: 100 -1
2153: 100 -1
2154: 100 -1
2155: -1
2156: -1
2157: -1
2158: -1
2159: -1
2160: -1
2161: -1
2162: -1
2163: -1
2164: -1
2165: 101 631 -1
2166: -1
2167: 102 -1
2168: 102 1876 -1
2169: -1
2170: 2171 -1
2171: -1
2172: 103 2177 -1
2173: 103 -1
2174: 103 -1
2175: 103 2177 -1
2176: 103 2177 -1
2177: -1
2178: -1
2179: -1
2180: 165 -1
2181: 165 -1
2182: 165 -1
2183: 165 -1
2184: 105 -1
2185: -1
2186: 106 -1
2187: 106 206 275 284 296 305 334 339 483 679 1458 2210 -1
2188: 106 -1
2189: 106 755 2203 -1
2190: 106 767 -1
2191: 106 755 -1
2192: 106 -1
2193: 106 -1
2194: 106 -1
2195: 106 -1
2196: 106 755 -1
2197: 106 766 772 -1
2198: 106 242 721 755 -1
2199: 106 264 673 -1
2200: 106 239 468 755 759 1479 -1
2201: 106 239 445 464 468 606 712 721 753 755 759 763 766 767 1479 1520 1684 1690 1838 1839 2200 -1
2202: 764 766 2186 2203 -1
2203: -1
2204: 1531 -1
2205: 109 -1
2206: 1680 2205 2207 2208 2233 -1
2207: -1
2208: -1
2209: -1
2210: -1
2211: -1
2212: 239 259 267 612 621 717 721 774 1786 1787 -1
2213: -1
2214: -1
2215: -1
2216: -1
2217: 111 395 2219 2221 2222 2224 2225 2226 2230 2231 -1
2218: -1
2219: -1
2220: -1
2221: -1
2222: -1
2223: -1
2224: -1
2225: -1
2226: -1
2227: -1
2228: -1
2229: 217 732 943 1334 1532 1587 1699 -1
2230: -1
2231: -1
2232: -1
2233: -1
2234: 112 -1
2235: 112 -1
2236: 112 2233 2240 2248 2250 -1
2237: 112 -1
2238: 112 2233 2240 2248 2250 -1
2239: 112 2233 2240 2248 2250 -1
2240: -1
2241: 112 2234 2235 2236 2237 2238 2239 2249 -1
2242: 112 1680 -1
2243: 112 -1
2244: 112 2239 -1
2245: 112 2233 -1
2246: 112 2233 2247 -1
2247: 112 -1
2248: -1
2249: 112 2233 -1
2250: -1
2251: -1
2252: -1
2253: 114 -1
2254: 114 -1
2255: 114 -1
2256: -1
2257: -1
2258: -1
2259: -1
2260: -1
2261: 2260 -1
2262: 2259 -1
2263: 2258 -1
2264: -1
2265: 118 -1
2266: -1
2267: 2268 -1
2268: 356 -1
2269: 120 2207 2233 -1
2270: 120 1225 -1
2271: 122 -1
2272: 122 -1
2273: 122 -1
2274: 122 -1
2275: 122 1376 -1
2276: 122 1376 -1
2277: 122 1376 -1
2278: 122 1376 -1
2279: 122 1376 -1
2280: 122 -1
2281: 122 1376 -1
2282: 122 1376 -1
2283: 122 1376 -1
2284: 122 -1
2285: 122 -1
2286: 122 -1
2287: 122 -1
2288: 122 -1
2289: 122 -1
2290: 122 -1
2291: 122 -1
2292: 122 -1
2293: 122 -1
2294: 122 -1
2295: 122 -1
2296: 122 -1
2297: -1
2298: 909 -1
2299: -1
2300: 124 -1
2301: 124 -1
2302: 124 -1
2303: 124 -1
2304: 124 -1
2305: 124 -1
2306: 124 -1
2307: 124 -1
2308: 124 -1
2309: 124 -1
2310: -1
2311: -1
2312: -1
2313: -1
2314: 1185 -1
2315: -1
2316: -1
2317: -1
2318: -1
2319: -1
2320: -1
2321: -1
2322: -1
2323: -1
2324: -1
2325: -1
2326: -1
2327: 125 -1
2328: 126 -1
2329: 126 -1
2330: 126 -1
2331: 126 -1
2332: 126 -1
2333: 126 -1
2334: -1
2335: -1
2336: -1
2337: -1
2338: 715 -1
2339: -1
2340: -1
2341: -1
2342: 251 878 889 1387 1390 1534 1757 2259 2262 -1
2343: -1
2344: 128 -1
2345: 128 -1
2346: 128 -1
2347: 128 -1
2348: 128 483 1402 1530 1628 2354 2355 2446 -1
2349: 128 2354 2355 -1
2350: 128 2353 -1
2351: 128 2353 2354 -1
2352: -1
2353: -1
2354: -1
2355: -1
2356: 129 1664 2357 2358 2619 2620 2621 2622 2623 2624 2625 -1
2357: -1
2358: -1
2359: 129 -1
2360: 129 -1
2361: 129 -1
2362: 129 1150 2370 2713 -1
2363: 129 766 1846 2411 2713 -1
2364: 129 -1
2365: 129 -1
2366: 129 -1
2367: 129 -1
2368: 129 -1
2369: 129 -1
2370: 129 744 -1
2371: 129 -1
2372: 129 744 1383 -1
2373: 130 -1
2374: 130 -1
2375: 239 -1
2376: 247 254 297 1886 -1
2377: -1
2378: 2377 -1
2379: -1
2380: -1
2381: -1
2382: 2414 -1
2383: -1
2384: -1
2385: 133 2382 2386 2413 2421 -1
2386: 2406 2411 2414 2416 2418 2420 2423 2426 2427 -1
2387: -1
2388: -1
2389: -1
2390: -1
2391: -1
2392: -1
2393: -1
2394: -1
2395: -1
2396: -1
2397: -1
2398: -1
2399: -1
2400: -1
2401: -1
2402: -1
2403: 133 2382 2386 2413 2421 -1
2404: 133 2382 2383 2384 2386 2387 2388 2389 2390 2391 2392 2393 2394 2395 2396 2397 2398 2399 2400 2401 2413 2421 -1
2405: 133 2386 -1
2406: 133 2382 2386 2405 2413 2421 -1
2407: 133 2381 2386 2402 -1
2408: 133 2381 2386 2402 -1
2409: -1
2410: -1
2411: -1
2412: -1
2413: -1
2414: -1
2415: -1
2416: -1
2417: 202 439 470 511 539 632 721 744 777 1179 1187 1352 1387 1390 1508 1534 1699 1757 1786 1787 2133 -1
2418: -1
2419: -1
2420: -1
2421: -1
2422: -1
2423: -1
2424: -1
2425: -1
2426: -1
2427: 2401 -1
2428: 134 2429 2430 2431 2432 2433 2434 2435 2436 2437 2438 2439 2440 2441 2442 -1
2429: -1
2430: -1
2431: -1
2432: -1
2433: -1
2434: -1
2435: -1
2436: -1
2437: -1
2438: -1
2439: -1
2440: -1
2441: -1
2442: -1
2443: 2444 -1
2444: -1
2445: 136 -1
2446: -1
2447: -1
2448: -1
2449: 1886 -1
2450: 1886 -1
2451: -1
2452: -1
2453: 138 -1
2454: 139 -1
2455: 139 -1
2456: 139 -1
2457: 140 235 262 454 469 630 631 1339 1351 1530 1798 2026 2124 2478 2483 2486 -1
2458: 2475 2478 2479 2480 2481 2486 2495 2496 2497 2498 2499 2500 2501 2502 2509 2510 2511 2512 2523 2524 2525 2526 2527 2528 2529 -1
2459: 2475 2478 2479 2480 2481 2484 2486 2495 2496 2497 2498 2499 2500 2501 2502 2509 2510 2511 2512 2523 2524 2525 2526 2527 2528 2529 -1
2460: 2475 2478 2479 2480 2481 2484 2486 2495 2496 2497 2498 2499 2500 2501 2502 2509 2510 2511 2512 2523 2524 2525 2526 2527 2528 2529 -1
2461: 2475 2478 2479 2480 2481 2484 2486 2495 2496 2497 2498 2499 2500 2501 2502 2509 2510 2511 2512 2523 2524 2525 2526 2527 2528 2529 -1
2462: 2475 2478 2479 2480 2481 2486 2495 2496 2497 2498 2499 2500 2501 2502 2509 2510 2511 2512 2523 2524 2525 2526 2527 2528 2529 -1
2463: 140 2458 2459 2460 2461 2462 2464 2466 2472 2473 2474 2476 2477 2483 2487 2489 2490 2491 2492 2493 2494 2503 2504 2505 2506 2507 2508 2513 2514 2515 2516 2517 2518 2519 2520 2521 2522 2530 2531 2532 2533 2534 -1
2464: 2475 2478 2479 2480 2481 2486 2495 2496 2497 2498 2499 2500 2501 2502 2509 2510 2511 2512 2523 2524 2525 2526 2527 2528 2529 -1
2465: 2475 2478 2479 2480 2481 2484 2486 2495 2496 2497 2498 2499 2500 2501 2502 2509 2510 2511 2512 2523 2524 2525 2526 2527 2528 2529 -1
2466: 2475 2478 2480 2486 2495 2496 2497 2498 2499 2500 2501 2502 2509 2510 2511 2512 2523 2524 2525 2526 2527 2528 -1
2467: 140 2458 2459 2460 2461 2462 2464 2465 2466 2472 2473 2474 2476 2477 2483 2487 2489 2490 2491 2492 2493 2494 2503 2504 2505 2506 2507 2508 2513 2514 2515 2516 2517 2518 2519 2520 2521 2522 2530 2531 2532 2533 2534 -1
2468: 140 2458 2459 2460 2461 2462 2464 2465 2466 2472 2473 2474 2475 2476 2477 2478 2479 2480 2481 2482 2483 2484 2485 2486 2487 2489 2490 2491 2492 2493 2494 2495 2496 2497 2498 2499 2500 2501 2502 2503 2504 2505 2506 2507 2508 2509 2510 2511 2512 2513 2514 2515 2516 2517 2518 2519 2520 2521 2522 2523 2524 2525 2526 2527 2528 2529 2530 2531 2532 2533 2534 -1
2469: 140 2458 2459 2460 2461 2462 2464 2465 2466 2472 2473 2474 2475 2476 2477 2478 2479 2480 2481 2482 2483 2484 2485 2486 2487 2489 2490 2491 2492 2493 2494 2495 2496 2497 2498 2499 2500 2501 2502 2503 2504 2505 2506 2507 2508 2509 2510 2511 2512 2513 2514 2515 2516 2517 2518 2519 2520 2521 2522 2523 2524 2525 2526 2527 2528 2529 2530 2531 2532 2533 2534 -1
2470: 140 2458 2459 2460 2461 2462 2464 2465 2466 2472 2473 2474 2475 2476 2477 2478 2479 2480 2481 2482 2483 2484 2485 2486 2487 2489 2490 2491 2492 2493 2494 2495 2496 2497 2498 2499 2500 2501 2502 2503 2504 2505 2506 2507 2508 2509 2510 2511 2512 2513 2514 2515 2516 2517 2518 2519 2520 2521 2522 2523 2524 2525 2526 2527 2528 2529 2530 2531 2532 2533 2534 -1
2471: 140 2458 2459 2460 2461 2462 2463 2464 2465 2466 2472 2473 2474 2475 2476 2477 2478 2479 2480 2481 2482 2483 2484 2485 2486 2487 2489 2490 2491 2492 2493 2494 2495 2496 2497 2498 2499 2500 2501 2502 2503 2504 2505 2506 2507 2508 2509 2510 2511 2512 2513 2514 2515 2516 2517 2518 2519 2520 2521 2522 2523 2524 2525 2526 2527 2528 2529 2530 2531 2532 2533 2534 -1
2472: 2475 2478 2479 2480 2481 2484 2486 2495 2496 2497 2498 2499 2500 2501 2502 2509 2510 2511 2512 2523 2524 2525 2526 2527 2528 2529 -1
2473: 2475 2478 2479 2480 2481 2484 2486 2495 2496 2497 2498 2499 2500 2501 2502 2509 2510 2511 2512 2523 2525 2526 2527 2528 2529 -1
2474: 2475 2478 2479 2480 2481 2484 2486 2495 2496 2497 2498 2499 2500 2501 2502 2509 2510 2511 2512 2523 2524 2525 2526 2527 2528 2529 -1
2475: 140 2458 2459 2461 2462 2464 2466 2472 2476 2483 2487 2489 2490 2491 2492 2493 2494 2503 2504 2505 2506 2508 2513 2514 2516 2517 2518 2520 2521 2522 2531 2532 2534 -1
2476: 2475 2478 2480 2481 2486 2495 2496 2497 2498 2499 2500 2501 2502 2509 2510 2511 2512 2523 2524 2525 2526 2527 2528 2529 -1
2477: 2475 2478 2480 2481 2486 2495 2496 2497 2498 2499 2500 2501 2502 2509 2510 2511 2512 2523 2524 2525 2526 2527 2528 2529 -1
2478: 140 2458 2459 2462 2464 2466 2472 2476 2487 -1
2479: 140 2458 2459 2462 2464 2466 2472 2476 2487 -1
2480: 140 2458 2459 2462 2464 2466 2472 2476 2487 -1
2481: 140 2458 2459 2462 2464 2466 2472 2476 2487 -1
2482: 140 2458 2459 2462 2464 2466 2472 2476 2483 2487 -1
2483: 2475 2478 2480 2481 2486 2495 2496 2497 2498 2499 2500 2501 2502 2509 2510 2511 2512 2523 2524 2525 2526 2527 2528 2529 -1
2484: 140 2458 2459 2462 2464 2466 2472 2476 2487 -1
2485: 140 2458 2459 2461 2462 2464 2466 2472 2476 2483 2487 2489 2490 2491 2492 2493 2494 2503 2504 2505 2506 2508 2513 2514 2516 2517 2518 2520 2521 2522 2531 2532 2534 -1
2486: 140 2458 2459 2462 2464 2466 2472 2476 2483 2487 2489 2490 2491 2492 2493 2494 2503 2504 2505 2506 2508 2513 2514 2518 2520 2521 2522 2531 2532 2534 -1
2487: 2475 2478 2479 2480 2481 2484 2486 2495 2496 2497 2498 2499 2500 2501 2502 2509 2510 2511 2512 2523 2524 2525 2526 2527 2528 2529 -1
2488: 140 202 744 777 -1
2489: -1
2490: 2526 -1
2491: -1
2492: -1
2493: -1
2494: 2496 -1
2495: -1
2496: -1
2497: -1
2498: -1
2499: 2462 -1
2500: -1
2501: -1
2502: -1
2503: -1
2504: -1
2505: -1
2506: 2496 -1
2507: 2496 -1
2508: 2496 -1
2509: -1
2510: -1
2511: 2460 -1
2512: -1
2513: -1
2514: -1
2515: -1
2516: 2524 -1
2517: -1
2518: -1
2519: 2475 2495 2496 2497 2498 2499 2500 2501 2502 2509 2510 2511 2512 2523 2524 2525 2526 2527 2528 2529 -1
2520: -1
2521: -1
2522: -1
2523: -1
2524: -1
2525: -1
2526: -1
2527: -1
2528: -1
2529: -1
2530: 2524 -1
2531: -1
2532: -1
2533: 2485 -1
2534: -1
2535: 142 -1
2536: 142 -1
2537: 143 -1
2538: -1
2539: -1
2540: 146 -1
2541: 146 -1
2542: -1
2543: 159 440 -1
2544: 147 215 610 632 1071 1072 1351 1522 1534 2548 2549 2550 2551 2552 2553 2554 2555 2556 2557 2558 2559 2560 2561 2562 2563 2564 2565 2566 2567 2568 2569 2570 2571 2572 2573 2574 2575 2576 2577 2578 2579 2580 2581 2582 2583 2584 2585 2586 2587 2588 2589 2590 2591 2592 2593 2594 2595 -1
2545: 147 2548 2549 2550 2551 2552 2553 2554 2555 2556 2557 2558 2559 2560 2561 2562 2563 2564 2565 2566 2567 2568 2569 2570 2571 2572 2573 2574 2575 2576 2577 2578 2579 2580 2581 2582 2583 2584 2585 2586 2587 2588 2589 2590 2591 2592 2593 2594 2595 -1
2546: 147 2548 2549 2550 2551 2552 2553 2554 2555 2556 2557 2558 2559 2560 2561 2562 2563 2564 2565 2566 2567 2568 2569 2570 2571 2572 2573 2574 2575 2576 2577 2578 2579 2580 2581 2582 2583 2584 2585 2586 2587 2588 2589 2590 2591 2592 2593 2594 2595 -1
2547: 147 2548 2549 2550 2551 2552 2553 2554 2555 2556 2557 2558 2559 2560 2561 2562 2563 2564 2565 2566 2567 2568 2569 2570 2571 2572 2573 2574 2575 2576 2577 2578 2579 2580 2581 2582 2583 2584 2585 2586 2587 2588 2589 2590 2591 2592 2593 2594 2595 -1
2548: -1
2549: -1
2550: -1
2551: -1
2552: -1
2553: -1
2554: -1
2555: -1
2556: -1
2557: -1
2558: -1
2559: -1
2560: -1
2561: -1
2562: -1
2563: -1
2564: -1
2565: -1
2566: -1
2567: -1
2568: -1
2569: -1
2570: -1
2571: -1
2572: -1
2573: -1
2574: -1
2575: -1
2576: -1
2577: -1
2578: -1
2579: -1
2580: -1
2581: -1
2582: -1
2583: -1
2584: -1
2585: -1
2586: -1
2587: -1
2588: -1
2589: -1
2590: -1
2591: -1
2592: -1
2593: -1
2594: -1
2595: -1
2596: 1615 -1
2597: -1
2598: -1
2599: -1
2600: 148 2596 2597 2598 2599 2608 -1
2601: 148 2596 2597 2598 2599 2608 -1
2602: 148 -1
2603: 148 2608 -1
2604: 148 167 1225 2608 -1
2605: 148 1530 2397 2608 -1
2606: 148 1225 2233 2608 -1
2607: 148 -1
2608: -1
2609: 215 235 262 483 631 894 1154 1334 1339 1402 1530 1548 1652 1666 1685 2124 2252 -1
2610: 149 -1
2611: 149 1758 2609 2630 2631 2632 2633 2634 2635 2636 2637 2638 -1
2612: -1
2613: -1
2614: -1
2615: -1
2616: -1
2617: -1
2618: -1
2619: -1
2620: -1
2621: -1
2622: -1
2623: -1
2624: -1
2625: -1
2626: -1
2627: -1
2628: -1
2629: -1
2630: 150 235 1588 -1
2631: 150 -1
2632: 150 -1
2633: 150 -1
2634: 150 -1
2635: 150 -1
2636: 150 -1
2637: 150 -1
2638: 150 -1
2639: 150 -1
2640: 150 -1
2641: 150 -1
2642: 150 -1
2643: 150 -1
2644: 150 -1
2645: 150 -1
2646: 150 -1
2647: 150 -1
2648: 150 -1
2649: 150 -1
2650: 150 -1
2651: 150 -1
2652: 150 -1
2653: 150 -1
2654: 150 -1
2655: 150 -1
2656: 150 -1
2657: 150 -1
2658: 150 -1
2659: 150 -1
2660: 150 -1
2661: 150 -1
2662: 150 -1
2663: 150 -1
2664: 150 -1
2665: 150 -1
2666: 150 -1
2667: 150 -1
2668: 150 -1
2669: 150 -1
2670: 150 -1
2671: 150 -1
2672: 150 -1
2673: 150 -1
2674: 150 -1
2675: 150 -1
2676: 150 -1
2677: 150 -1
2678: 150 -1
2679: 150 -1
2680: 150 -1
2681: 150 -1
2682: 150 -1
2683: 150 -1
2684: 1380 1381 1402 -1
2685: 150 2688 -1
2686: 2688 -1
2687: 2688 -1
2688: -1
2689: 159 440 2690 -1
2690: -1
2691: -1
2692: 152 321 325 335 337 2694 -1
2693: 152 -1
2694: -1
2695: 325 -1
2696: 153 -1
2697: 153 2228 -1
2698: 153 483 682 686 690 1052 1452 -1
2699: 153 -1
2700: 153 -1
2701: 153 -1
2702: 153 -1
2703: 614 675 764 765 1534 -1
2704: 154 2703 2710 -1
2705: 154 2703 2710 -1
2706: 154 2703 2710 -1
2707: 154 2703 2710 -1
2708: 154 -1
2709: 154 -1
2710: -1
2711: -1
2712: -1
2713: -1
2714: -1
2715: 156 -1
2716: 156 -1
2717: -1
2718: -1
2719: -1
2720: -1
2721: -1
2722: -1
2723: -1
2724: 159 440 -1
2725: 159 440 2030 -1
2726: 159 440 -1
2727: 159 440 -1
2728: 159 440 -1
2729: 159 440 -1
2730: 159 440 2732 -1
2731: 159 440 -1
2732: 159 440 -1
2733: 159 440 -1
2734: 159 440 -1
2735: 159 440 -1
2736: 159 440 -1
2737: 159 440 -1
2738: 159 440 -1
2739: 159 440 2731 -1
2740: 159 436 440 453 754 1685 -1
2741: 159 440 -1
2742: 159 440 448 2731 -1
2743: 159 440 -1
2744: 159 440 2731 -1
2745: 159 440 2732 -1
2746: 159 440 -1
2747: 159 440 -1
2748: 159 440 -1
2749: 159 440 -1
2750: 159 440 2030 2042 -1
2751: 159 440 -1
2752: 159 440 -1
2753: 159 440 1869 -1
2754: 159 440 1869 2016 2018 2019 2022 2023 2024 2025 2026 2027 2030 2034 2035 2037 2042 -1
2755: 159 440 -1
2756: 159 440 -1
2757: 159 440 -1
2758: 159 440 -1
2759: 159 440 2030 2042 -1
2760: 159 440 -1
2761: 159 440 -1
2762: 159 440 2761 -1
2763: 159 440 2761 -1
2764: 159 440 -1
2765: 159 440 -1
2766: 159 440 -1
2767: 159 440 -1
2768: 159 440 -1
2769: -1
2770: -1
2771: 2772 -1
2772: -1
2773: 247 -1
2774: 247 -1
2775: 161 -1
2776: 2775 -1
2777: 161 -1
2778: -1
2779: 162 -1
2780: 1030 -1
2781: 163 -1
2782: 2780 -1
2783: 163 2780 2786 -1
2784: 163 2780 2786 -1
2785: 163 -1
2786: -1
2787: -1
2788: 164 2787 2789 -1
2789: -1
