0: 83 198 205 228 234 243 244 274 276 284 288 318 321 343 344 367 458 467 468 478 486 488 492 495 552 596 605 606 609 612 675 698 714 715 736 741 746 760 788 789 804 814 881 895 912 920 929 935 1040 1053 1104 1110 1115 1178 1263 1273 1297 1464 1471 1472 1526 1623 1629 1781 1782 1808 1819 1821 1825 1828 1833 1839 1847 1858 1859 1943 1946 1960 1964 1965 2113 2479 2852 2953 3062 3064 3133 3288 3289 3326 3359 3373 3374 3388 3427 3442 3450 3633 3798 3997 4004 4100 4112 4124 4182 4183 4192 4324 -1
1: 212 214 218 219 225 228 230 242 244 245 247 251 524 611 661 758 797 849 1770 1851 1862 2024 2027 2225 3982 -1
2: 13 25 33 159 202 210 230 260 261 262 263 264 265 268 269 270 271 272 273 274 275 276 277 281 282 283 284 285 286 289 290 291 292 293 294 295 302 303 304 305 306 307 329 331 343 344 467 524 540 571 604 607 614 643 646 648 651 683 697 714 756 758 788 804 808 817 886 891 899 920 941 1042 1045 1054 1064 1104 1110 1114 1120 1178 1217 1333 1341 1352 1406 1421 1495 1515 1526 1536 1537 1541 1616 1629 1683 1737 1794 1803 1813 1826 1874 1964 1996 2106 2142 2145 2189 2225 2293 2402 2414 2424 2718 2727 2786 2856 2908 2933 2942 2982 2986 2988 3051 3071 3101 3276 3384 3426 3633 3687 3827 4071 4072 4074 4148 4210 4278 4291 4293 -1
3: 10 13 58 152 210 261 269 272 275 278 283 304 307 310 311 312 313 314 315 316 318 319 320 321 322 323 328 329 331 332 333 334 336 340 341 342 343 344 345 368 427 524 538 540 564 570 574 576 578 586 587 591 602 604 607 623 643 645 652 680 683 685 691 692 694 695 697 700 702 705 740 802 804 808 886 891 920 1036 1038 1039 1041 1042 1045 1046 1051 1054 1055 1058 1061 1062 1063 1115 1120 1217 1280 1290 1291 1333 1338 1341 1348 1352 1495 1515 1526 1537 1620 1625 1629 1680 1683 1685 1737 1794 1803 1808 1826 1940 1943 1954 1996 2106 2142 2145 2176 2189 2225 2286 2293 2395 2403 2405 2424 2601 2607 2717 2718 2724 2727 2729 2732 2791 2800 2803 2848 2942 3034 3276 3572 3633 3827 3829 4067 4070 4071 4074 4075 4078 4293 4303 -1
4: 366 367 368 369 370 371 372 373 374 376 377 619 698 733 740 802 891 894 1109 1514 1737 1794 1894 1996 2424 2803 2941 2942 3101 3275 3374 -1
5: 149 344 378 379 380 382 383 384 385 386 387 388 389 390 391 392 393 394 395 396 398 399 400 401 402 403 404 405 406 407 408 409 410 411 412 423 425 427 430 432 433 440 442 447 469 524 646 812 891 978 984 987 993 996 1002 1003 1225 1246 1333 1339 1479 1483 1484 1485 1486 1489 1491 1495 1497 1499 1502 1506 1536 1702 1705 1707 1711 1715 1724 1738 1740 1744 1747 1901 1907 1913 1915 1985 1996 2001 2006 2007 2008 2011 2012 2015 2096 2225 2424 2785 2787 2832 2834 2837 2840 2941 3101 3125 3269 3273 3274 3275 3276 3283 3411 3412 3417 -1
6: 380 384 400 413 414 415 416 417 419 420 422 423 424 425 426 427 428 430 431 432 433 434 436 438 439 441 442 443 445 446 447 448 449 450 524 974 978 984 987 988 990 992 993 997 1000 1002 1003 1006 1231 1242 1246 1249 1310 1332 1339 1353 1478 1483 1484 1489 1494 1496 1497 1504 1700 1702 1705 1721 1736 1737 1746 1901 1904 1907 1908 1909 1913 1915 1916 1918 1989 1994 2225 2424 2773 2788 2839 2840 3038 3116 3119 3124 3125 3263 3280 3283 3285 3411 3412 3418 -1
7: 25 58 87 137 159 198 210 211 213 217 226 228 234 243 244 252 253 261 263 265 269 276 278 281 282 291 311 318 323 341 344 367 370 372 402 427 459 460 462 463 465 466 467 469 471 473 475 477 478 479 480 481 483 484 485 486 487 488 489 490 491 492 493 494 495 496 497 498 499 500 524 552 563 565 573 609 615 623 639 646 648 651 653 654 655 670 683 684 692 697 698 705 714 716 717 736 740 743 758 760 765 791 800 802 808 817 843 856 879 886 891 920 923 926 935 938 941 945 951 957 959 962 964 968 970 1041 1045 1055 1057 1062 1064 1104 1110 1111 1122 1176 1183 1197 1202 1217 1275 1291 1298 1333 1341 1437 1443 1464 1466 1471 1472 1479 1495 1515 1522 1525 1526 1532 1537 1541 1625 1629 1656 1702 1714 1715 1770 1779 1794 1808 1810 1811 1813 1818 1820 1826 1827 1829 1830 1833 1923 1946 1960 1965 1989 1992 1994 1996 1997 1999 2001 2006 2007 2024 2095 2106 2113 2122 2145 2175 2225 2231 2390 2402 2424 2563 2607 2727 2728 2757 2786 2799 2803 2804 2844 2849 2851 2856 2942 2982 2986 2989 3035 3105 3137 3276 3373 3378 3379 3398 3399 3404 3444 3560 3571 3572 3586 3628 3798 3836 3920 3961 4004 4006 4025 4033 4124 4183 4192 4205 4206 4207 4209 4274 4287 4291 4293 4303 4306 -1
8: 27 60 519 520 521 524 525 526 530 533 534 865 874 899 1057 1178 1181 1183 1880 2218 2225 2232 2424 3255 3257 3258 3384 3404 3641 3642 3708 3757 3903 4148 4153 -1
9: 283 384 400 408 416 423 425 426 431 436 442 449 524 537 538 559 587 589 646 976 987 988 992 993 997 998 1002 1003 1004 1045 1220 1223 1224 1230 1231 1235 1236 1240 1242 1243 1245 1246 1247 1248 1253 1254 1255 1309 1312 1313 1314 1315 1318 1319 1326 1329 1331 1332 1333 1335 1338 1339 1341 1343 1344 1345 1348 1350 1351 1352 1353 1477 1478 1484 1489 1493 1494 1496 1505 1705 1738 1740 1743 1747 1907 1915 1916 2104 2133 2225 2293 2424 2490 2773 2776 2786 2787 2788 2832 2930 2933 2940 3116 3119 3124 3263 3285 3596 3821 3829 3939 3945 3948 -1
10: 317 329 344 345 524 558 569 572 573 576 577 578 586 589 591 623 643 678 698 700 702 804 1042 1045 1046 1047 1051 1053 1056 1059 1319 1334 1348 1495 1526 1536 1673 1685 2106 2149 2225 2392 2395 2403 2424 2640 2718 2791 3276 3633 3634 4073 4078 4293 -1
11: 252 368 595 596 597 598 601 602 603 604 605 606 607 608 609 611 612 613 614 615 616 619 620 621 623 624 625 891 1553 4192 -1
12: 58 159 210 213 218 252 282 287 498 576 595 610 623 625 628 629 630 631 632 633 634 635 636 637 638 639 640 642 643 644 645 646 648 649 650 651 653 654 655 656 658 659 660 661 662 663 688 698 754 793 802 808 817 884 886 891 920 999 1115 1117 1280 1290 1495 1549 1625 1628 1737 1823 1826 2145 2394 2404 2424 2477 2727 2803 2872 2942 3105 3783 3829 4295 -1
13: 25 40 58 67 283 305 307 317 328 329 344 555 556 557 559 576 645 664 671 674 675 676 680 686 688 689 693 694 695 697 698 699 701 702 706 707 925 1045 1051 1053 1056 1059 1063 1341 1352 1629 1667 1683 1816 2106 2128 2131 2136 2142 2145 2293 2388 2395 2424 2488 2569 2656 2720 2722 2723 2727 2728 2734 2802 3276 3426 3434 3561 3586 3827 3829 4071 4074 4078 -1
14: 24 33 344 368 462 512 524 604 606 611 648 651 698 710 711 713 714 715 717 718 758 817 891 921 1032 1057 1104 1541 1629 1968 2225 2424 2988 3373 3383 3959 -1
15: 33 232 653 715 733 734 735 737 738 739 740 741 742 743 744 745 747 748 749 750 751 752 753 754 755 756 757 758 759 761 762 763 764 765 768 890 1119 1553 1624 2424 3063 4036 -1
16: 282 368 623 637 651 663 741 754 763 765 777 779 780 781 782 783 786 787 788 789 790 791 792 793 794 797 798 800 801 802 803 807 808 811 812 814 815 817 886 891 1290 1536 1629 1794 1801 1803 2424 2803 2805 -1
17: 27 33 60 334 520 534 648 651 659 760 802 812 817 841 842 843 844 845 846 847 848 849 850 851 852 853 855 856 857 858 859 860 861 862 863 864 865 866 867 868 869 870 871 872 873 874 875 876 877 878 879 880 881 882 891 1104 1115 1117 1526 1528 1536 1626 1794 1851 1880 2413 2424 2803 2851 3257 3258 3276 3404 3450 3641 3642 3708 3903 4154 -1
18: 793 808 885 886 888 889 890 891 -1
19: 33 604 606 715 808 886 892 893 894 895 896 897 898 899 900 901 902 903 904 905 -1
20: 33 607 614 643 663 714 890 891 909 910 911 913 914 915 917 918 919 920 922 923 924 925 926 928 929 930 931 932 933 934 935 936 937 938 940 941 942 943 944 945 946 948 1298 2107 2424 3431 -1
21: 425 431 975 976 985 987 991 992 993 997 1003 1231 1240 1242 1246 1249 1253 1482 1489 1496 1503 1742 1899 1904 1915 1917 2785 2787 3113 3116 3124 -1
22: 25 149 202 270 278 311 340 367 378 402 427 469 488 489 490 495 573 581 602 692 705 715 788 812 891 957 958 959 960 961 962 963 964 965 966 967 968 969 970 971 972 999 1043 1064 1272 1333 1406 1466 1479 1526 1810 1830 1833 1946 1996 1999 2107 2424 2717 2834 2856 2968 3352 3353 4004 4033 4069 4114 4124 4293 -1
23: 100 400 975 978 979 982 983 984 986 988 989 991 993 995 998 999 1001 1005 1006 1501 1503 1505 1743 1745 1913 3411 3419 -1
24: 340 1629 2990 -1
25: 13 179 283 311 317 319 322 329 540 565 576 580 581 643 675 680 686 891 1035 1036 1037 1038 1039 1040 1041 1042 1043 1044 1045 1046 1047 1048 1049 1051 1052 1053 1054 1055 1056 1057 1058 1059 1060 1061 1062 1063 1064 1217 1334 1342 1629 2106 2293 2395 2424 2727 2736 2856 2942 3829 4071 4074 -1
26: 370 715 743 747 890 891 926 1103 1104 1105 1108 1110 1112 1115 1116 1512 1624 -1
27: 60 526 903 1131 1157 1167 1169 1170 1171 1172 1173 1174 1175 1176 1177 1179 1180 1181 1182 1183 2445 3450 3642 3708 -1
28: 33 579 648 651 817 891 922 1089 1190 1191 1192 1193 1194 1195 1196 1197 1200 1201 1202 1203 1205 1206 1207 1208 1209 1210 1211 1212 1216 2424 2857 3138 -1
29: 401 431 447 987 992 1000 1220 1221 1222 1223 1224 1226 1227 1228 1229 1230 1231 1232 1233 1234 1235 1236 1237 1238 1239 1240 1241 1242 1243 1244 1245 1246 1247 1248 1249 1250 1251 1252 1253 1254 1255 1256 1257 1258 1259 1334 1496 1700 1904 1907 1908 1913 1915 1916 3116 3119 3124 -1
30: 368 612 1260 1261 1262 1263 1265 1266 1267 1268 1271 1272 1273 1274 1275 1276 1277 1278 1279 1280 1281 1283 1284 1285 1286 1287 1289 1290 1291 1292 1294 1295 1297 1298 1749 1862 -1
31: 2022 -1
32: 559 582 587 988 1303 1304 1305 1306 1307 1308 1309 1310 1311 1312 1313 1314 1316 1317 1318 1319 1320 1321 1322 1323 1324 1325 1326 1327 1328 1329 1330 1331 1332 1333 1334 1335 1336 1337 1338 1339 1340 1341 1342 1343 1344 1345 1346 1347 1348 1349 1350 1351 1352 1353 1354 2786 2916 3821 3829 3945 -1
33: 17 276 370 623 637 648 651 692 754 817 920 1464 1465 1466 1468 1469 1472 1560 1568 1629 2113 2424 4033 4036 -1
34: 388 401 425 431 433 976 981 987 988 993 998 1231 1242 1246 1339 1474 1476 1477 1479 1484 1486 1489 1490 1491 1493 1494 1495 1496 1498 1499 1500 1502 1503 1505 1506 1700 1908 2424 3116 -1
35: 598 623 758 891 1537 1538 1539 1540 1541 1542 1543 1544 1545 1546 1547 1548 1549 1550 1552 1553 2424 2470 -1
36: 648 651 754 817 1557 1558 1629 4035 -1
37: 842 1553 1584 1585 1586 1587 1588 1589 1590 1594 1595 1596 1597 1598 1600 1601 1604 1605 1606 1607 1608 1609 1611 1612 1613 1614 2424 -1
38: 33 232 607 624 653 891 1549 1616 1617 1618 1620 1621 1622 1623 1625 1626 1627 1628 1629 1630 1631 2424 -1
39: 159 612 663 721 891 1267 1283 1536 1634 1635 1636 1637 1638 1639 1640 1642 1643 1646 1647 1648 1650 1651 1652 1655 1656 1659 1660 1661 2424 -1
40: 316 331 561 565 671 678 680 694 1051 1061 1344 1348 1667 1669 1670 1671 1672 1673 1674 1675 1676 1677 1678 1679 1681 1682 1683 1684 1685 1686 1687 1688 1689 1691 1692 1693 1694 1695 2135 2137 2138 2140 2142 2144 2147 2148 2149 2150 2395 2721 2733 -1
41: 612 621 623 1115 1858 2022 2024 4003 -1
42: 340 384 388 392 400 401 411 423 425 426 431 433 587 978 984 988 993 997 998 1000 1225 1231 1242 1246 1313 1332 1339 1476 1477 1478 1484 1485 1486 1489 1492 1493 1494 1496 1497 1498 1499 1502 1503 1505 1506 1701 1702 1703 1705 1706 1707 1709 1710 1711 1712 1714 1715 1716 1717 1718 1719 1722 1723 1724 1725 1736 1741 1747 1748 1907 1915 2424 3038 3116 3125 3411 4004 4124 -1
43: 398 400 988 994 998 1339 1477 1484 1493 1505 1736 1737 1738 1739 1740 1741 1742 1743 1744 1745 1746 1747 1748 1749 3417 -1
44: 604 1115 1750 1754 1755 1756 1757 1758 1759 1760 1761 1763 1764 1765 1766 1767 1768 1769 1770 1771 1772 1773 1774 1775 1776 -1
45: 234 291 533 607 805 808 844 849 854 877 886 1167 1448 1628 1737 1763 1777 1778 1779 1780 1781 1782 1783 1784 1785 1787 1788 1789 1790 1792 1793 1794 1795 1796 1797 1798 1799 1800 1801 1802 1803 1839 1866 1869 1885 2196 2212 2477 2735 3052 3330 3443 3450 3798 3897 4144 -1
46: 488 941 1809 1810 1816 1817 1818 1822 1835 -1
47: 211 743 758 1553 1838 1839 1840 1841 1845 1846 1847 1851 1852 1853 1854 1856 1857 1858 1859 1861 1862 -1
48: 33 607 614 733 1104 1120 1283 1290 1334 1514 1863 1864 1865 1866 1867 1868 1869 1870 1871 1872 1873 1874 1875 1876 1877 1878 1879 1880 1881 1883 1884 1885 1886 1887 1888 1889 1890 1891 1892 1893 1894 1895 1896 1897 2424 -1
49: 384 423 425 431 432 436 524 975 981 992 1231 1246 1480 1482 1489 1496 1501 1700 1900 1901 1903 1905 1908 1909 1910 1911 1912 1913 1914 1915 1916 1918 1919 2225 -1
50: 13 25 283 319 540 557 559 588 592 643 667 676 680 683 694 695 1045 1059 1063 1341 1348 1352 1629 1673 1683 1920 1921 1922 1923 1924 1925 1926 1928 1929 1930 1931 1932 1933 1934 1936 1937 1938 1939 1940 1941 1942 1943 1944 1945 1946 1947 1948 1949 1951 1952 1953 1954 1955 1956 1957 1958 2106 2133 2145 2293 2388 2396 2424 2718 2720 2722 2723 2724 2728 2729 2732 2734 2802 3829 4071 4074 -1
51: 1961 1971 1973 1978 -1
52: 1737 1983 1984 1985 1986 1987 1988 1989 1990 1991 1992 1993 1994 1995 1996 1997 1998 1999 2000 2001 2002 2003 2004 2005 2006 2007 2008 2009 2010 2011 2012 2013 2014 2015 2016 2424 -1
53: 377 1334 2060 2094 2097 2098 2099 2100 2101 2102 2103 2104 2105 2107 2108 2109 -1
54: 316 556 557 565 664 1671 1673 1675 1684 1685 1691 2119 2122 2123 2124 2125 2127 2128 2129 2131 2132 2133 2134 2135 2136 2137 2138 2139 2140 2141 2142 2143 2144 2145 2147 2149 2424 2721 -1
55: 272 2160 2162 2165 2166 2168 2169 2170 2171 2172 2173 2174 2175 2176 2177 2178 2179 2180 2182 2183 2184 2185 2186 2187 2188 2189 2190 2191 2192 2193 2194 2424 -1
56: 526 865 874 880 1170 1178 1183 1798 2196 2202 2203 2204 2209 2210 2215 2216 2217 2218 2219 2226 2229 2230 2231 2232 2238 2239 2240 2241 2242 2424 3255 3256 3408 3641 3642 3897 -1
57: 758 1115 2259 2260 2269 2270 2280 2285 3784 -1
58: -1
59: 2410 2411 2412 2413 2414 2415 2416 2417 2418 2420 2421 2422 2423 2424 2425 -1
60: 526 1180 1880 2444 2461 3255 3257 -1
61: 623 890 2470 2471 2472 2473 2474 2475 2476 2477 2478 2479 2482 2483 -1
62: 252 611 620 623 891 2025 2485 2486 -1
63: 50 58 556 565 581 664 679 691 788 884 1038 1042 1051 1053 1056 1321 1691 1929 1950 1958 1961 2128 2131 2395 2487 2488 2489 2490 2491 2492 2493 2494 2495 2496 2497 2498 2518 2730 2848 2872 3821 3919 3950 4053 4078 -1
64: 58 217 525 533 577 619 698 765 884 897 1053 1334 1793 1847 2212 2238 2293 2392 2404 2510 2511 2512 2515 2516 2517 2518 2519 2723 2872 3006 3840 3897 4183 -1
65: 67 159 216 243 284 296 297 299 556 557 581 664 686 692 756 795 891 903 904 925 926 929 932 935 1208 1537 1946 1960 1961 1963 1965 1967 1974 1975 2131 2374 2424 2520 2521 2522 2523 2524 2525 2526 2527 2528 2529 2530 2531 2532 2533 2534 2535 2536 2537 2538 2539 2540 2541 2542 2543 2544 2545 2546 2547 2548 2549 2550 2551 2552 2554 2555 2556 2962 2969 2985 2989 3134 3323 3332 3334 3335 3375 3424 3428 3431 3432 3433 3434 -1
66: 524 1115 2225 2560 2561 2562 2563 2564 2565 3782 -1
67: 562 565 576 581 679 1042 1053 2396 2401 2715 2718 2719 2720 2722 2723 2724 2729 2730 2731 2733 2734 2735 2736 -1
68: 1550 1629 2024 2738 2743 2744 -1
69: 968 1064 1986 1998 2016 2424 2752 2753 2757 2758 2759 2760 4083 -1
70: 538 1003 1312 1314 1339 1350 1478 1485 1494 1700 1908 2775 2777 2778 2787 2789 2790 2791 2792 2793 -1
71: 368 616 659 802 1117 1823 2424 2799 2801 2803 2804 2805 -1
72: 903 2809 2823 2824 2825 2826 2827 2828 2829 2830 -1
73: 408 416 988 1333 1339 1484 1485 1736 1738 1740 1744 1747 2773 2832 2833 2834 2835 2836 2837 2838 2839 2840 3285 -1
74: 891 2845 -1
75: 658 663 884 889 2869 2870 2871 2872 2873 -1
76: 2874 2876 2877 2878 2879 2880 2881 2882 2883 2884 2886 2887 2889 2891 2892 2893 2894 2895 2896 2897 2898 2899 2900 2902 2903 2904 2905 2906 -1
77: 189 270 808 886 1290 1406 1537 1553 2133 2424 2717 2930 2931 2932 2933 2934 2935 2936 2937 2939 2940 2941 2942 2943 -1
78: 243 416 903 927 1179 1384 1486 1506 1700 1866 1885 1948 2113 2516 2944 2945 2946 2947 2948 2949 2950 2951 2952 2953 2954 2955 2956 2957 2958 2959 2960 2961 2962 2963 2964 2965 2966 2967 2968 2969 2970 2971 2972 2973 2974 2975 2976 2977 3040 -1
79: 33 663 808 886 903 904 941 1107 1972 1976 1977 2424 2980 2981 2982 2983 2984 2985 2986 2987 2988 2989 2990 2991 2992 -1
80: 698 2396 2993 2995 2997 2998 3002 3005 -1
81: 27 137 294 534 903 1064 1176 1179 1261 2809 2823 3008 3009 3010 3011 3012 3013 3014 3015 3017 3018 3019 3020 3022 3023 3024 3025 3026 3027 3028 3029 3030 3031 3032 3033 3035 3256 3708 -1
82: 433 992 993 1223 1242 1339 1353 1478 1504 1916 3038 3111 3116 -1
83: 563 808 886 891 1737 2107 2394 2424 2717 3373 -1
84: 2178 2188 -1
85: 1334 1537 2424 3040 3041 3042 3043 3044 3045 3046 3047 3048 3049 3050 -1
86: 33 811 1104 1847 2563 3051 3052 3053 3054 3055 3057 3058 3061 3062 3064 -1
87: 33 344 473 818 903 1290 1536 2989 2992 3071 3073 3074 3684 -1
88: 2424 3078 3079 3081 3084 3086 -1
89: 922 941 1101 1110 2424 2991 3090 3091 3094 3095 3096 3097 3098 3099 3101 3103 3105 3106 -1
90: 384 423 1242 1916 3107 3108 3109 3110 3112 3113 3114 3115 3116 3117 3118 3119 3120 3121 3122 3123 3124 3125 3126 3127 3128 3129 -1
91: 33 291 344 891 2802 3130 3131 3132 3133 3134 3135 3136 3137 3138 3139 -1
92: 992 1487 1912 3418 -1
93: 2424 3149 3155 -1
94: 2802 3156 3160 3161 3162 3167 3168 -1
95: 270 983 1406 1476 1485 1536 2094 2096 2098 2100 2103 2104 2105 2109 2110 2899 3239 3244 4137 -1
96: 3162 3198 3199 3200 3201 3202 3203 3206 3207 3208 3209 3210 3211 3212 3213 3214 3215 3220 3221 3222 3223 3224 3225 3226 3227 3228 3229 3230 3233 3234 3235 3236 -1
97: 2424 -1
98: 575 1737 2104 2942 3238 3239 3240 3242 3243 -1
99: 1176 3252 3253 3254 3255 3256 3257 3258 -1
100: 416 999 1484 1485 1738 1740 1741 1744 1747 1748 3263 3264 -1
101: 404 405 425 436 449 1122 1489 3266 3268 3269 3270 3273 3274 3275 3278 -1
102: 416 988 1339 1353 1703 1743 1745 2178 2188 2773 3264 3279 3280 3281 3282 3283 3284 3285 3286 -1
103: 3293 3294 3295 3296 3297 3298 3299 3305 3306 3307 3308 3313 3314 3317 3318 3320 3321 -1
104: 3062 3325 3326 3330 3331 3336 -1
105: 459 808 886 -1
106: -1
107: 15 3320 3357 -1
108: 581 2556 3373 3374 3375 -1
109: 206 1193 -1
110: 2562 2565 -1
111: 267 903 904 2809 3378 3379 3380 3381 3382 3383 3384 3385 3386 -1
112: 33 812 903 1179 1553 1880 3387 3390 3391 3392 3394 3395 -1
113: 520 903 1179 3403 3404 3405 3406 3407 3408 -1
114: 398 425 974 978 984 1489 1906 1913 3409 3411 3412 3413 3414 3415 3416 3417 3418 3419 -1
115: 581 927 1495 1967 2424 2522 2556 2734 3238 3246 3375 3420 3421 3423 3424 3425 3426 3427 3428 3429 3430 3431 3432 3433 3434 -1
116: 808 886 -1
117: 149 999 2174 2178 2185 2188 2191 3086 3444 3447 3449 4034 -1
118: 3459 3462 -1
119: 3463 3464 3465 3466 3467 3468 3469 3470 3471 3472 3473 3474 -1
120: 384 423 1242 1916 3107 3108 3109 3114 3116 3118 3120 3121 3124 3126 3129 3475 3476 3477 3478 3480 3481 3482 3483 3484 3485 3486 -1
121: 683 1350 2350 2508 3491 3492 3493 3494 3495 3496 3497 3498 3499 3501 3502 3503 3504 3505 3506 3507 3508 3509 3510 3511 3512 -1
122: 3017 3545 -1
123: 286 683 2424 2997 3222 3233 3554 3555 3556 3558 3559 3560 3561 3562 3563 3564 3565 3568 3569 3570 3571 3572 3577 3578 3579 3584 3585 3586 3587 3588 -1
124: 2104 3589 3590 3591 3593 3594 3595 3596 3597 3598 3599 4199 -1
125: 2424 -1
126: 2424 3612 3613 3614 3615 -1
127: 1344 1350 1737 1746 2135 2140 2144 2147 2721 3617 3618 -1
128: 58 283 316 576 643 685 692 1328 2293 2727 2732 2850 3620 3623 3626 3627 3628 3629 3632 3633 3634 3635 -1
129: 2881 -1
130: 60 526 3256 3257 3408 3640 3641 3642 3643 3644 3646 4154 -1
131: 978 984 1339 1737 1746 1749 1986 2016 2424 3283 3411 3652 3653 3654 3655 3656 3659 3660 3661 -1
132: 2424 3663 3664 3665 3666 3667 3669 3670 3671 3672 3675 3676 -1
133: 33 149 294 311 469 473 818 891 903 941 1809 2424 2992 3679 3680 3683 3684 -1
134: 232 607 624 637 754 758 891 913 3686 3687 3688 -1
135: 879 881 1104 4182 -1
136: 715 3695 3696 3697 3698 3699 -1
137: 2393 2398 2399 2424 3258 3757 3758 3759 3763 3769 3772 3903 -1
138: 3786 -1
139: 3790 3791 3798 3799 -1
140: 683 1321 1343 1350 3501 3803 3805 3806 3807 3808 3809 3811 3812 3813 3816 3817 3818 3819 3821 3822 3823 3949 3950 -1
141: 608 637 754 1553 2260 -1
142: 283 577 2293 2392 2424 3633 3634 3826 3827 3828 3829 3830 3831 -1
143: 7 24 344 454 467 493 648 651 718 817 1563 1629 2424 2593 3253 3833 3834 3835 3836 3837 3838 3839 3840 3841 3842 3843 3844 3845 3846 3847 3848 3849 3850 3851 3852 3853 3854 3855 3856 3857 3858 3859 3860 3861 3862 3863 3864 3865 3866 3867 3868 3869 3870 3871 3872 3873 3874 3875 3876 3877 3878 3879 3880 3881 3882 3883 4183 4278 -1
144: 533 3892 3894 3895 3896 3897 3898 3904 3905 3906 -1
145: 683 1350 2490 2776 3494 3507 3508 3511 3806 3807 3810 3829 3920 3929 3930 3931 3932 3934 3935 3937 3938 3939 3940 3941 3942 3943 3945 3946 3947 3948 3949 3950 3953 4265 -1
146: 881 3955 3956 3957 3958 3959 3960 3961 3962 3963 3965 3966 3967 3968 3969 3970 3971 3973 3974 -1
147: 1180 1606 1629 2024 2477 3372 3979 3980 3983 3984 3986 3988 3989 -1
148: 808 886 903 2424 2984 3993 3994 4002 -1
149: 158 637 754 999 1272 1466 4030 4031 4032 4033 4034 4036 -1
150: 612 903 1120 1179 3062 3101 4038 -1
151: 559 562 577 1042 2392 2736 3942 4042 4043 -1
152: 555 583 684 1932 2424 2732 3819 4047 4058 4060 4064 4065 4066 4067 4068 4069 4070 4071 4072 4073 4074 4075 4076 4077 4078 -1
153: 999 2424 3352 3353 -1
154: 2752 4083 4171 -1
155: 758 2022 2027 4085 4086 4087 4089 4090 4091 4092 4093 4094 4096 -1
156: 747 1624 4099 -1
157: 3441 3448 4101 4102 4103 -1
158: 1536 3598 4112 4113 4114 4115 4116 4118 4119 -1
159: 1120 1495 1536 2989 3101 4135 -1
160: 3937 -1
161: 2424 3408 3641 3642 3772 3903 4141 4142 4143 4144 4145 4146 4147 4148 4149 4150 4151 4152 4153 4154 4155 -1
162: 4165 4166 4172 4175 -1
163: 817 4182 4183 4191 4192 -1
164: 4197 4198 4199 4201 -1
165: 1640 1647 1660 4204 4205 4206 4207 4208 4209 -1
166: 808 886 2486 3166 4210 4211 -1
167: 1640 1647 1660 1661 2424 4216 4217 4218 4219 4222 4223 4224 -1
168: 4227 4234 4235 4236 4237 4238 4243 4244 4245 4246 4249 4250 -1
169: 538 1311 2350 2791 3492 3501 3509 3820 3928 3932 3933 3935 3938 3940 3945 4259 4260 4261 4262 4264 4265 -1
170: 630 808 886 1273 1290 1571 1874 1880 2304 2988 3034 3206 3384 3962 3992 3996 4269 4270 4278 4280 4281 4283 4288 4290 4294 4295 4296 -1
171: 4297 4298 4299 4300 -1
172: 808 886 4304 4305 4306 -1
173: 534 3256 4310 4311 -1
174: -1
175: 526 899 3384 4322 4323 4324 4325 -1
176: -1
177: -1
178: -1
179: -1
180: -1
181: -1
182: -1
183: -1
184: -1
185: -1
186: 1159 1859 -1
187: -1
188: -1
189: -1
190: -1
191: -1
192: -1
193: 204 236 -1
194: -1
195: -1
196: -1
197: -1
198: -1
199: -1
200: -1
201: -1
202: -1
203: 1 176 177 178 179 180 181 182 183 184 185 186 187 188 189 190 194 195 196 199 200 201 202 206 207 208 209 215 216 220 221 222 224 231 232 233 237 240 249 250 260 270 291 334 340 373 377 383 493 562 575 579 580 581 607 614 624 698 733 734 735 738 739 755 756 761 762 763 764 812 847 870 877 913 1042 1043 1052 1101 1102 1106 1107 1109 1114 1118 1119 1120 1121 1191 1192 1193 1196 1205 1206 1207 1208 1211 1212 1265 1376 1398 1404 1405 1406 1429 1450 1471 1507 1517 1528 1534 1616 1627 1631 1712 1785 1794 1800 1801 1813 1838 1845 1848 1856 1861 1871 1872 1887 1894 1895 1963 1980 2094 2104 2108 2109 2304 2397 2400 2401 2485 2486 2522 2715 2736 2841 2846 2847 2853 2855 2930 2931 2932 2933 2936 2940 2980 2981 2984 2990 2991 3052 3053 3054 3055 3060 3061 3090 3095 3096 3099 3100 3101 3106 3137 3157 3158 3159 3163 3164 3165 3166 3238 3242 3243 3246 3294 3305 3313 3320 3372 3420 3421 3429 3430 3593 3596 3597 3598 3687 3828 3830 3831 3857 3881 3979 3980 3984 3985 3986 3999 4001 4002 4038 4042 4043 4089 4093 4094 4114 4115 4116 4135 4210 4272 4277 4286 4292 -1
204: -1
205: 1 1522 4192 -1
206: -1
207: -1
208: -1
209: -1
210: -1
211: -1
212: -1
213: -1
214: -1
215: -1
216: -1
217: -1
218: 234 -1
219: -1
220: -1
221: -1
222: -1
223: -1
224: -1
225: -1
226: -1
227: -1
228: -1
229: -1
230: -1
231: -1
232: -1
233: -1
234: -1
235: -1
236: -1
237: -1
238: 4182 -1
239: 219 373 752 760 768 780 894 898 2019 -1
240: -1
241: -1
242: -1
243: -1
244: -1
245: -1
246: -1
247: -1
248: -1
249: -1
250: -1
251: -1
252: -1
253: -1
254: 226 277 282 343 1104 1333 1629 3827 -1
255: 10 25 152 265 275 283 294 319 336 683 686 925 1054 1322 1325 1338 1341 1348 1350 1421 1515 1559 1565 1629 1737 1923 1936 2004 2129 2286 2293 2405 2716 2718 2727 2732 2916 2975 3387 3572 3814 3945 4070 4075 4078 4199 -1
256: 294 314 336 1304 1559 1565 -1
257: 283 294 336 1318 1559 1565 2293 4077 -1
258: 2 3 73 254 255 259 267 279 280 294 296 297 298 299 300 301 308 309 325 326 327 336 337 338 339 346 677 681 682 703 704 812 903 904 1025 1053 1171 1179 1559 1565 1629 2319 2337 2339 2360 2541 2547 2809 2985 2992 3385 3409 3415 3680 3714 3943 3945 3993 3994 4066 -1
259: 294 1737 -1
260: 1629 1961 2802 -1
261: -1
262: -1
263: -1
264: -1
265: -1
266: -1
267: 717 891 922 3830 4284 -1
268: -1
269: -1
270: 1629 -1
271: 3164 -1
272: -1
273: -1
274: -1
275: -1
276: -1
277: -1
278: -1
279: -1
280: 1290 3957 -1
281: -1
282: -1
283: -1
284: 756 3159 3166 -1
285: 1369 1562 -1
286: -1
287: -1
288: -1
289: -1
290: -1
291: -1
292: -1
293: -1
294: -1
295: 294 903 2809 3714 -1
296: -1
297: -1
298: -1
299: -1
300: -1
301: 276 663 2424 2736 2930 -1
302: 261 2718 -1
303: -1
304: 576 -1
305: -1
306: -1
307: 1322 1350 2293 2405 4070 4075 -1
308: -1
309: 316 -1
310: -1
311: 1053 2424 2727 2989 -1
312: -1
313: -1
314: 641 2717 -1
315: -1
316: -1
317: -1
318: -1
319: -1
320: -1
321: -1
322: -1
323: -1
324: 2835 -1
325: 1923 -1
326: -1
327: 58 559 686 1341 1352 2727 2786 3829 4070 4071 4075 -1
328: -1
329: 1466 2727 4033 -1
330: -1
331: -1
332: -1
333: -1
334: -1
335: 2023 -1
336: -1
337: 319 698 1038 1272 1352 1737 2424 4058 4067 -1
338: -1
339: -1
340: -1
341: -1
342: -1
343: -1
344: -1
345: -1
346: 1352 -1
347: 4 348 365 375 524 1561 1619 1640 2225 2875 4003 -1
348: 4 1561 -1
349: 4 348 365 375 1561 1619 2225 -1
350: 4 348 365 375 1561 1619 2225 -1
351: 4 348 365 375 1561 1619 2225 -1
352: 4 348 365 375 1561 1619 2225 -1
353: 4 348 365 375 1561 1619 2225 -1
354: 4 348 365 375 1561 1619 2225 -1
355: 4 348 365 375 1561 1619 2225 -1
356: 4 348 365 375 1561 1619 2225 -1
357: 4 348 365 375 1561 1619 2225 -1
358: 4 348 365 375 1561 1619 2225 -1
359: 4 348 1561 -1
360: 4 348 365 375 1561 1619 2225 -1
361: 4 348 365 375 1561 1619 2225 -1
362: 4 348 365 375 1561 1619 2225 -1
363: 4 348 365 375 1561 1619 2225 -1
364: 4 348 365 375 1561 1619 2225 -1
365: -1
366: -1
367: -1
368: -1
369: -1
370: 929 3231 -1
371: -1
372: -1
373: -1
374: -1
375: -1
376: -1
377: -1
378: 1341 1466 1629 1943 4033 -1
379: -1
380: -1
381: 903 2809 3714 -1
382: -1
383: -1
384: -1
385: -1
386: -1
387: -1
388: -1
389: -1
390: -1
391: -1
392: -1
393: -1
394: -1
395: -1
396: -1
397: 1987 -1
398: 1737 -1
399: -1
400: 2106 -1
401: -1
402: -1
403: -1
404: -1
405: -1
406: -1
407: -1
408: -1
409: -1
410: -1
411: 2941 -1
412: -1
413: 990 -1
414: 1748 -1
415: -1
416: 1478 1744 2096 -1
417: -1
418: 421 435 444 -1
419: -1
420: -1
421: -1
422: -1
423: -1
424: -1
425: -1
426: -1
427: -1
428: 1741 -1
429: 377 406 635 646 935 1469 1522 2563 2856 4292 -1
430: -1
431: -1
432: -1
433: -1
434: -1
435: -1
436: -1
437: -1
438: -1
439: -1
440: -1
441: -1
442: -1
443: -1
444: -1
445: -1
446: -1
447: -1
448: -1
449: -1
450: -1
451: 7 1563 -1
452: 7 1563 -1
453: 7 243 406 442 454 488 494 812 1193 1205 1522 1563 1794 1810 1946 -1
454: 7 270 456 457 512 718 812 849 913 1032 1043 1120 1211 1406 1456 1563 1629 2298 2302 3066 3068 3101 4288 -1
455: 7 454 945 1419 1471 1563 1629 -1
456: 1737 2947 3833 -1
457: 1443 -1
458: -1
459: -1
460: -1
461: -1
462: -1
463: -1
464: -1
465: -1
466: -1
467: -1
468: -1
469: -1
470: -1
471: -1
472: -1
473: -1
474: -1
475: -1
476: -1
477: -1
478: -1
479: -1
480: -1
481: -1
482: 812 -1
483: -1
484: -1
485: -1
486: -1
487: -1
488: 274 344 475 476 922 938 957 1103 1157 1479 1516 1526 1537 1737 1794 1808 1998 2563 2964 3238 3246 4099 4183 4192 -1
489: 695 1341 2145 2723 2730 -1
490: -1
491: -1
492: -1
493: -1
494: -1
495: -1
496: -1
497: -1
498: -1
499: -1
500: -1
501: -1
502: 2424 3257 -1
503: 8 -1
504: 8 663 812 1283 1641 1650 1756 2099 2413 4153 -1
505: 8 -1
506: 8 137 186 663 1158 1283 1637 -1
507: 8 137 244 611 663 724 934 1283 1637 1641 1650 2099 2433 3384 -1
508: 3384 -1
509: 4153 -1
510: 8 -1
511: 8 -1
512: 8 137 642 3063 -1
513: -1
514: -1
515: 858 1170 -1
516: 2424 -1
517: -1
518: -1
519: -1
520: 3257 -1
521: 137 899 2231 -1
522: -1
523: -1
524: -1
525: -1
526: -1
527: -1
528: -1
529: -1
530: -1
531: 1176 1177 1509 1532 2445 -1
532: 4153 -1
533: -1
534: 526 -1
535: -1
536: 40 268 341 399 404 421 432 463 567 641 686 698 982 1001 1329 1333 1347 1484 1673 1679 1737 1746 1749 1905 1943 1974 2194 2947 3206 3266 3278 3280 3444 3572 3577 3653 3661 -1
537: -1
538: -1
539: 10 67 555 643 686 1054 1341 1348 2145 2286 2723 2727 2728 2732 3628 4068 4070 -1
540: 10 308 309 565 643 672 677 681 682 684 685 687 703 704 1348 2286 -1
541: 10 283 563 587 643 694 1352 2286 2293 2721 -1
542: 10 345 564 573 590 1046 1932 2133 2286 2716 3949 4110 -1
543: 10 2133 2286 2716 2727 -1
544: 10 2133 2286 2716 2727 -1
545: 10 2133 2286 2716 2727 -1
546: 10 2133 2286 2716 -1
547: 10 179 265 283 294 555 556 557 562 565 575 580 664 694 903 1042 1321 1350 1421 1675 1681 1683 1737 1932 1958 2124 2131 2139 2145 2149 2286 2293 2587 2716 2721 2727 2732 2736 2856 4042 -1
548: 10 2286 2717 -1
549: 10 242 629 641 1304 1341 1923 2000 2286 2717 3634 3920 -1
550: 10 145 169 317 590 937 1304 1315 1352 2286 2717 2732 2942 3499 3911 3913 3914 3916 3917 3918 3925 3926 3945 -1
551: 10 2286 -1
552: 10 2286 2723 -1
553: 10 2286 -1
554: 10 2286 -1
555: 2424 -1
556: 675 707 -1
557: -1
558: 2293 -1
559: -1
560: -1
561: -1
562: -1
563: -1
564: -1
565: -1
566: -1
567: 3948 -1
568: 2941 -1
569: -1
570: -1
571: 261 702 1059 -1
572: -1
573: -1
574: -1
575: -1
576: -1
577: -1
578: -1
579: -1
580: -1
581: -1
582: -1
583: 4059 -1
584: 3223 -1
585: -1
586: 2529 3198 -1
587: 1045 1312 1314 1485 -1
588: -1
589: -1
590: -1
591: -1
592: -1
593: 291 713 749 751 895 1448 1569 1629 1737 2280 2743 3137 4218 4272 -1
594: 595 596 605 612 621 623 625 1104 1623 2024 2107 -1
595: -1
596: -1
597: -1
598: -1
599: 1856 -1
600: 663 -1
601: -1
602: -1
603: -1
604: -1
605: 1620 -1
606: -1
607: -1
608: -1
609: -1
610: 1115 1629 -1
611: -1
612: -1
613: -1
614: -1
615: -1
616: -1
617: 1549 -1
618: 637 737 747 752 754 1624 -1
619: -1
620: -1
621: -1
622: 607 610 611 614 733 743 1620 3105 3982 4210 -1
623: -1
624: -1
625: -1
626: 12 226 229 243 268 291 367 404 406 461 463 467 474 479 488 495 496 621 663 698 800 812 923 936 938 1063 1183 1333 1352 1484 1564 1629 1701 1737 1803 1806 1809 1810 1816 1821 1825 1830 1831 1834 1835 1847 1931 1948 1961 1967 1969 2145 2307 2308 2310 2311 2321 2322 2323 2324 2327 2328 2340 2342 2344 2355 2365 2371 2378 2384 2385 2386 2387 2757 2844 2962 2999 3000 3137 3139 3425 3434 3572 3653 3827 3833 3870 3874 3996 3997 4006 4105 -1
627: 12 176 1564 1923 2326 2643 2757 3071 3231 3434 3572 3592 3624 4050 4102 -1
628: -1
629: -1
630: -1
631: -1
632: -1
633: -1
634: -1
635: -1
636: -1
637: -1
638: -1
639: -1
640: -1
641: -1
642: 945 -1
643: -1
644: -1
645: -1
646: 1469 -1
647: -1
648: -1
649: -1
650: -1
651: -1
652: 574 -1
653: -1
654: -1
655: -1
656: -1
657: -1
658: -1
659: -1
660: -1
661: -1
662: -1
663: -1
664: 13 540 563 656 662 695 1932 2640 3572 3586 -1
665: 13 406 540 1333 1835 2579 2727 -1
666: 13 67 304 308 316 540 576 586 614 655 662 680 1036 1042 1059 1063 1064 1341 1471 1938 1958 2145 2569 2628 2648 2656 2717 2718 2728 2731 2846 2847 2856 3561 3572 3586 -1
667: 13 286 540 1954 2723 2724 2725 2728 2729 3561 -1
668: 13 261 322 540 680 695 1059 1341 1922 2717 2724 2728 2729 3206 3211 3231 3577 3584 -1
669: 13 319 337 540 1038 4058 4067 -1
670: -1
671: -1
672: -1
673: -1
674: -1
675: -1
676: -1
677: 58 2129 -1
678: -1
679: -1
680: 58 -1
681: 571 -1
682: -1
683: -1
684: 2727 -1
685: -1
686: 1932 2394 -1
687: -1
688: -1
689: -1
690: 2649 -1
691: -1
692: -1
693: -1
694: -1
695: 310 -1
696: -1
697: -1
698: -1
699: -1
700: -1
701: -1
702: 2727 -1
703: -1
704: -1
705: -1
706: 152 -1
707: -1
708: 805 -1
709: 1629 -1
710: 2988 3258 -1
711: -1
712: 1629 -1
713: -1
714: -1
715: -1
716: -1
717: -1
718: 272 274 294 315 462 496 610 648 651 695 698 736 748 749 750 751 817 891 903 919 922 925 1115 1472 1803 1808 1817 2022 2024 2145 2176 2424 2802 2856 2938 2989 2992 3021 3034 3105 3134 4295 -1
719: 211 223 807 2532 -1
720: 15 721 722 723 724 725 728 732 -1
721: 754 1283 1290 -1
722: 741 1547 2026 -1
723: -1
724: -1
725: 2413 -1
726: 595 1547 -1
727: 211 -1
728: 754 -1
729: 15 754 -1
730: 15 -1
731: 205 223 368 595 616 734 738 741 742 759 761 762 764 806 856 876 897 1104 1275 1464 1514 1543 1623 2018 2025 2280 2744 2800 2851 3105 3382 3798 4100 -1
732: -1
733: -1
734: -1
735: -1
736: -1
737: -1
738: -1
739: -1
740: -1
741: -1
742: -1
743: -1
744: -1
745: -1
746: -1
747: -1
748: -1
749: -1
750: -1
751: -1
752: -1
753: -1
754: -1
755: -1
756: -1
757: -1
758: -1
759: -1
760: -1
761: -1
762: -1
763: -1
764: -1
765: -1
766: -1
767: -1
768: -1
769: 1567 1629 -1
770: 800 812 1567 1629 2743 3945 -1
771: 16 242 436 449 812 979 1567 1749 1830 1912 2096 3653 -1
772: 1567 -1
773: 1567 -1
774: 1567 -1
775: 16 498 784 800 1567 -1
776: 16 784 1567 -1
777: -1
778: -1
779: -1
780: -1
781: -1
782: -1
783: 1629 3683 -1
784: -1
785: 1629 -1
786: -1
787: -1
788: -1
789: -1
790: -1
791: -1
792: -1
793: -1
794: -1
795: -1
796: 1629 -1
797: -1
798: 743 -1
799: 903 1536 3993 -1
800: -1
801: -1
802: -1
803: -1
804: -1
805: -1
806: -1
807: -1
808: 1629 -1
809: 1629 -1
810: -1
811: -1
812: 1946 2393 2398 2399 -1
813: 1629 -1
814: -1
815: -1
816: -1
817: -1
818: -1
819: 17 56 246 291 366 367 371 373 374 442 533 534 564 596 619 657 698 823 843 896 923 927 929 1172 1296 1347 1408 1560 1568 1628 1737 2110 2199 2205 2206 2207 2208 2211 2212 2213 2214 2220 2221 2222 2223 2224 2227 2228 2233 2234 2235 2236 2237 2477 3005 3044 3653 3678 3733 3946 3997 4236 4244 -1
820: 17 1560 1568 2212 3251 -1
821: 17 217 277 315 649 1560 1568 1737 1784 1805 1812 1814 1869 1891 2176 2193 3471 -1
822: 17 191 217 223 226 228 234 241 273 290 367 392 427 440 445 458 462 468 476 477 488 494 601 740 741 742 760 768 777 779 787 881 912 926 931 1115 1194 1275 1280 1281 1290 1339 1464 1510 1526 1560 1568 1609 1626 1637 1737 1747 1782 1794 1808 1810 1826 1828 1829 1852 1883 1946 1960 1965 1999 2532 2757 2801 2849 3062 3064 3105 3138 3308 3798 4099 4182 4287 4293 -1
823: 17 344 372 458 467 488 812 1333 1526 1560 1568 1621 1794 1803 1810 1999 2394 2856 3824 4183 4293 -1
824: 17 823 1560 1568 2391 -1
825: 17 291 399 438 464 696 698 765 805 1047 1221 1224 1478 1481 1483 1492 1509 1532 1560 1568 1700 1705 1710 1737 1749 1798 1913 2145 2193 2842 3000 3086 3137 3251 3283 3450 3473 3474 3479 3485 3615 3653 4236 -1
826: 17 27 278 318 368 488 502 534 646 844 881 922 935 965 1041 1110 1172 1272 1526 1529 1532 1560 1568 1629 1636 1712 1810 1819 2563 2734 2802 2856 3105 3406 3708 3897 3903 4206 4207 4292 -1
827: 17 1560 1568 -1
828: 17 1560 1568 -1
829: 17 192 205 211 217 223 226 227 228 235 241 244 273 278 367 374 375 445 468 476 609 736 740 749 760 810 814 856 881 895 901 912 970 1103 1194 1210 1275 1276 1280 1464 1467 1472 1522 1537 1560 1568 1629 1637 1737 1794 1808 1826 1828 1847 1858 2193 2842 2844 2851 3051 3105 3138 3881 4192 4293 4306 -1
830: 17 217 1275 1560 1568 -1
831: 17 227 596 753 843 1208 1560 1568 2020 2280 3044 3976 -1
832: 17 1560 1568 -1
833: 17 1560 1568 -1
834: 17 1560 1568 -1
835: 17 1560 1568 -1
836: 17 853 1560 1568 -1
837: 17 217 235 277 313 315 464 467 474 480 596 649 657 698 711 752 800 805 812 843 856 895 896 937 1105 1263 1560 1568 1589 1636 1778 1781 1809 1820 1829 1887 1891 2023 2183 2186 2193 2280 2471 2743 2842 3044 3381 3653 3976 4102 -1
838: 17 1560 1568 -1
839: 17 1560 1568 4100 -1
840: 17 1560 1568 -1
841: -1
842: -1
843: -1
844: -1
845: -1
846: 857 -1
847: -1
848: -1
849: -1
850: -1
851: -1
852: -1
853: -1
854: -1
855: -1
856: -1
857: -1
858: -1
859: -1
860: -1
861: -1
862: -1
863: -1
864: -1
865: -1
866: -1
867: -1
868: -1
869: -1
870: -1
871: -1
872: -1
873: -1
874: -1
875: -1
876: -1
877: -1
878: -1
879: 1104 1115 3064 -1
880: -1
881: -1
882: -1
883: -1
884: 498 2872 3563 -1
885: -1
886: 808 1629 3072 -1
887: 1629 -1
888: -1
889: -1
890: 663 -1
891: -1
892: -1
893: -1
894: -1
895: -1
896: -1
897: -1
898: -1
899: 900 -1
900: -1
901: -1
902: -1
903: 330 648 651 817 1290 2406 2848 3387 3427 4295 -1
904: 571 -1
905: -1
906: 271 276 344 367 663 812 917 918 925 929 1104 1290 1737 2424 2987 3384 3428 -1
907: 206 213 226 229 234 251 263 271 272 274 284 291 294 299 303 323 367 427 459 478 589 610 612 639 644 648 651 663 686 711 777 787 794 797 803 804 812 817 881 891 903 909 910 914 920 925 931 932 935 938 945 1104 1109 1115 1217 1262 1267 1274 1280 1283 1294 1392 1465 1514 1522 1526 1536 1537 1547 1620 1623 1636 1637 1659 1661 1728 1737 1782 1803 1818 1822 1859 1880 1946 1973 2113 2433 2849 2931 2964 2982 2986 2988 3016 3058 3063 3097 3098 3105 3131 3132 3137 3373 3384 3387 3396 3428 3829 3957 3996 4035 4205 4206 4207 4209 4293 4303 -1
908: 945 959 964 1267 1392 1830 2835 -1
909: 1629 -1
910: -1
911: -1
912: -1
913: -1
914: -1
915: -1
916: 663 1510 2470 3058 3098 4094 -1
917: -1
918: -1
919: -1
920: 1469 -1
921: -1
922: -1
923: -1
924: -1
925: 2396 2989 -1
926: -1
927: -1
928: -1
929: -1
930: -1
931: 1469 -1
932: -1
933: -1
934: -1
935: -1
936: -1
937: -1
938: -1
939: 3996 -1
940: -1
941: -1
942: -1
943: -1
944: -1
945: -1
946: -1
947: 927 1705 1974 -1
948: -1
949: 963 -1
950: 963 -1
951: -1
952: -1
953: 1471 -1
954: 962 1471 2556 3375 -1
955: 963 -1
956: 963 -1
957: -1
958: -1
959: -1
960: -1
961: -1
962: -1
963: -1
964: -1
965: 291 922 1104 1495 1627 1737 2856 3034 3687 4182 -1
966: 982 1485 2601 -1
967: -1
968: -1
969: -1
970: -1
971: -1
972: -1
973: 404 425 432 442 990 1003 1246 1489 1501 1737 1746 2006 2757 2785 3037 3278 3418 -1
974: -1
975: -1
976: -1
977: -1
978: -1
979: -1
980: 400 -1
981: -1
982: -1
983: -1
984: 398 3411 3417 -1
985: -1
986: -1
987: -1
988: -1
989: -1
990: -1
991: -1
992: -1
993: -1
994: -1
995: -1
996: -1
997: -1
998: 977 1944 -1
999: -1
1000: -1
1001: -1
1002: -1
1003: -1
1004: -1
1005: -1
1006: -1
1007: 24 459 648 651 718 800 817 970 1210 2848 2942 3095 3106 3139 -1
1008: 25 283 588 692 1340 1737 1999 2293 4077 -1
1009: 25 -1
1010: 25 344 377 445 476 488 495 501 634 641 800 968 1040 1064 1466 1514 1522 1737 1746 1946 1986 1998 2000 2099 2112 2113 2849 2856 3071 3133 3830 4033 4205 4206 4207 4209 4293 -1
1011: 25 -1
1012: 25 58 555 588 697 1045 1054 4069 4077 -1
1013: 25 1715 2424 4069 -1
1014: 25 283 2293 3942 -1
1015: 25 -1
1016: 25 588 -1
1017: 25 588 641 643 2140 -1
1018: 25 283 2293 -1
1019: 25 588 -1
1020: 25 308 2716 -1
1021: 25 2716 -1
1022: 25 -1
1023: 25 283 425 663 1489 1948 2145 2293 2585 2645 3559 3943 3949 4059 -1
1024: 25 571 645 702 -1
1025: 25 571 -1
1026: 25 261 571 671 686 2396 2424 -1
1027: 25 -1
1028: 25 -1
1029: 25 40 67 283 559 564 565 588 641 680 683 685 686 1059 1063 1064 1341 1348 1737 1928 1944 1957 2128 2136 2140 2293 2367 2396 2728 3829 4134 -1
1030: 25 291 470 471 488 495 675 691 698 1516 1629 1737 1810 1835 1923 1938 1961 1969 2477 2734 2802 2856 2953 3000 3005 3137 3872 4102 4125 -1
1031: 25 67 330 367 478 564 576 586 641 646 655 660 663 680 685 686 692 884 1048 1051 1053 1055 1059 1063 1341 1348 1526 1629 1737 1923 1944 1954 2097 2145 2388 2395 2721 2728 2734 2791 2802 2848 2872 2941 3584 3634 3827 3828 3830 3831 4078 4127 4134 -1
1032: 25 274 291 311 323 631 648 649 651 686 817 895 945 1115 1472 1621 1737 1828 2424 3034 3137 3426 4036 4295 4303 -1
1033: 25 283 555 686 1054 2293 2716 2721 3830 4058 4068 4070 4073 4075 -1
1034: -1
1035: -1
1036: -1
1037: -1
1038: -1
1039: -1
1040: -1
1041: -1
1042: -1
1043: -1
1044: -1
1045: -1
1046: -1
1047: -1
1048: -1
1049: -1
1050: 140 2508 3932 3942 4265 -1
1051: -1
1052: -1
1053: 58 694 1352 1683 2727 -1
1054: -1
1055: -1
1056: -1
1057: -1
1058: 1053 2424 2727 -1
1059: -1
1060: 283 2293 4070 4075 -1
1061: -1
1062: -1
1063: 1051 2133 2395 2728 2730 -1
1064: -1
1065: 26 270 646 715 748 749 750 751 756 933 935 1107 1110 1381 1398 1406 1566 1965 1967 1974 2486 2533 2938 3091 3092 3098 3104 3166 3324 3332 3334 3335 3358 3431 3432 3433 4099 -1
1066: 1566 -1
1067: 1566 -1
1068: 1566 -1
1069: 1566 -1
1070: 1566 -1
1071: 1566 -1
1072: 1566 -1
1073: 1566 -1
1074: 1566 -1
1075: 1566 -1
1076: 1566 -1
1077: 1566 -1
1078: 1566 -1
1079: 1566 -1
1080: 1566 -1
1081: 1566 -1
1082: 1566 -1
1083: 1566 -1
1084: 1566 -1
1085: 1566 -1
1086: 1566 -1
1087: 1566 -1
1088: 1566 -1
1089: 1566 -1
1090: 1566 -1
1091: 1566 -1
1092: 1566 -1
1093: 1566 -1
1094: 1566 -1
1095: 1566 -1
1096: 1566 -1
1097: 26 191 243 585 648 651 817 931 1210 1381 1484 1566 1907 3699 -1
1098: 26 1381 1566 -1
1099: 26 216 223 756 760 810 891 1212 1333 1381 1430 1472 1566 1794 1807 1961 1967 2740 3159 3165 3324 3360 3433 3698 3878 -1
1100: 26 698 707 883 941 1381 1423 1566 1726 2897 3240 3499 -1
1101: -1
1102: -1
1103: -1
1104: -1
1105: -1
1106: -1
1107: -1
1108: -1
1109: -1
1110: -1
1111: -1
1112: -1
1113: -1
1114: -1
1115: -1
1116: 3687 -1
1117: -1
1118: -1
1119: -1
1120: -1
1121: -1
1122: -1
1123: 27 3708 -1
1124: 27 3708 -1
1125: 27 60 520 534 903 1179 1181 2231 3641 3642 3708 3903 4153 -1
1126: 27 3641 3642 3708 -1
1127: 27 3708 -1
1128: 27 3708 4154 -1
1129: 27 519 526 534 865 874 3708 3903 4325 -1
1130: 27 533 865 874 1178 2218 3708 -1
1131: 27 534 -1
1132: 27 534 3708 -1
1133: 27 334 534 859 870 1289 1637 1810 3040 3708 -1
1134: 27 3641 3642 3708 -1
1135: 27 247 272 276 291 368 498 534 804 881 922 1275 1289 1396 1408 1495 1537 1996 2563 3708 3959 -1
1136: 27 3257 3708 -1
1137: 27 849 2145 3708 -1
1138: 27 72 232 265 271 272 344 370 459 636 733 817 884 1104 1109 1169 1178 1303 1350 1352 1399 1431 1520 1537 1620 1794 1798 2107 2113 2145 2480 2607 2824 2826 2828 2872 2956 2988 3019 3020 3022 3045 3708 3798 3897 3905 3979 4148 4150 -1
1139: 27 3708 -1
1140: 27 1104 3708 -1
1141: 27 3708 -1
1142: 27 1180 3708 -1
1143: 27 506 1159 3708 -1
1144: 27 3708 -1
1145: 27 3708 -1
1146: 27 254 267 285 596 601 606 667 898 903 944 1104 1176 1273 1469 1522 1606 1629 1737 1794 1798 1923 2019 2459 2563 2908 2985 2988 3327 3382 3708 4183 -1
1147: 27 3708 -1
1148: 27 3708 -1
1149: 27 3708 -1
1150: 27 3708 -1
1151: 27 3708 -1
1152: 27 3708 -1
1153: 27 3708 -1
1154: 27 3708 -1
1155: 27 3708 -1
1156: 27 3708 -1
1157: 27 488 547 1173 1178 2204 2293 2847 2994 3001 3101 3133 3330 3374 3494 3708 3739 3897 4055 4310 -1
1158: 27 1159 3708 -1
1159: 27 1178 2480 3384 3708 -1
1160: 27 3384 3708 -1
1161: 27 3708 -1
1162: 27 1727 3708 4148 -1
1163: 27 3708 -1
1164: 27 3708 -1
1165: 27 1958 3708 -1
1166: 27 3708 -1
1167: -1
1168: -1
1169: -1
1170: 1180 -1
1171: 759 926 4278 -1
1172: 2217 -1
1173: -1
1174: 2232 3897 4216 -1
1175: -1
1176: -1
1177: -1
1178: -1
1179: 2424 -1
1180: -1
1181: -1
1182: -1
1183: 526 -1
1184: 28 69 89 162 226 266 314 341 405 427 461 464 467 471 474 538 573 588 601 679 686 705 726 727 741 812 856 864 951 959 1035 1185 1194 1198 1202 1215 1320 1589 1612 1778 1782 1794 1824 1829 1830 1902 1946 1986 2000 2007 2016 2084 2113 2193 2746 2754 2757 2949 2996 3000 3071 3223 3251 3410 3490 3577 3920 4059 4064 4069 4077 4156 4158 4159 4160 4161 4162 4163 4164 4167 4168 4169 4170 -1
1185: -1
1186: 922 -1
1187: 642 922 -1
1188: 922 -1
1189: 1794 3064 4183 -1
1190: -1
1191: -1
1192: -1
1193: -1
1194: -1
1195: -1
1196: -1
1197: -1
1198: -1
1199: 651 817 922 1196 1207 1210 3984 4042 -1
1200: -1
1201: -1
1202: -1
1203: -1
1204: -1
1205: -1
1206: -1
1207: -1
1208: -1
1209: -1
1210: -1
1211: -1
1212: -1
1213: -1
1214: 3105 -1
1215: -1
1216: -1
1217: 637 754 -1
1218: -1
1219: 29 1218 1494 -1
1220: -1
1221: 1749 -1
1222: -1
1223: -1
1224: -1
1225: -1
1226: -1
1227: -1
1228: -1
1229: -1
1230: -1
1231: -1
1232: -1
1233: -1
1234: -1
1235: -1
1236: -1
1237: -1
1238: -1
1239: -1
1240: -1
1241: -1
1242: -1
1243: -1
1244: -1
1245: -1
1246: -1
1247: -1
1248: -1
1249: -1
1250: -1
1251: -1
1252: -1
1253: -1
1254: -1
1255: -1
1256: -1
1257: -1
1258: -1
1259: -1
1260: -1
1261: -1
1262: -1
1263: -1
1264: -1
1265: -1
1266: 1268 -1
1267: -1
1268: 1277 -1
1269: 1297 -1
1270: 39 -1
1271: -1
1272: -1
1273: 234 273 344 609 740 901 912 1104 1620 1829 2563 4291 -1
1274: -1
1275: 1781 -1
1276: -1
1277: -1
1278: -1
1279: -1
1280: -1
1281: -1
1282: 2476 3044 -1
1283: 808 847 886 941 1104 1285 1297 1464 1495 2424 -1
1284: -1
1285: 1297 -1
1286: -1
1287: -1
1288: 1115 -1
1289: -1
1290: 1112 -1
1291: -1
1292: -1
1293: -1
1294: -1
1295: -1
1296: -1
1297: -1
1298: 1469 -1
1299: -1
1300: 32 -1
1301: 344 404 432 467 486 1352 1478 1749 2964 3479 3606 3614 3653 -1
1302: 32 432 987 1219 1497 2964 3266 3809 3824 -1
1303: -1
1304: -1
1305: -1
1306: -1
1307: -1
1308: -1
1309: -1
1310: -1
1311: -1
1312: -1
1313: -1
1314: 1312 -1
1315: -1
1316: -1
1317: -1
1318: -1
1319: -1
1320: -1
1321: 1350 -1
1322: -1
1323: -1
1324: -1
1325: -1
1326: -1
1327: 2786 -1
1328: -1
1329: -1
1330: -1
1331: -1
1332: -1
1333: -1
1334: -1
1335: -1
1336: -1
1337: -1
1338: -1
1339: 641 1943 -1
1340: 327 -1
1341: -1
1342: -1
1343: -1
1344: -1
1345: -1
1346: -1
1347: -1
1348: -1
1349: -1
1350: -1
1351: -1
1352: -1
1353: -1
1354: -1
1355: 33 3013 -1
1356: 33 267 642 903 904 922 1290 -1
1357: 33 1966 1972 1976 1977 -1
1358: 33 -1
1359: 33 903 2809 3714 3994 -1
1360: 33 -1
1361: 33 -1
1362: 33 812 903 2990 3979 3994 4278 -1
1363: 33 -1
1364: 33 72 267 344 467 903 2809 2828 2856 -1
1365: 33 1629 -1
1366: 33 216 267 630 887 888 903 3383 3384 3994 4269 4292 -1
1367: 33 -1
1368: 33 189 278 624 655 695 1042 1202 2661 2727 2856 -1
1369: 33 659 722 802 808 886 891 903 922 1117 1121 1280 1377 1515 1553 1616 1823 1923 2803 2931 2932 2933 2936 2938 2940 2942 3105 3979 3994 4094 4295 -1
1370: 33 4182 -1
1371: 33 1104 1553 -1
1372: 33 370 401 411 416 425 433 639 978 984 987 1104 1313 1477 1478 1485 1489 1493 1502 1516 1522 1740 1964 2841 2941 3411 4094 -1
1373: 33 -1
1374: 33 808 886 1476 1536 2933 3244 -1
1375: 33 378 587 903 1179 1335 1477 1485 1493 2916 2933 2940 -1
1376: 33 -1
1377: 33 903 1197 1217 1448 1536 2956 2988 4088 -1
1378: 33 243 -1
1379: 33 -1
1380: 33 1642 2424 -1
1381: 33 744 1111 1113 1516 2022 -1
1382: 33 965 1623 2424 3138 -1
1383: 33 1629 2425 -1
1384: 33 -1
1385: 33 -1
1386: 33 -1
1387: 33 890 1606 2470 2471 2477 2479 2744 -1
1388: 33 1370 -1
1389: 33 278 595 596 605 608 648 651 740 742 817 876 894 896 1104 1299 1847 1862 2021 2107 3057 3105 3976 3987 4085 4086 4087 -1
1390: 33 -1
1391: 33 197 903 1211 1533 1536 1872 3166 -1
1392: 33 1294 2562 2565 -1
1393: 33 3094 -1
1394: 33 -1
1395: 33 903 1179 1870 2424 -1
1396: 33 291 1516 1970 2841 2855 3137 3979 -1
1397: 33 3384 -1
1398: 33 692 928 940 3098 -1
1399: 33 137 -1
1400: 33 922 1107 1737 3105 3159 -1
1401: 33 2848 -1
1402: 33 -1
1403: 33 698 795 -1
1404: 33 368 623 849 1553 2253 2424 2989 -1
1405: 33 368 1495 2424 -1
1406: 33 368 1064 1495 2424 2717 -1
1407: 33 -1
1408: 33 903 1516 1767 1880 3387 4296 -1
1409: 33 612 621 -1
1410: 33 -1
1411: 33 -1
1412: 33 1104 1803 1968 2986 -1
1413: 33 366 616 740 777 781 793 807 898 922 1547 1552 1631 1737 1794 1880 2413 3105 4192 -1
1414: 33 1970 2848 -1
1415: 33 612 621 637 754 920 1629 2848 2870 -1
1416: 33 -1
1417: 33 323 344 646 941 1536 2982 -1
1418: 33 2563 -1
1419: 33 2989 -1
1420: 33 651 744 817 1623 1624 1859 -1
1421: 33 -1
1422: 33 903 1448 1862 2938 4273 -1
1423: 33 277 648 651 817 903 944 1399 1526 1547 4325 -1
1424: 33 -1
1425: 33 1104 1960 1965 -1
1426: 33 795 1737 -1
1427: 33 -1
1428: 33 197 849 903 1115 2809 2827 2829 3384 3643 3714 -1
1429: 33 818 1829 2989 3091 -1
1430: 33 2989 -1
1431: 33 72 271 698 903 1290 1364 1528 1536 2809 2824 2826 2827 2828 2829 3013 3713 3714 -1
1432: 33 294 340 631 648 651 698 717 817 903 922 1171 1536 1642 1737 1826 2826 2988 3026 3978 -1
1433: 33 739 1839 -1
1434: 33 604 921 3051 4192 -1
1435: 33 663 1110 1290 1507 1508 1509 1510 1511 1512 1513 1514 1515 1516 1517 1518 1519 1520 1522 1523 1524 1525 1526 1527 1528 1529 1532 1533 1534 1535 1536 -1
1436: 33 244 291 610 788 797 1280 3062 4303 -1
1437: 33 -1
1438: 33 927 1963 1974 3430 -1
1439: 33 3686 -1
1440: 33 -1
1441: 33 710 859 1448 1838 1887 3384 3996 4289 4294 -1
1442: 33 616 734 738 740 761 762 764 878 896 912 931 1273 1794 3105 -1
1443: 33 344 808 886 1517 1996 3828 4035 -1
1444: 33 710 903 920 2809 2827 2829 2856 2942 3714 3828 3831 -1
1445: 33 1104 1290 1448 1880 3384 -1
1446: 33 745 842 1117 1542 1553 2424 3131 4275 4281 -1
1447: 33 229 648 651 698 743 797 812 817 856 1209 1217 1290 1495 1737 2304 3034 3384 3962 4271 4280 -1
1448: 33 267 282 648 651 817 849 898 903 904 945 1115 1119 1781 2304 2485 2809 2938 3051 3383 3384 -1
1449: 33 -1
1450: 33 922 3105 -1
1451: 33 944 -1
1452: 33 -1
1453: 33 648 651 817 4292 -1
1454: 33 903 1923 2304 3383 3384 4292 4296 -1
1455: 33 211 -1
1456: 33 461 648 651 817 1629 2025 2934 3098 -1
1457: 33 663 744 1859 -1
1458: 33 -1
1459: 33 -1
1460: 33 1737 -1
1461: 33 1517 2424 3097 -1
1462: 33 290 648 651 698 710 817 903 1364 1399 1431 2480 2809 2823 2827 2829 2856 2942 3013 3026 3714 3718 3979 4292 -1
1463: 33 272 427 642 717 802 922 931 1062 1291 1526 1537 1542 1808 2424 2803 4271 4272 4273 4274 4275 4276 4277 4279 4282 4284 4285 4287 4289 4291 4292 4293 -1
1464: -1
1465: -1
1466: -1
1467: 211 274 402 601 715 734 738 740 741 755 761 762 764 931 1103 1115 1201 1210 1275 1472 1627 1629 1809 1821 1825 1828 1847 2532 2857 3064 3138 3159 3165 3166 4192 4291 -1
1468: -1
1469: 2393 2398 2399 -1
1470: 198 274 290 321 404 595 596 605 634 641 648 651 753 812 817 905 935 1267 1466 1514 1620 1621 1629 1737 1749 2000 2563 2960 3798 4033 4102 -1
1471: 1466 1620 2563 3442 3450 4033 -1
1472: -1
1473: 34 42 425 1485 1488 1489 1704 1708 1713 1720 3037 3270 3278 -1
1474: -1
1475: 920 -1
1476: -1
1477: -1
1478: -1
1479: -1
1480: -1
1481: -1
1482: -1
1483: -1
1484: -1
1485: -1
1486: -1
1487: -1
1488: -1
1489: -1
1490: -1
1491: -1
1492: -1
1493: 1477 -1
1494: -1
1495: -1
1496: -1
1497: -1
1498: -1
1499: -1
1500: -1
1501: -1
1502: -1
1503: -1
1504: -1
1505: -1
1506: -1
1507: -1
1508: -1
1509: -1
1510: -1
1511: 1523 -1
1512: 903 1179 3091 3095 3598 3994 -1
1513: -1
1514: -1
1515: -1
1516: -1
1517: 1511 1523 -1
1518: -1
1519: -1
1520: -1
1521: 1518 1531 -1
1522: -1
1523: -1
1524: -1
1525: -1
1526: -1
1527: -1
1528: -1
1529: -1
1530: 1520 1527 -1
1531: -1
1532: -1
1533: -1
1534: -1
1535: -1
1536: -1
1537: -1
1538: -1
1539: -1
1540: -1
1541: -1
1542: -1
1543: -1
1544: -1
1545: -1
1546: -1
1547: -1
1548: -1
1549: -1
1550: -1
1551: 213 378 604 608 647 648 651 742 746 766 817 1273 1514 1541 1543 1552 1606 1620 1819 1821 1825 1827 2018 2025 2477 3051 3105 3975 -1
1552: -1
1553: -1
1554: 36 248 1010 1034 1168 1213 1599 1882 1935 2419 -1
1555: 36 248 1010 1034 1168 1213 1599 1882 1935 2419 -1
1556: 36 248 1010 1034 1168 1213 1599 1882 1935 2419 -1
1557: 36 -1
1558: 36 -1
1559: -1
1560: -1
1561: -1
1562: -1
1563: -1
1564: -1
1565: -1
1566: -1
1567: -1
1568: -1
1569: -1
1570: -1
1571: -1
1572: 36 1010 1034 1599 -1
1573: 36 1010 1034 1599 -1
1574: 36 1010 1034 1599 -1
1575: 36 1010 1034 1599 -1
1576: 36 1010 1034 1599 -1
1577: 37 892 1159 1584 1586 1587 1589 1595 1596 1598 1600 1601 1604 1605 1607 1608 1609 1610 1611 1614 4273 -1
1578: 37 235 464 843 856 895 1200 1580 1581 1582 1583 1591 1592 1593 1602 1603 1609 1610 1612 -1
1579: 1838 1848 1887 2193 3253 -1
1580: -1
1581: 657 1589 1611 -1
1582: 227 1611 1737 -1
1583: -1
1584: -1
1585: -1
1586: -1
1587: -1
1588: -1
1589: -1
1590: 1601 1605 -1
1591: 1553 4292 -1
1592: -1
1593: -1
1594: 3465 -1
1595: -1
1596: -1
1597: -1
1598: -1
1599: -1
1600: -1
1601: -1
1602: -1
1603: -1
1604: -1
1605: -1
1606: -1
1607: -1
1608: -1
1609: -1
1610: 1598 1605 1608 -1
1611: 1541 -1
1612: -1
1613: 1611 -1
1614: -1
1615: 595 651 817 1620 2424 3105 -1
1616: -1
1617: -1
1618: -1
1619: -1
1620: -1
1621: 1737 -1
1622: -1
1623: -1
1624: -1
1625: -1
1626: -1
1627: -1
1628: -1
1629: -1
1630: -1
1631: -1
1632: 1283 1641 1652 -1
1633: 812 1641 1652 -1
1634: -1
1635: -1
1636: -1
1637: -1
1638: -1
1639: -1
1640: -1
1641: -1
1642: 159 653 1290 1650 1737 2424 -1
1643: 1634 3446 -1
1644: 1652 -1
1645: 812 1283 1443 1641 1652 2424 -1
1646: -1
1647: -1
1648: -1
1649: 721 812 1283 1637 1641 1643 1650 1652 -1
1650: -1
1651: -1
1652: -1
1653: 1641 1652 -1
1654: 663 721 812 1283 1641 1643 1652 1661 1978 2099 2455 3400 3401 -1
1655: -1
1656: -1
1657: 1650 1652 -1
1658: 1283 1641 1652 -1
1659: -1
1660: 1647 -1
1661: -1
1662: 40 1680 -1
1663: 283 305 1054 1679 1681 2293 2721 3948 4070 4075 -1
1664: 40 1679 2721 4070 4075 -1
1665: 305 3948 4070 4075 -1
1666: 305 1054 3948 4070 4075 -1
1667: -1
1668: 2721 -1
1669: 670 -1
1670: -1
1671: -1
1672: -1
1673: -1
1674: -1
1675: -1
1676: -1
1677: -1
1678: -1
1679: -1
1680: 1054 1306 1421 1675 1679 1681 2149 2721 3821 4068 -1
1681: -1
1682: -1
1683: -1
1684: -1
1685: -1
1686: -1
1687: -1
1688: -1
1689: -1
1690: 1061 4071 -1
1691: -1
1692: -1
1693: -1
1694: -1
1695: -1
1696: -1
1697: 621 -1
1698: -1
1699: 612 621 -1
1700: -1
1701: -1
1702: -1
1703: -1
1704: -1
1705: -1
1706: -1
1707: -1
1708: -1
1709: -1
1710: -1
1711: -1
1712: -1
1713: -1
1714: -1
1715: 2424 -1
1716: -1
1717: -1
1718: -1
1719: -1
1720: -1
1721: -1
1722: -1
1723: -1
1724: -1
1725: -1
1726: -1
1727: -1
1728: -1
1729: -1
1730: 903 3994 -1
1731: -1
1732: -1
1733: -1
1734: 43 1501 1907 3108 -1
1735: 1737 1741 1744 1746 1748 -1
1736: -1
1737: -1
1738: -1
1739: -1
1740: 195 270 402 427 585 739 1042 1406 1495 1712 1902 1943 1986 2000 2007 2016 2856 4114 -1
1741: -1
1742: -1
1743: -1
1744: -1
1745: -1
1746: -1
1747: -1
1748: -1
1749: -1
1750: 44 1760 -1
1751: 44 -1
1752: 44 990 3086 3418 -1
1753: 4324 -1
1754: -1
1755: -1
1756: -1
1757: -1
1758: -1
1759: -1
1760: -1
1761: -1
1762: 1755 1773 1776 -1
1763: -1
1764: -1
1765: -1
1766: -1
1767: -1
1768: -1
1769: -1
1770: -1
1771: -1
1772: -1
1773: -1
1774: -1
1775: -1
1776: -1
1777: -1
1778: -1
1779: -1
1780: -1
1781: -1
1782: -1
1783: -1
1784: -1
1785: -1
1786: -1
1787: -1
1788: -1
1789: -1
1790: -1
1791: -1
1792: -1
1793: -1
1794: -1
1795: -1
1796: -1
1797: -1
1798: -1
1799: -1
1800: -1
1801: -1
1802: -1
1803: -1
1804: 149 291 368 648 651 790 817 818 1537 1640 1647 1660 1961 1966 2424 2947 2982 2989 3073 3137 3431 3684 4099 -1
1805: -1
1806: -1
1807: -1
1808: 3442 3450 -1
1809: -1
1810: -1
1811: -1
1812: -1
1813: -1
1814: -1
1815: 1737 2532 -1
1816: -1
1817: -1
1818: -1
1819: -1
1820: -1
1821: -1
1822: -1
1823: -1
1824: -1
1825: -1
1826: -1
1827: -1
1828: -1
1829: -1
1830: -1
1831: -1
1832: -1
1833: 2834 -1
1834: -1
1835: -1
1836: 1858 -1
1837: 1858 -1
1838: -1
1839: 817 894 -1
1840: -1
1841: 1553 -1
1842: -1
1843: 1858 -1
1844: -1
1845: -1
1846: -1
1847: -1
1848: -1
1849: 3319 -1
1850: -1
1851: -1
1852: -1
1853: -1
1854: -1
1855: 1858 -1
1856: -1
1857: -1
1858: 1276 1771 3064 4192 -1
1859: -1
1860: 1290 1857 1858 -1
1861: -1
1862: -1
1863: -1
1864: 607 614 733 1120 1514 1886 2424 -1
1865: -1
1866: -1
1867: -1
1868: -1
1869: -1
1870: 647 648 651 817 957 1267 1276 1277 1283 1737 1749 1867 3048 3798 -1
1871: -1
1872: -1
1873: -1
1874: -1
1875: -1
1876: -1
1877: -1
1878: -1
1879: -1
1880: -1
1881: -1
1882: -1
1883: -1
1884: -1
1885: -1
1886: -1
1887: -1
1888: -1
1889: -1
1890: -1
1891: 3040 -1
1892: -1
1893: -1
1894: -1
1895: -1
1896: -1
1897: 1863 -1
1898: 2787 -1
1899: -1
1900: -1
1901: -1
1902: -1
1903: -1
1904: -1
1905: -1
1906: -1
1907: -1
1908: -1
1909: -1
1910: 2110 -1
1911: -1
1912: -1
1913: -1
1914: -1
1915: -1
1916: -1
1917: -1
1918: -1
1919: -1
1920: -1
1921: -1
1922: -1
1923: -1
1924: -1
1925: -1
1926: -1
1927: 1341 1961 -1
1928: -1
1929: -1
1930: -1
1931: -1
1932: -1
1933: -1
1934: -1
1935: -1
1936: -1
1937: -1
1938: -1
1939: -1
1940: 571 2133 -1
1941: -1
1942: -1
1943: -1
1944: -1
1945: -1
1946: -1
1947: -1
1948: -1
1949: -1
1950: -1
1951: -1
1952: -1
1953: -1
1954: -1
1955: -1
1956: -1
1957: -1
1958: -1
1959: 760 1043 1109 1464 1794 2984 3000 -1
1960: 462 -1
1961: -1
1962: -1
1963: -1
1964: -1
1965: -1
1966: -1
1967: -1
1968: -1
1969: -1
1970: -1
1971: -1
1972: 1271 1976 1977 -1
1973: -1
1974: 243 -1
1975: -1
1976: -1
1977: 1961 -1
1978: -1
1979: 743 1967 1972 2556 2984 3373 3375 -1
1980: -1
1981: -1
1982: 367 488 495 959 964 1810 2833 2834 3211 -1
1983: -1
1984: -1
1985: -1
1986: -1
1987: -1
1988: -1
1989: -1
1990: 2012 -1
1991: -1
1992: -1
1993: -1
1994: 2004 -1
1995: 2424 -1
1996: 2113 -1
1997: -1
1998: -1
1999: -1
2000: 3418 -1
2001: -1
2002: -1
2003: -1
2004: -1
2005: -1
2006: -1
2007: -1
2008: -1
2009: -1
2010: -1
2011: -1
2012: 1991 -1
2013: -1
2014: -1
2015: -1
2016: -1
2017: 4100 -1
2018: -1
2019: -1
2020: -1
2021: -1
2022: -1
2023: -1
2024: -1
2025: -1
2026: -1
2027: -1
2028: 53 -1
2029: 53 923 1996 2079 2098 2103 2104 2106 2886 2899 2900 2903 2904 2905 3596 -1
2030: 53 268 1998 -1
2031: 53 3594 -1
2032: 53 1996 2100 2105 -1
2033: 53 226 229 253 467 475 663 675 698 749 765 797 888 890 920 922 927 957 1104 1115 1261 1262 1274 1297 1515 1522 1620 1715 1809 1822 1946 1982 1996 2099 2394 2848 2849 2856 2949 2968 -1
2034: 53 149 270 272 294 315 368 623 659 802 808 881 886 887 888 891 903 920 922 1106 1117 1179 1261 1406 1443 1495 1536 1737 1823 1996 2015 2107 2803 2856 2968 3034 3276 3398 3399 3714 4114 -1
2035: 53 378 402 434 490 646 686 800 812 957 992 1526 1737 1851 1986 1988 1989 1994 1998 2000 2002 2004 2006 2008 2011 2016 2030 2055 2058 2112 2113 2397 2736 2964 3071 4293 -1
2036: 53 -1
2037: 53 -1
2038: 53 4199 -1
2039: 53 -1
2040: 53 1737 -1
2041: 53 410 1495 1997 2940 3106 3596 -1
2042: 53 2110 -1
2043: 53 1737 2110 -1
2044: 53 4199 -1
2045: 53 4199 -1
2046: 53 812 -1
2047: 53 -1
2048: 53 2079 2905 -1
2049: 53 4199 -1
2050: 53 -1
2051: 53 2012 -1
2052: 53 -1
2053: 53 -1
2054: 53 4199 -1
2055: 53 -1
2056: 53 2050 4073 -1
2057: 53 -1
2058: 53 -1
2059: 53 -1
2060: 53 -1
2061: 53 -1
2062: 53 -1
2063: 53 -1
2064: 53 2096 2110 2905 -1
2065: 53 -1
2066: 53 -1
2067: 53 2080 -1
2068: 53 -1
2069: 53 2905 -1
2070: 53 -1
2071: 53 717 1526 1737 2424 2899 4293 -1
2072: 53 -1
2073: 53 -1
2074: 53 -1
2075: 53 1737 -1
2076: 53 -1
2077: 53 2997 3211 3231 -1
2078: 53 -1
2079: 53 -1
2080: 53 -1
2081: 53 2096 2905 -1
2082: 53 2096 2110 4199 -1
2083: 53 4199 -1
2084: 53 2096 2905 -1
2085: 53 1703 2721 -1
2086: 53 1703 -1
2087: 53 2096 3591 4199 -1
2088: 53 3138 -1
2089: 53 2096 2110 4199 -1
2090: 53 226 788 812 881 1190 1216 1333 1526 1537 1737 1782 1808 1996 2096 2099 2101 2110 2111 2834 2856 2884 2942 3387 4293 -1
2091: 53 378 404 788 812 961 966 971 972 1000 1180 1333 1485 1702 1709 1808 1830 1993 1996 1999 2030 2096 2099 2102 2104 2109 2110 2111 2424 2856 2899 3239 3594 3681 4004 4124 -1
2092: 53 176 268 278 378 404 488 961 966 971 1000 1064 1333 1479 1485 1709 1810 1830 1907 1985 1990 1993 1996 1998 1999 2003 2011 2030 2082 2096 2099 2110 2856 2886 2905 3158 3275 3594 3633 3653 3659 4004 4124 -1
2093: 53 376 1996 3441 3448 -1
2094: -1
2095: -1
2096: -1
2097: -1
2098: -1
2099: 2877 2882 -1
2100: -1
2101: -1
2102: -1
2103: -1
2104: -1
2105: 2100 -1
2106: -1
2107: 234 344 596 605 740 777 1737 1923 2477 3062 -1
2108: -1
2109: -1
2110: -1
2111: -1
2112: -1
2113: -1
2114: 54 314 406 650 1001 1329 1346 1347 1737 1746 1749 1944 2006 2194 2721 2785 2947 3000 3242 3266 3420 3444 3653 -1
2115: 54 268 404 425 427 467 686 698 812 982 1489 1673 1737 1746 1749 1806 2114 2721 3269 4201 -1
2116: 44 54 217 291 328 372 467 491 496 567 629 650 679 692 698 866 869 929 972 983 990 1047 1346 1589 1832 1922 1948 2006 2058 2324 2468 2730 2775 3071 3209 3418 3553 3564 3653 3824 3946 4291 -1
2117: 54 884 2872 -1
2118: 54 587 641 1503 2717 -1
2119: 54 -1
2120: 54 -1
2121: 2721 -1
2122: -1
2123: -1
2124: 2396 -1
2125: -1
2126: 2145 -1
2127: -1
2128: -1
2129: 326 677 -1
2130: 2721 -1
2131: 658 675 688 698 1046 1629 2145 2519 2629 3563 3935 -1
2132: -1
2133: -1
2134: -1
2135: -1
2136: -1
2137: -1
2138: -1
2139: -1
2140: -1
2141: -1
2142: -1
2143: -1
2144: 2147 -1
2145: -1
2146: 884 1675 2721 2872 -1
2147: -1
2148: -1
2149: -1
2150: -1
2151: 55 805 935 4295 -1
2152: 55 648 651 817 1157 3057 3678 -1
2153: 2162 2163 2164 3077 -1
2154: 3078 3081 -1
2155: 2178 2180 2188 -1
2156: 2424 3077 3078 3081 -1
2157: 3078 3081 -1
2158: 2167 -1
2159: 2179 -1
2160: -1
2161: -1
2162: -1
2163: -1
2164: 2153 2161 -1
2165: -1
2166: -1
2167: 1737 -1
2168: -1
2169: -1
2170: -1
2171: -1
2172: -1
2173: -1
2174: 2191 -1
2175: -1
2176: -1
2177: -1
2178: 2188 -1
2179: -1
2180: -1
2181: -1
2182: -1
2183: -1
2184: -1
2185: -1
2186: -1
2187: -1
2188: -1
2189: 1469 -1
2190: -1
2191: -1
2192: 2159 -1
2193: -1
2194: -1
2195: 56 698 844 1173 1180 1183 1509 1532 1805 1886 1891 2217 2226 2232 3251 3408 4150 -1
2196: 56 2229 -1
2197: 56 533 534 2199 2202 2205 2206 2207 2208 2211 2212 2213 2214 2220 2221 2222 2223 2224 2227 2228 2233 2234 2235 2236 2237 -1
2198: 56 533 534 603 883 1786 2199 2205 2206 2207 2208 2211 2212 2213 2214 2220 2221 2222 2223 2224 2227 2228 2233 2234 2235 2236 2237 2477 3725 -1
2199: -1
2200: 56 533 534 846 1554 2199 2205 2206 2207 2208 2211 2212 2213 2214 2220 2221 2222 2223 2224 2227 2228 2233 2234 2235 2236 2237 2414 -1
2201: 56 533 534 2199 2205 2206 2207 2208 2211 2212 2213 2214 2220 2221 2222 2223 2224 2227 2228 2233 2234 2235 2236 2237 -1
2202: 56 533 534 2205 2206 2207 2208 2211 2212 2213 2214 2220 2221 2222 2223 2224 2227 2228 2233 2234 2235 2236 2237 -1
2203: 3408 -1
2204: -1
2205: -1
2206: 2229 -1
2207: -1
2208: -1
2209: -1
2210: 3450 -1
2211: -1
2212: -1
2213: -1
2214: 3897 -1
2215: 3450 -1
2216: -1
2217: -1
2218: -1
2219: -1
2220: -1
2221: -1
2222: 2203 -1
2223: -1
2224: -1
2225: -1
2226: -1
2227: -1
2228: -1
2229: -1
2230: -1
2231: -1
2232: 1176 -1
2233: -1
2234: -1
2235: -1
2236: -1
2237: -1
2238: -1
2239: -1
2240: -1
2241: -1
2242: -1
2243: 57 1409 2244 2245 2246 2247 2248 2249 2250 2251 2252 2254 2255 2256 2257 2258 2261 2262 2263 2264 2265 2266 2267 2268 2271 2272 2273 2274 2275 2276 2277 2278 2279 2281 2282 2283 2284 -1
2244: -1
2245: -1
2246: 2022 -1
2247: -1
2248: -1
2249: -1
2250: -1
2251: -1
2252: -1
2253: -1
2254: -1
2255: -1
2256: -1
2257: -1
2258: 1550 2022 -1
2259: -1
2260: -1
2261: -1
2262: -1
2263: -1
2264: -1
2265: -1
2266: -1
2267: -1
2268: -1
2269: -1
2270: -1
2271: -1
2272: -1
2273: -1
2274: 1550 -1
2275: -1
2276: -1
2277: -1
2278: 2022 -1
2279: -1
2280: -1
2281: -1
2282: -1
2283: 2022 -1
2284: -1
2285: -1
2286: 58 562 567 575 579 580 581 590 683 1042 1052 2133 2293 2401 3920 -1
2287: 58 3091 3103 3374 -1
2288: 58 643 1029 1311 2488 2681 3931 -1
2289: 58 -1
2290: 58 283 322 571 643 2293 2424 -1
2291: 58 -1
2292: 58 4074 -1
2293: 58 322 329 565 678 688 1053 1054 1157 1673 1943 2424 2727 2942 3276 -1
2294: 58 588 -1
2295: 58 -1
2296: 58 67 489 559 674 691 698 707 884 925 1055 1942 1949 2390 2556 2607 2665 2718 2720 2722 2723 2728 2734 2802 2872 3375 3628 -1
2297: 58 286 302 489 556 557 565 629 664 884 1352 2131 2735 2872 3561 3586 -1
2298: 58 485 715 743 922 1110 1737 1960 1965 2424 -1
2299: 58 614 741 756 798 1109 2847 -1
2300: 58 276 648 655 740 789 808 814 886 922 1064 1290 1620 1813 2424 2857 4281 4303 -1
2301: 58 643 941 -1
2302: 58 210 213 226 228 244 252 276 278 280 294 378 402 464 475 483 488 490 524 585 609 610 623 634 637 646 653 659 686 736 754 758 760 789 806 808 814 856 886 891 903 931 967 969 1040 1062 1063 1064 1105 1117 1179 1200 1273 1280 1286 1291 1297 1408 1515 1526 1537 1552 1623 1629 1715 1770 1808 1809 1810 1813 1821 1823 1824 1825 1827 1829 1830 1847 1851 2025 2107 2225 2304 2424 2744 2942 2988 3105 3373 3387 3388 3652 3680 3957 4071 4293 4306 -1
2303: 58 1421 2933 3830 -1
2304: 58 648 651 817 4282 4295 -1
2305: 58 643 763 913 941 3098 3431 -1
2306: 58 686 1174 1289 -1
2307: 58 -1
2308: 58 -1
2309: 58 299 643 817 903 1283 3254 -1
2310: 58 -1
2311: 58 -1
2312: 58 -1
2313: 58 -1
2314: 58 -1
2315: 58 -1
2316: 58 -1
2317: 58 -1
2318: 58 229 777 945 1514 1629 1630 1782 2099 2397 2849 2963 3071 3105 -1
2319: 58 -1
2320: 58 -1
2321: 58 -1
2322: 58 -1
2323: 58 -1
2324: 58 -1
2325: 58 67 556 557 664 1042 2131 2133 2720 2722 -1
2326: 58 556 557 664 698 885 2131 2145 2291 2402 2723 -1
2327: 58 2402 -1
2328: 58 -1
2329: 58 643 -1
2330: 58 643 925 -1
2331: 58 67 -1
2332: 58 -1
2333: 58 -1
2334: 58 1641 2099 -1
2335: 58 -1
2336: 58 -1
2337: 58 -1
2338: 58 -1
2339: 58 281 -1
2340: 58 -1
2341: 58 -1
2342: 58 -1
2343: 58 677 -1
2344: 58 -1
2345: 58 694 1683 1954 -1
2346: 58 561 686 1042 1051 1196 1673 1675 1954 2404 2723 2802 2933 -1
2347: 58 -1
2348: 58 -1
2349: 58 -1
2350: 58 1350 1675 3952 4075 -1
2351: 58 4068 -1
2352: 58 -1
2353: 58 -1
2354: 58 67 2627 -1
2355: 58 -1
2356: 58 671 2357 -1
2357: 58 -1
2358: 58 903 1051 1673 1958 2148 2360 2985 3994 -1
2359: 58 680 2396 -1
2360: 58 1042 -1
2361: 58 2289 2396 -1
2362: 58 925 1683 2133 2396 -1
2363: 58 67 556 557 664 1042 2131 2586 2718 2720 2722 2731 2981 -1
2364: 58 643 -1
2365: 58 -1
2366: 58 -1
2367: 58 925 1051 -1
2368: 58 2720 2722 2723 -1
2369: 58 -1
2370: 58 -1
2371: 58 -1
2372: 58 -1
2373: 58 -1
2374: 58 -1
2375: 58 -1
2376: 58 -1
2377: 58 -1
2378: 58 -1
2379: 58 -1
2380: 58 -1
2381: 58 -1
2382: 58 -1
2383: 58 -1
2384: 58 -1
2385: 58 -1
2386: 58 -1
2387: 58 -1
2388: -1
2389: -1
2390: -1
2391: -1
2392: 577 -1
2393: -1
2394: -1
2395: -1
2396: -1
2397: -1
2398: -1
2399: -1
2400: -1
2401: -1
2402: -1
2403: -1
2404: -1
2405: -1
2406: -1
2407: 59 -1
2408: 59 -1
2409: 59 3899 -1
2410: -1
2411: -1
2412: -1
2413: -1
2414: 2411 2416 2418 2420 -1
2415: -1
2416: -1
2417: -1
2418: -1
2419: -1
2420: -1
2421: -1
2422: -1
2423: -1
2424: -1
2425: -1
2426: 60 534 1175 3256 -1
2427: 60 -1
2428: 60 520 526 903 1170 1177 1179 1183 1509 1532 1737 2209 2232 3033 3256 3385 3404 3644 3728 3757 3763 3897 -1
2429: 60 2217 3256 -1
2430: 60 -1
2431: 60 2463 -1
2432: 60 -1
2433: 60 922 1894 3252 3384 3643 -1
2434: 60 530 767 922 2444 -1
2435: 60 530 3254 4148 -1
2436: 60 -1
2437: 60 4153 -1
2438: 60 534 891 2203 3256 4148 4311 -1
2439: 60 -1
2440: 60 520 2424 3255 3257 -1
2441: 60 -1
2442: 60 1880 3257 -1
2443: 60 -1
2444: 60 1176 3257 3258 -1
2445: 60 1176 -1
2446: 60 -1
2447: 60 520 865 874 880 1177 2239 -1
2448: 60 -1
2449: 60 1176 3257 -1
2450: 60 651 817 881 1448 1803 2479 2956 2988 -1
2451: 60 710 -1
2452: 60 -1
2453: 60 -1
2454: 60 -1
2455: 2217 -1
2456: 1180 -1
2457: 1792 -1
2458: 3256 -1
2459: -1
2460: -1
2461: -1
2462: 2424 -1
2463: -1
2464: 3257 -1
2465: -1
2466: 2439 2465 -1
2467: -1
2468: -1
2469: 244 284 608 736 740 742 760 768 777 894 898 1264 1271 1280 1291 1467 1794 1801 2483 4100 -1
2470: -1
2471: -1
2472: -1
2473: -1
2474: -1
2475: -1
2476: -1
2477: -1
2478: -1
2479: -1
2480: -1
2481: 1264 1271 -1
2482: -1
2483: 2477 -1
2484: 1276 -1
2485: -1
2486: -1
2487: -1
2488: -1
2489: -1
2490: -1
2491: -1
2492: -1
2493: -1
2494: -1
2495: -1
2496: -1
2497: -1
2498: -1
2499: 64 -1
2500: 64 -1
2501: 64 2502 2964 -1
2502: 64 2758 -1
2503: 64 2502 -1
2504: 64 2507 -1
2505: 64 -1
2506: 64 -1
2507: -1
2508: -1
2509: 884 2872 -1
2510: -1
2511: -1
2512: -1
2513: 556 664 2131 -1
2514: 884 2872 2962 -1
2515: -1
2516: -1
2517: -1
2518: -1
2519: -1
2520: -1
2521: -1
2522: -1
2523: -1
2524: -1
2525: -1
2526: -1
2527: -1
2528: -1
2529: -1
2530: 299 903 1179 -1
2531: -1
2532: -1
2533: -1
2534: -1
2535: -1
2536: -1
2537: -1
2538: -1
2539: -1
2540: -1
2541: -1
2542: -1
2543: -1
2544: -1
2545: -1
2546: -1
2547: -1
2548: -1
2549: -1
2550: -1
2551: -1
2552: -1
2553: -1
2554: -1
2555: -1
2556: 3375 -1
2557: 609 760 879 894 898 1104 1115 1543 2744 2851 4095 -1
2558: 462 647 777 1448 2027 -1
2559: 1858 -1
2560: -1
2561: -1
2562: 2565 -1
2563: 2393 2398 2399 -1
2564: -1
2565: -1
2566: 67 556 557 664 2131 2728 -1
2567: 67 -1
2568: 67 304 556 557 664 1042 1341 2131 2566 2720 2722 -1
2569: 67 308 309 341 556 557 565 662 664 695 1063 1064 2131 2628 2720 2722 2731 3830 4070 4071 4075 -1
2570: 67 -1
2571: 67 -1
2572: 67 -1
2573: 67 -1
2574: 67 -1
2575: 67 1045 1340 -1
2576: 67 1737 2698 -1
2577: 67 -1
2578: 67 925 1350 -1
2579: 67 2728 -1
2580: 67 563 683 1054 2727 3572 -1
2581: 67 -1
2582: 67 -1
2583: 67 695 1053 2396 3628 4070 4075 -1
2584: 67 1932 2106 2133 2145 4075 -1
2585: 67 327 336 567 4068 4070 4075 -1
2586: 67 1064 1831 2728 -1
2587: 67 1954 2728 -1
2588: 67 -1
2589: 67 -1
2590: 67 -1
2591: 67 -1
2592: 67 -1
2593: 67 2133 3827 -1
2594: 67 -1
2595: 67 -1
2596: 67 -1
2597: 67 -1
2598: 67 -1
2599: 67 -1
2600: 67 1737 2607 -1
2601: 67 -1
2602: 67 -1
2603: 67 2600 2601 -1
2604: 67 556 557 664 2131 2133 -1
2605: 67 1051 1304 1943 2133 2395 2607 2720 2722 3434 -1
2606: 67 695 1737 2424 -1
2607: 67 2600 -1
2608: 67 2133 -1
2609: 67 -1
2610: 67 559 577 643 694 925 1049 1341 1352 1683 2145 2392 2723 3830 3936 -1
2611: 67 707 2728 -1
2612: 67 -1
2613: 67 2133 -1
2614: 67 2718 -1
2615: 67 -1
2616: 67 -1
2617: 67 -1
2618: 67 -1
2619: 67 3156 -1
2620: 67 266 573 929 1315 1318 2388 3634 -1
2621: 67 1958 2133 2405 -1
2622: 67 283 2293 2723 4070 4075 -1
2623: 67 -1
2624: 67 2396 -1
2625: 67 2293 -1
2626: 67 -1
2627: 67 1063 2728 -1
2628: 67 2728 -1
2629: 67 557 2133 -1
2630: 67 -1
2631: 67 -1
2632: 67 -1
2633: 67 489 587 695 1500 2133 2723 -1
2634: 67 -1
2635: 67 286 1063 1341 1922 1958 2133 2143 2145 2728 2872 -1
2636: 67 -1
2637: 67 2133 2145 2720 2722 3830 -1
2638: 67 -1
2639: 67 2641 2642 -1
2640: 67 556 557 662 664 885 2131 2145 2641 2642 -1
2641: 67 -1
2642: 67 695 2627 -1
2643: 67 695 2627 2650 -1
2644: 67 327 2293 2723 -1
2645: 67 -1
2646: 67 -1
2647: 67 283 925 1054 1306 2293 3572 4070 4075 -1
2648: 67 1958 2728 3561 -1
2649: 67 2728 -1
2650: 67 2728 -1
2651: 67 576 2717 2728 -1
2652: 67 2728 -1
2653: 67 -1
2654: 67 -1
2655: 67 -1
2656: 67 308 338 2648 2720 2722 2734 3830 4070 4075 -1
2657: 67 4070 4075 -1
2658: 67 308 677 1958 -1
2659: 67 2728 -1
2660: 67 2728 -1
2661: 67 2728 -1
2662: 67 -1
2663: 67 283 556 557 664 686 2131 2293 2723 2728 2732 3221 3223 3233 3549 3561 3572 4070 4075 -1
2664: 67 -1
2665: 67 674 695 2593 -1
2666: 67 556 557 664 2131 2133 -1
2667: 67 286 489 498 565 587 655 994 1035 1307 1308 1332 1339 1341 1345 1352 1503 1667 1922 2145 2390 2723 2791 2997 3559 3563 3572 3949 -1
2668: 67 2802 -1
2669: 67 489 2723 3586 4078 -1
2670: 67 2665 -1
2671: 67 884 1063 1925 2723 2872 4071 -1
2672: 67 1063 -1
2673: 67 2717 3623 -1
2674: 67 3623 -1
2675: 67 -1
2676: 67 1942 -1
2677: 67 793 2649 2718 2723 -1
2678: 67 556 557 574 664 2131 2133 2872 -1
2679: 67 2678 -1
2680: 67 -1
2681: 67 319 538 696 1038 1042 1055 1920 1922 1925 1926 1931 1947 2388 2612 2708 2718 3158 3165 3872 3950 -1
2682: 67 1054 2293 3950 -1
2683: 67 2728 -1
2684: 67 2728 -1
2685: 67 925 -1
2686: 67 556 574 664 883 1943 2131 3827 4078 -1
2687: 67 3549 -1
2688: 67 -1
2689: 67 -1
2690: 67 498 662 692 2689 2691 2791 -1
2691: 67 -1
2692: 67 -1
2693: 67 903 2360 2396 2985 3994 -1
2694: 67 925 -1
2695: 67 2133 -1
2696: 67 2684 -1
2697: 67 -1
2698: 67 283 646 1350 1694 2293 2649 2721 2728 4070 4075 4078 -1
2699: 67 283 -1
2700: 67 -1
2701: 67 -1
2702: 67 283 1054 -1
2703: 67 -1
2704: 67 -1
2705: 67 2683 -1
2706: 67 -1
2707: 67 -1
2708: 67 574 1958 2396 -1
2709: 67 2293 4070 4075 -1
2710: 67 3952 -1
2711: 67 -1
2712: 67 2133 2717 -1
2713: 67 2133 -1
2714: 67 -1
2715: -1
2716: 643 1931 2424 -1
2717: -1
2718: -1
2719: -1
2720: -1
2721: -1
2722: -1
2723: -1
2724: -1
2725: -1
2726: -1
2727: 1667 2424 -1
2728: 1629 2424 -1
2729: -1
2730: -1
2731: -1
2732: 316 562 577 1042 2392 2736 3829 4066 -1
2733: 884 2872 -1
2734: 1961 -1
2735: -1
2736: -1
2737: 2022 -1
2738: -1
2739: 2022 -1
2740: -1
2741: 2022 -1
2742: 2022 -1
2743: -1
2744: -1
2745: 1737 -1
2746: -1
2747: -1
2748: 69 140 268 344 495 812 1333 1526 1986 1993 1998 1999 2016 3266 3418 3497 3804 4069 4293 -1
2749: 69 2745 2747 -1
2750: 69 2178 2188 2745 2834 -1
2751: 69 -1
2752: -1
2753: -1
2754: -1
2755: 2424 2760 -1
2756: 990 3418 -1
2757: -1
2758: -1
2759: -1
2760: -1
2761: 70 421 425 1478 1484 1489 1499 1620 1737 1749 1943 2006 2762 2767 2769 2770 2771 2772 2779 2780 2782 2783 2784 2794 2795 2796 2797 3270 3278 4193 4194 4201 -1
2762: -1
2763: 70 2762 2779 -1
2764: 70 2762 2779 -1
2765: 70 2762 2769 2779 2784 2797 -1
2766: 70 2762 2779 -1
2767: 70 2762 2769 2771 2772 2779 2780 2782 2783 2784 2794 2796 2797 4193 -1
2768: 70 1337 2762 2769 2771 2772 2779 2780 2782 2783 2784 2794 2796 2797 4193 -1
2769: 1309 1339 1478 2997 -1
2770: -1
2771: 2765 2766 -1
2772: -1
2773: -1
2774: -1
2775: -1
2776: -1
2777: -1
2778: -1
2779: -1
2780: -1
2781: 3942 4257 4258 4266 -1
2782: -1
2783: -1
2784: -1
2785: -1
2786: -1
2787: -1
2788: -1
2789: -1
2790: -1
2791: -1
2792: -1
2793: -1
2794: 447 1339 3125 -1
2795: -1
2796: -1
2797: -1
2798: 71 673 818 969 1293 1570 2849 3712 -1
2799: -1
2800: -1
2801: -1
2802: 2396 -1
2803: -1
2804: -1
2805: -1
2806: 1469 -1
2807: 72 -1
2808: 72 -1
2809: 72 427 623 653 2145 2424 2827 2828 2829 2933 3013 3384 4148 -1
2810: 72 228 244 344 698 715 817 849 856 879 891 905 920 945 1115 1158 1159 1273 1352 1364 1526 1588 1623 1796 1851 1923 1943 1966 2145 2827 2829 2942 3034 3384 3979 4136 4292 -1
2811: 72 1178 2823 2825 2827 2829 -1
2812: 72 903 1399 2827 2829 -1
2813: 72 267 903 1290 1923 2809 2824 2826 2827 2828 2829 3384 -1
2814: 72 526 1178 2823 2824 2826 2827 2828 2829 4278 -1
2815: 72 1683 2828 4205 4209 -1
2816: 72 -1
2817: 72 -1
2818: 72 903 2823 -1
2819: 72 137 284 328 534 812 903 910 1159 1183 1352 1683 2099 3013 3071 3384 3714 3745 -1
2820: 72 812 903 1399 2823 3270 3798 -1
2821: 72 526 533 743 903 1159 1183 2218 2828 3256 3798 -1
2822: 271 1178 -1
2823: 197 270 340 344 698 817 887 888 891 903 905 945 1171 1261 1406 1528 2107 2827 2829 2942 3034 3139 -1
2824: -1
2825: -1
2826: -1
2827: 2829 -1
2828: -1
2829: -1
2830: -1
2831: 2807 -1
2832: -1
2833: -1
2834: -1
2835: -1
2836: -1
2837: -1
2838: -1
2839: -1
2840: -1
2841: -1
2842: -1
2843: 1217 2802 -1
2844: -1
2845: -1
2846: -1
2847: -1
2848: 885 3966 -1
2849: 226 -1
2850: -1
2851: -1
2852: 1808 -1
2853: -1
2854: -1
2855: -1
2856: -1
2857: -1
2858: -1
2859: 560 574 655 884 1341 2723 2730 2863 2864 2865 2866 2867 2868 2872 2873 3563 -1
2860: 75 2861 2862 -1
2861: -1
2862: 2723 -1
2863: -1
2864: -1
2865: -1
2866: -1
2867: -1
2868: -1
2869: -1
2870: -1
2871: -1
2872: 560 565 655 884 1341 2145 2511 2723 -1
2873: -1
2874: -1
2875: -1
2876: -1
2877: 2882 -1
2878: -1
2879: 4199 -1
2880: -1
2881: -1
2882: -1
2883: -1
2884: -1
2885: 2096 2834 -1
2886: -1
2887: 4199 -1
2888: 2901 -1
2889: -1
2890: 1996 3594 -1
2891: -1
2892: -1
2893: -1
2894: -1
2895: -1
2896: -1
2897: 2877 2882 -1
2898: -1
2899: 377 1466 4031 4033 -1
2900: -1
2901: 2905 4198 4199 -1
2902: -1
2903: -1
2904: 2902 -1
2905: -1
2906: -1
2907: 1350 1522 1562 1923 3382 -1
2908: 1562 1794 -1
2909: 218 912 1562 1923 2931 2932 2936 3101 -1
2910: 1562 -1
2911: 1562 -1
2912: 1562 -1
2913: 1562 -1
2914: 1562 -1
2915: 1562 -1
2916: 1562 -1
2917: 1562 -1
2918: 1562 -1
2919: 1562 -1
2920: 1562 -1
2921: 1562 -1
2922: 1562 -1
2923: 1290 1522 1562 -1
2924: 1562 -1
2925: 1562 -1
2926: 1562 -1
2927: 1562 -1
2928: 1562 -1
2929: 1562 -1
2930: -1
2931: -1
2932: -1
2933: -1
2934: -1
2935: -1
2936: -1
2937: -1
2938: -1
2939: -1
2940: -1
2941: 2401 2942 2943 4115 -1
2942: -1
2943: 2802 -1
2944: -1
2945: -1
2946: -1
2947: -1
2948: -1
2949: -1
2950: -1
2951: -1
2952: -1
2953: -1
2954: -1
2955: -1
2956: -1
2957: -1
2958: -1
2959: 952 2997 -1
2960: -1
2961: -1
2962: -1
2963: -1
2964: -1
2965: -1
2966: -1
2967: -1
2968: -1
2969: -1
2970: -1
2971: -1
2972: -1
2973: -1
2974: -1
2975: 283 327 336 1304 1325 1737 2149 2293 2601 2607 2721 2971 -1
2976: -1
2977: -1
2978: 2987 -1
2979: 1469 -1
2980: -1
2981: -1
2982: -1
2983: -1
2984: -1
2985: 260 818 1063 1629 1845 3021 -1
2986: -1
2987: -1
2988: -1
2989: -1
2990: -1
2991: 1976 1977 -1
2992: 818 1290 1829 2981 2990 -1
2993: -1
2994: 3003 -1
2995: -1
2996: -1
2997: -1
2998: -1
2999: -1
3000: -1
3001: -1
3002: -1
3003: -1
3004: 341 3003 -1
3005: -1
3006: -1
3007: 81 817 -1
3008: -1
3009: -1
3010: -1
3011: -1
3012: -1
3013: -1
3014: -1
3015: -1
3016: 1626 -1
3017: -1
3018: -1
3019: -1
3020: 903 1171 -1
3021: -1
3022: -1
3023: -1
3024: 1159 -1
3025: -1
3026: -1
3027: -1
3028: -1
3029: -1
3030: -1
3031: -1
3032: -1
3033: -1
3034: -1
3035: -1
3036: 992 3128 3412 -1
3037: 82 243 388 392 400 430 433 440 936 982 1333 1484 1629 1702 1738 1740 1744 1747 1932 2837 2953 3036 3038 3477 -1
3038: -1
3039: 83 1471 -1
3040: 698 1889 1891 3050 -1
3041: -1
3042: -1
3043: -1
3044: -1
3045: -1
3046: -1
3047: -1
3048: -1
3049: -1
3050: -1
3051: -1
3052: -1
3053: -1
3054: -1
3055: -1
3056: 181 188 228 278 663 933 1207 1208 1946 2563 2734 2848 2854 3132 4192 4209 -1
3057: -1
3058: -1
3059: 216 243 291 368 595 663 804 808 886 889 920 926 933 935 938 1104 1110 1262 1264 1271 1275 1495 1618 1620 1627 1819 1857 1859 1862 1946 1965 2477 2734 2802 2805 2960 2988 3058 3061 3105 3132 3134 3137 3159 3326 3977 4182 4183 -1
3060: -1
3061: -1
3062: -1
3063: -1
3064: -1
3065: 87 3070 -1
3066: 87 -1
3067: 87 -1
3068: 87 887 888 2424 3378 3379 -1
3069: 3683 -1
3070: -1
3071: -1
3072: -1
3073: -1
3074: -1
3075: 88 291 2162 2170 2181 3137 -1
3076: 88 2167 -1
3077: 3446 -1
3078: -1
3079: -1
3080: -1
3081: 3078 -1
3082: 2162 2165 2166 2167 2170 2174 2184 2185 2191 2192 3080 -1
3083: 3078 3081 3446 -1
3084: -1
3085: 1854 -1
3086: -1
3087: 1195 -1
3088: 3062 -1
3089: 2532 -1
3090: -1
3091: 1112 -1
3092: -1
3093: -1
3094: 274 2563 3105 -1
3095: -1
3096: -1
3097: -1
3098: -1
3099: -1
3100: -1
3101: 754 1217 1629 4036 -1
3102: -1
3103: 1469 3064 3092 3104 -1
3104: -1
3105: -1
3106: -1
3107: -1
3108: -1
3109: -1
3110: -1
3111: -1
3112: -1
3113: -1
3114: -1
3115: -1
3116: -1
3117: -1
3118: -1
3119: -1
3120: -1
3121: -1
3122: -1
3123: -1
3124: -1
3125: -1
3126: -1
3127: -1
3128: -1
3129: -1
3130: 276 290 648 651 817 2413 2563 3051 3384 -1
3131: 1737 -1
3132: -1
3133: -1
3134: -1
3135: -1
3136: -1
3137: 1111 1794 -1
3138: -1
3139: -1
3140: 93 3150 -1
3141: 93 3147 3150 -1
3142: 3155 -1
3143: 3155 -1
3144: 3149 -1
3145: 3155 -1
3146: 3155 -1
3147: 3155 -1
3148: 3155 -1
3149: -1
3150: -1
3151: 3155 -1
3152: 3155 -1
3153: 3155 -1
3154: 3155 -1
3155: -1
3156: -1
3157: -1
3158: -1
3159: -1
3160: -1
3161: -1
3162: -1
3163: -1
3164: -1
3165: -1
3166: -1
3167: -1
3168: -1
3169: 95 2028 -1
3170: 95 2028 -1
3171: 95 2028 -1
3172: 95 2028 -1
3173: 95 2028 -1
3174: 95 -1
3175: 95 -1
3176: 95 -1
3177: 95 -1
3178: 95 -1
3179: 95 -1
3180: 95 2028 -1
3181: 95 2028 -1
3182: 95 4014 -1
3183: 95 4014 -1
3184: 95 2028 -1
3185: 95 2028 -1
3186: 95 2028 -1
3187: 95 2028 -1
3188: 95 -1
3189: 95 -1
3190: 95 -1
3191: 95 -1
3192: 95 -1
3193: 95 -1
3194: 3233 -1
3195: -1
3196: 3223 3233 -1
3197: -1
3198: -1
3199: -1
3200: -1
3201: -1
3202: 3156 3211 -1
3203: -1
3204: 3223 -1
3205: 3203 -1
3206: -1
3207: -1
3208: -1
3209: -1
3210: -1
3211: -1
3212: 3231 -1
3213: 3223 -1
3214: -1
3215: -1
3216: 3206 -1
3217: 3214 -1
3218: 3206 3223 -1
3219: 3203 -1
3220: -1
3221: -1
3222: -1
3223: -1
3224: -1
3225: -1
3226: -1
3227: 3224 -1
3228: -1
3229: -1
3230: -1
3231: -1
3232: 3203 -1
3233: -1
3234: -1
3235: -1
3236: -1
3237: 1737 -1
3238: -1
3239: -1
3240: 2942 -1
3241: 3373 -1
3242: -1
3243: -1
3244: -1
3245: 1536 -1
3246: -1
3247: 1172 3251 -1
3248: 1136 2203 3251 3257 -1
3249: 1172 -1
3250: 2217 -1
3251: -1
3252: -1
3253: -1
3254: 3252 -1
3255: -1
3256: 526 1178 -1
3257: -1
3258: -1
3259: 100 -1
3260: 100 -1
3261: 100 -1
3262: 3278 -1
3263: -1
3264: -1
3265: 101 442 639 1522 2964 3267 3271 3277 -1
3266: -1
3267: 404 447 987 2424 2787 2788 3275 -1
3268: -1
3269: -1
3270: -1
3271: -1
3272: 3273 3274 -1
3273: -1
3274: -1
3275: -1
3276: -1
3277: -1
3278: -1
3279: -1
3280: -1
3281: -1
3282: -1
3283: -1
3284: -1
3285: -1
3286: -1
3287: 740 741 1103 1159 1448 1757 1842 1858 1862 3798 4183 4192 -1
3288: -1
3289: -1
3290: 3307 3320 -1
3291: 1849 1850 3307 -1
3292: 1844 1862 3307 -1
3293: -1
3294: -1
3295: -1
3296: -1
3297: -1
3298: -1
3299: -1
3300: 1115 -1
3301: 3307 3320 -1
3302: 3307 3320 -1
3303: 3307 3320 -1
3304: 3293 3295 3296 3297 3298 3299 3306 3307 3314 3317 3318 3320 -1
3305: -1
3306: -1
3307: -1
3308: -1
3309: 3307 3320 -1
3310: 3308 -1
3311: 3293 3295 3296 3297 3298 3299 3306 3307 3308 3314 3317 3318 3320 -1
3312: 3293 3295 3296 3297 3298 3299 3306 3307 3314 3318 3320 -1
3313: -1
3314: -1
3315: 3307 3320 -1
3316: 3308 -1
3317: -1
3318: -1
3319: -1
3320: -1
3321: -1
3322: 4182 -1
3323: -1
3324: -1
3325: -1
3326: -1
3327: -1
3328: 612 621 -1
3329: 612 621 899 -1
3330: -1
3331: -1
3332: -1
3333: 621 -1
3334: -1
3335: 1115 -1
3336: -1
3337: 2834 -1
3338: 195 213 226 265 268 271 274 284 286 291 293 310 318 321 333 343 344 345 367 370 372 384 405 423 458 488 564 574 589 601 612 619 621 625 633 639 655 658 663 696 698 710 715 736 742 777 778 804 876 881 905 935 1104 1264 1271 1333 1341 1352 1472 1495 1516 1522 1526 1543 1620 1628 1629 1737 1782 1810 1824 1832 1883 1943 1946 1964 1981 2006 2043 2099 2107 2110 2307 2308 2310 2311 2321 2322 2323 2327 2328 2340 2342 2344 2355 2365 2371 2378 2384 2385 2386 2387 2477 2488 2518 2519 2723 2730 2848 2883 2931 2936 2941 2948 2953 2955 2962 2964 3062 3101 3137 3231 3326 3384 3413 3442 3450 3593 3633 3652 3653 3798 3824 3920 3957 3973 3977 3996 4102 4127 4148 4205 4209 4278 4293 -1
3339: 2307 2308 2310 2311 2321 2322 2323 2327 2328 2340 2342 2344 2355 2365 2371 2378 2384 2385 2386 2387 -1
3340: 2307 2308 2310 2311 2321 2322 2323 2327 2328 2340 2342 2344 2355 2365 2371 2378 2384 2385 2386 -1
3341: 2307 2308 2310 2311 2321 2322 2323 2327 2328 2340 2342 2344 2355 2365 2371 2378 2384 2385 2386 -1
3342: 2307 2308 2310 2311 2321 2322 2323 2327 2328 2340 2342 2344 2355 2365 2371 2378 2384 2385 2386 -1
3343: 2307 2308 2310 2311 2321 2322 2323 2327 2328 2340 2342 2344 2355 2365 2371 2378 2384 2385 2386 -1
3344: 2307 2308 2310 2311 2321 2322 2323 2327 2328 2340 2342 2344 2355 2365 2371 2378 2384 2385 2386 -1
3345: 106 -1
3346: 106 -1
3347: 106 -1
3348: 106 -1
3349: 106 -1
3350: 1961 2307 2308 2310 2311 2321 2322 2323 2327 2328 2340 2342 2344 2355 2365 2371 2378 2384 2385 2386 2387 -1
3351: 2307 2308 2310 2311 2321 2322 2323 2327 2328 2340 2342 2344 2355 2365 2371 2378 2384 2385 2386 2387 -1
3352: -1
3353: 3352 -1
3354: 3320 -1
3355: 3320 -1
3356: 3320 -1
3357: -1
3358: 3962 -1
3359: -1
3360: -1
3361: 3320 -1
3362: 3320 -1
3363: 921 -1
3364: 3320 -1
3365: 3320 -1
3366: 3307 3320 -1
3367: 217 -1
3368: 108 -1
3369: 108 -1
3370: 108 3371 -1
3371: -1
3372: -1
3373: 903 904 1179 -1
3374: -1
3375: -1
3376: 109 1361 -1
3377: 110 -1
3378: -1
3379: -1
3380: 3386 -1
3381: -1
3382: -1
3383: -1
3384: 344 3257 4325 -1
3385: 202 276 2424 3158 3380 3386 4113 -1
3386: -1
3387: 1469 2563 -1
3388: -1
3389: 812 -1
3390: -1
3391: -1
3392: 3391 -1
3393: 722 -1
3394: -1
3395: -1
3396: 889 -1
3397: 3441 3448 -1
3398: -1
3399: 1469 -1
3400: -1
3401: -1
3402: 780 -1
3403: -1
3404: -1
3405: -1
3406: -1
3407: -1
3408: -1
3409: 3419 -1
3410: -1
3411: -1
3412: -1
3413: -1
3414: -1
3415: -1
3416: 2745 -1
3417: -1
3418: -1
3419: -1
3420: -1
3421: -1
3422: 1974 2533 -1
3423: -1
3424: -1
3425: -1
3426: -1
3427: -1
3428: -1
3429: -1
3430: -1
3431: -1
3432: -1
3433: -1
3434: 2734 -1
3435: 116 227 366 369 471 478 661 698 740 742 744 817 1047 1105 1334 1661 1737 1765 1794 1798 1854 2023 2477 2738 2873 3281 3286 3437 3438 3439 3531 3785 3905 4100 4236 4244 4324 -1
3436: 116 3437 3438 3439 -1
3437: -1
3438: -1
3439: -1
3440: 595 1103 3051 -1
3441: 3448 -1
3442: -1
3443: -1
3444: -1
3445: 911 948 2174 2185 2191 3074 3443 3446 3451 -1
3446: -1
3447: -1
3448: -1
3449: -1
3450: -1
3451: -1
3452: 217 779 856 878 881 897 945 1152 1628 1781 1794 2259 3459 3462 3798 -1
3453: 3459 -1
3454: 3105 -1
3455: -1
3456: -1
3457: -1
3458: 1115 1510 1847 3057 3459 3462 -1
3459: 2560 -1
3460: -1
3461: -1
3462: 3454 3455 3456 3457 3460 3461 -1
3463: -1
3464: -1
3465: -1
3466: -1
3467: 3464 3465 3469 3473 -1
3468: -1
3469: 3464 -1
3470: -1
3471: -1
3472: -1
3473: 3465 -1
3474: -1
3475: -1
3476: -1
3477: -1
3478: -1
3479: -1
3480: -1
3481: -1
3482: -1
3483: -1
3484: -1
3485: -1
3486: -1
3487: 643 683 4053 -1
3488: 1304 3498 -1
3489: 242 266 314 332 402 488 495 555 573 641 643 646 686 705 957 959 1304 1333 1352 1479 1526 1737 1810 1826 1830 2601 2717 2726 2856 2941 3497 3572 3596 3824 4069 4077 4293 -1
3490: -1
3491: -1
3492: -1
3493: -1
3494: -1
3495: -1
3496: -1
3497: 568 1737 4263 -1
3498: -1
3499: -1
3500: 2508 -1
3501: -1
3502: -1
3503: -1
3504: -1
3505: 1350 3806 3807 3823 -1
3506: -1
3507: -1
3508: -1
3509: -1
3510: -1
3511: -1
3512: 2719 3952 -1
3513: 3538 -1
3514: -1
3515: -1
3516: -1
3517: -1
3518: -1
3519: -1
3520: -1
3521: -1
3522: -1
3523: -1
3524: -1
3525: -1
3526: -1
3527: -1
3528: -1
3529: -1
3530: -1
3531: -1
3532: -1
3533: -1
3534: -1
3535: -1
3536: -1
3537: 122 3524 3531 3536 3539 3540 -1
3538: 122 3513 3514 3515 3516 3517 3518 3519 3520 3521 3522 3523 3524 3525 3526 3527 3528 3529 3530 3531 3532 3533 3534 3535 3536 3539 3540 3541 3542 3543 3544 -1
3539: -1
3540: -1
3541: -1
3542: -1
3543: -1
3544: -1
3545: -1
3546: 123 812 915 924 946 1363 1459 1749 2292 2345 3410 3548 3549 3550 3551 3552 3557 3562 3566 3567 3573 3574 3580 3581 3582 3583 3653 4062 -1
3547: 283 467 1060 1944 2293 3223 3572 -1
3548: -1
3549: -1
3550: -1
3551: -1
3552: -1
3553: -1
3554: 3565 -1
3555: -1
3556: -1
3557: -1
3558: -1
3559: -1
3560: -1
3561: -1
3562: -1
3563: -1
3564: -1
3565: -1
3566: -1
3567: -1
3568: -1
3569: -1
3570: -1
3571: 1064 -1
3572: -1
3573: -1
3574: -1
3575: 3206 -1
3576: -1
3577: -1
3578: -1
3579: -1
3580: -1
3581: -1
3582: -1
3583: -1
3584: -1
3585: -1
3586: -1
3587: 3550 3580 -1
3588: -1
3589: -1
3590: -1
3591: -1
3592: -1
3593: -1
3594: -1
3595: -1
3596: -1
3597: -1
3598: -1
3599: -1
3600: 698 3220 -1
3601: -1
3602: 3615 -1
3603: -1
3604: -1
3605: 3612 3614 -1
3606: -1
3607: 3195 3199 3213 -1
3608: 126 3600 3601 3602 3603 3604 3605 3606 3607 3609 3610 3611 -1
3609: -1
3610: -1
3611: 3210 -1
3612: -1
3613: -1
3614: -1
3615: -1
3616: 127 -1
3617: -1
3618: -1
3619: 3623 -1
3620: -1
3621: 327 336 3629 -1
3622: 2732 -1
3623: -1
3624: -1
3625: 3627 -1
3626: 327 -1
3627: -1
3628: -1
3629: -1
3630: -1
3631: 3627 -1
3632: -1
3633: -1
3634: -1
3635: -1
3636: 1333 2096 2964 3266 -1
3637: 1333 2785 3266 3655 3656 -1
3638: 526 2241 3644 -1
3639: 3644 -1
3640: -1
3641: 3642 -1
3642: -1
3643: -1
3644: 3450 3640 -1
3645: 3644 -1
3646: -1
3647: 131 268 291 314 406 419 425 432 442 463 583 589 641 650 679 686 698 812 972 982 1001 1047 1059 1109 1246 1329 1333 1346 1347 1478 1484 1489 1709 1743 1749 1943 2000 2006 2721 2786 2947 2962 2996 3000 3025 3101 3206 3269 3270 3278 3281 3282 3286 3444 3572 3577 3593 3649 3650 3651 3655 3656 3657 3658 3870 3942 4008 -1
3648: 131 388 998 1478 1505 1907 3113 3649 3650 3651 3657 3658 -1
3649: -1
3650: -1
3651: -1
3652: 176 202 575 4114 -1
3653: -1
3654: -1
3655: -1
3656: -1
3657: 2016 -1
3658: -1
3659: -1
3660: -1
3661: -1
3662: 3669 -1
3663: -1
3664: -1
3665: -1
3666: -1
3667: -1
3668: 3663 3671 -1
3669: -1
3670: -1
3671: 3665 3667 3669 3673 3674 3675 3676 -1
3672: -1
3673: -1
3674: -1
3675: -1
3676: -1
3677: 698 3663 -1
3678: -1
3679: 2424 -1
3680: 2989 -1
3681: -1
3682: 340 648 651 817 891 922 965 1537 1809 1966 2802 2850 2990 3034 3959 4205 4206 4207 4209 -1
3683: -1
3684: -1
3685: 3982 -1
3686: -1
3687: -1
3688: -1
3689: 181 651 817 2024 2477 3062 3105 -1
3690: 3982 -1
3691: 3982 -1
3692: -1
3693: -1
3694: 136 328 437 863 993 998 1056 1321 1471 1691 1702 1978 2008 2030 2057 2128 2136 2415 2493 2494 2603 2699 2858 2999 3043 3105 3197 3384 3692 3693 3799 3826 3838 3932 -1
3695: -1
3696: -1
3697: -1
3698: -1
3699: -1
3700: 137 513 514 517 518 522 523 527 528 529 535 3756 3760 3762 3764 3765 3766 3767 3768 3770 3771 -1
3701: 137 -1
3702: 137 844 865 874 1176 2427 3404 3450 3897 -1
3703: 137 502 526 2231 2445 3256 -1
3704: 137 3255 -1
3705: 137 520 1170 1176 2203 2212 2232 2424 3404 3408 -1
3706: 137 520 526 534 865 874 1170 1178 1183 2232 2424 2452 2467 3256 3404 3641 3642 3643 3757 3897 4154 -1
3707: 137 -1
3708: 137 520 3255 3258 -1
3709: 137 3902 -1
3710: 137 3644 3757 -1
3711: 137 1880 3404 -1
3712: 137 3404 3897 -1
3713: 137 -1
3714: 137 -1
3715: 137 1784 1805 1812 3026 -1
3716: 137 -1
3717: 137 -1
3718: 137 -1
3719: 137 218 604 648 651 767 817 881 922 931 1104 1210 1262 1274 1283 1469 1756 1782 1862 2231 2413 2455 2463 2932 2988 3981 4088 4089 4093 4099 4291 -1
3720: 137 663 1283 1641 1650 1978 -1
3721: 137 663 1158 1283 1641 1650 2387 -1
3722: 137 -1
3723: 137 276 922 931 941 1737 2176 2982 3034 3130 -1
3724: 137 -1
3725: 137 -1
3726: 137 -1
3727: 137 4154 -1
3728: 137 533 765 858 865 1509 1737 1798 2209 2467 3404 3761 -1
3729: 137 -1
3730: 137 -1
3731: 137 -1
3732: 137 533 858 865 1176 1177 1183 2215 2232 2239 2240 3404 3405 3408 3897 -1
3733: 137 696 -1
3734: 137 -1
3735: 137 2215 3450 3897 -1
3736: 137 1183 3897 -1
3737: 137 -1
3738: 137 -1
3739: 137 -1
3740: 137 -1
3741: 137 -1
3742: 137 -1
3743: 137 -1
3744: 137 707 711 1737 1896 4150 -1
3745: 137 328 903 1448 2424 3404 4094 -1
3746: 137 4102 -1
3747: 137 858 -1
3748: 137 -1
3749: 137 -1
3750: 137 -1
3751: 137 -1
3752: 137 3897 -1
3753: 137 -1
3754: 137 858 -1
3755: 137 696 874 880 2218 2239 -1
3756: -1
3757: -1
3758: -1
3759: -1
3760: -1
3761: -1
3762: -1
3763: -1
3764: -1
3765: -1
3766: -1
3767: -1
3768: -1
3769: -1
3770: -1
3771: -1
3772: -1
3773: 227 291 315 465 466 468 491 520 564 596 655 698 707 789 814 842 876 1413 1726 1737 1763 1766 1808 1890 2176 3071 3222 3384 3444 3660 3785 4100 -1
3774: 366 603 3785 -1
3775: 3785 -1
3776: 3785 -1
3777: 3785 -1
3778: 3785 -1
3779: 3785 -1
3780: 3785 -1
3781: 3785 -1
3782: -1
3783: -1
3784: -1
3785: -1
3786: -1
3787: 1104 -1
3788: 226 254 368 612 812 817 957 1260 1266 1267 1268 1271 1280 1283 1284 1285 1294 1297 1526 1629 1870 1892 1943 3048 3095 3791 3798 3824 3881 4293 4310 -1
3789: 3791 -1
3790: -1
3791: -1
3792: 3791 -1
3793: 3791 -1
3794: 3791 -1
3795: 3791 -1
3796: 1104 3791 3798 -1
3797: 1266 1268 1297 -1
3798: -1
3799: -1
3800: 140 959 1343 1350 1999 2834 3804 3945 -1
3801: 140 1333 1737 1970 1993 1998 1999 2834 3266 3497 3804 -1
3802: 140 268 344 406 410 427 495 692 979 1333 1479 1701 1737 1808 1993 1997 1998 1999 2043 2424 2834 2847 2964 3497 3804 3824 4069 4174 -1
3803: -1
3804: -1
3805: -1
3806: -1
3807: -1
3808: -1
3809: -1
3810: -1
3811: -1
3812: -1
3813: -1
3814: -1
3815: -1
3816: -1
3817: -1
3818: -1
3819: -1
3820: -1
3821: -1
3822: -1
3823: -1
3824: -1
3825: 316 555 684 1054 1352 1683 2732 4068 4074 4078 -1
3826: -1
3827: -1
3828: -1
3829: -1
3830: -1
3831: -1
3832: 143 176 226 243 370 488 663 812 936 1784 1794 1810 1814 1835 2849 2962 3334 3428 3660 3839 3854 3855 3858 3860 3865 3874 3883 3999 4001 4209 -1
3833: -1
3834: -1
3835: -1
3836: -1
3837: -1
3838: -1
3839: -1
3840: -1
3841: -1
3842: -1
3843: -1
3844: -1
3845: -1
3846: -1
3847: -1
3848: -1
3849: -1
3850: -1
3851: -1
3852: -1
3853: -1
3854: 488 -1
3855: -1
3856: -1
3857: -1
3858: -1
3859: -1
3860: -1
3861: -1
3862: -1
3863: -1
3864: -1
3865: -1
3866: -1
3867: -1
3868: -1
3869: -1
3870: -1
3871: 328 -1
3872: -1
3873: -1
3874: -1
3875: -1
3876: -1
3877: -1
3878: -1
3879: -1
3880: -1
3881: -1
3882: -1
3883: -1
3884: 2203 -1
3885: 144 -1
3886: 144 -1
3887: 144 3251 3450 3893 3897 -1
3888: 144 -1
3889: 144 -1
3890: 144 3893 -1
3891: 533 -1
3892: -1
3893: -1
3894: -1
3895: -1
3896: 533 2203 2212 2226 3892 3901 3904 3905 3906 -1
3897: -1
3898: -1
3899: -1
3900: 2203 -1
3901: -1
3902: 519 520 1177 3404 3709 -1
3903: 3257 -1
3904: -1
3905: -1
3906: -1
3907: 145 169 265 317 332 467 479 494 538 542 566 573 589 592 629 641 679 686 812 881 972 1059 1304 1320 1340 1902 1922 1932 1938 1943 1999 2477 2645 2698 2717 2724 2729 2962 3222 3233 3425 3482 3499 3559 3561 3584 3586 3609 3634 3824 3911 3913 3914 3916 3917 3918 3920 3925 3926 3935 3942 3945 4047 4058 4059 4060 4065 4078 4127 4183 4262 -1
3908: 145 169 286 287 332 489 498 592 695 698 1035 1046 1309 1345 1667 1732 1737 1922 2145 2404 2677 2723 2997 3005 3222 3233 3559 3563 3576 3584 3586 3587 3588 3911 3913 3914 3916 3917 3918 3925 3926 3945 4262 -1
3909: 686 1822 -1
3910: 2834 2835 -1
3911: 3507 3511 3920 -1
3912: 145 3911 -1
3913: -1
3914: -1
3915: 3930 -1
3916: -1
3917: 3930 -1
3918: -1
3919: 2490 3494 3930 -1
3920: 145 3911 4057 4075 -1
3921: 145 3561 3911 -1
3922: 145 2718 3911 3952 4075 -1
3923: 686 1350 -1
3924: 327 336 1305 1350 -1
3925: 145 319 1038 1138 2490 2776 3501 3504 3512 3806 3807 3808 3810 3815 3819 3821 3823 3829 3920 3926 3932 3945 3948 3949 3952 4073 4265 -1
3926: 145 319 566 1038 1311 1341 3806 3807 3819 3829 3920 3932 3945 3949 3952 4053 4265 -1
3927: 145 -1
3928: 152 283 555 641 2293 2494 2677 2721 3821 3948 3952 4070 4075 -1
3929: -1
3930: 3507 3508 3511 3919 -1
3931: -1
3932: -1
3933: -1
3934: -1
3935: -1
3936: 1350 -1
3937: -1
3938: 2786 -1
3939: -1
3940: -1
3941: -1
3942: -1
3943: -1
3944: 570 -1
3945: -1
3946: -1
3947: -1
3948: -1
3949: -1
3950: -1
3951: 570 2133 3829 -1
3952: -1
3953: -1
3954: 226 488 812 959 964 1737 1810 1830 4102 -1
3955: -1
3956: -1
3957: -1
3958: -1
3959: 1469 -1
3960: -1
3961: -1
3962: -1
3963: -1
3964: 1729 3133 -1
3965: -1
3966: 1469 -1
3967: -1
3968: -1
3969: -1
3970: 519 1297 3974 -1
3971: -1
3972: 3965 3971 -1
3973: -1
3974: -1
3975: 3327 -1
3976: -1
3977: 234 344 632 1276 1291 1629 1796 1819 1923 3159 -1
3978: -1
3979: 2827 2829 -1
3980: -1
3981: -1
3982: -1
3983: -1
3984: -1
3985: -1
3986: -1
3987: -1
3988: -1
3989: -1
3990: 148 812 1283 1641 1650 3991 3996 -1
3991: -1
3992: -1
3993: 1121 1290 -1
3994: 206 276 -1
3995: 3091 -1
3996: -1
3997: -1
3998: 1630 -1
3999: -1
4000: 267 743 903 1290 1517 2984 2985 2988 2990 2992 3994 4272 -1
4001: -1
4002: -1
4003: -1
4004: 149 158 469 -1
4005: 149 3399 -1
4006: 149 903 3714 -1
4007: 149 -1
4008: 149 999 1477 1493 1749 -1
4009: 149 469 951 963 999 2961 -1
4010: 149 -1
4011: 149 -1
4012: 149 -1
4013: 149 270 469 999 1406 1476 1536 2016 3244 3352 3353 3596 4114 4115 -1
4014: 149 469 808 886 983 1476 3244 -1
4015: 149 2160 2179 3074 -1
4016: 149 469 -1
4017: 149 378 469 961 964 1333 1485 1737 1830 1872 2834 2856 2947 2981 4004 4016 4018 4021 4114 4124 -1
4018: 149 469 1830 1872 2834 2856 2981 4004 4114 4124 -1
4019: 149 294 469 812 903 922 1290 1616 2304 2856 2981 2982 2987 2990 3680 4290 -1
4020: 149 3442 -1
4021: 149 469 1738 1740 1744 1747 1830 -1
4022: 149 1536 2110 3441 3448 4034 -1
4023: 149 469 1637 2942 3398 -1
4024: 149 469 -1
4025: 149 469 1637 2942 -1
4026: 149 887 888 999 1443 2960 3352 3353 -1
4027: 149 469 903 3714 -1
4028: 149 469 2956 -1
4029: 33 149 291 891 3134 3137 -1
4030: -1
4031: -1
4032: -1
4033: -1
4034: -1
4035: -1
4036: -1
4037: 330 612 740 847 929 1522 1620 2055 2937 -1
4038: -1
4039: 487 1749 1990 3005 3655 3656 3661 -1
4040: 291 438 971 1064 1749 3281 3282 3286 3653 3655 3656 -1
4041: 268 387 393 404 405 542 574 804 812 911 966 971 982 1352 1506 1629 1643 1749 2000 2006 2016 2043 2113 2884 2964 3000 3275 3410 3412 3418 3450 3835 4039 4040 4045 -1
4042: -1
4043: -1
4044: 2000 -1
4045: 195 202 270 291 378 430 438 450 467 471 472 474 486 495 692 705 812 816 948 966 968 972 1064 1174 1206 1333 1406 1491 1495 1702 1709 1830 1944 1948 1985 1998 2008 2030 2040 2055 2104 2133 2145 2175 2716 2727 2757 2833 2836 2856 2976 3268 3280 3283 3413 3446 3450 3653 3655 3656 3824 3833 3855 3871 4102 4110 4112 4114 -1
4046: 152 587 1315 1318 1331 1332 1337 1339 1353 1503 2773 2774 2840 3617 3825 3829 4047 4060 4065 4068 -1
4047: 152 -1
4048: 152 283 1054 2293 4070 4075 -1
4049: 152 283 1054 2293 2686 2732 3572 4070 4075 -1
4050: 152 2732 -1
4051: 152 283 555 2293 4070 4075 -1
4052: 152 -1
4053: 152 925 2293 2728 -1
4054: 152 -1
4055: 152 1054 1691 2137 3572 -1
4056: 283 1054 1670 1675 2293 2721 4070 4073 4075 -1
4057: 152 283 2293 4047 4070 -1
4058: 152 -1
4059: 152 1054 4070 4075 -1
4060: 152 -1
4061: 152 283 1054 1675 2293 3630 4068 4070 4075 -1
4062: 152 283 1054 2133 2293 2721 2727 2732 4068 4070 4072 4075 4078 -1
4063: 378 588 1831 4073 -1
4064: 3819 -1
4065: -1
4066: -1
4067: -1
4068: -1
4069: -1
4070: -1
4071: 1053 2727 -1
4072: -1
4073: 378 560 1012 1831 1932 2709 3945 4063 -1
4074: 1053 2424 -1
4075: -1
4076: -1
4077: -1
4078: -1
4079: 154 4080 4081 4173 -1
4080: -1
4081: -1
4082: 3409 -1
4083: 2752 -1
4084: 241 344 378 488 616 740 1467 1620 1794 1808 1810 1961 2563 2801 3105 3330 3798 -1
4085: -1
4086: -1
4087: -1
4088: -1
4089: -1
4090: -1
4091: -1
4092: -1
4093: -1
4094: -1
4095: -1
4096: -1
4097: 612 621 648 651 740 817 894 935 1696 1698 1737 2802 3061 -1
4098: 4192 -1
4099: -1
4100: -1
4101: -1
4102: -1
4103: -1
4104: 158 -1
4105: 158 -1
4106: 158 958 -1
4107: 158 4112 -1
4108: 564 648 651 698 817 881 1629 1737 1943 2848 4112 -1
4109: 182 372 648 651 817 2099 2477 -1
4110: -1
4111: 182 242 303 367 632 639 641 648 651 806 817 881 1515 1522 1526 1985 2133 2727 4293 -1
4112: -1
4113: -1
4114: -1
4115: -1
4116: -1
4117: 182 321 648 651 817 1515 -1
4118: -1
4119: -1
4120: 159 -1
4121: 159 891 935 1199 1204 1816 1835 1962 1963 1980 2849 2989 3088 3093 3102 3431 -1
4122: 159 -1
4123: 159 -1
4124: 33 159 -1
4125: -1
4126: 1507 1536 2104 -1
4127: -1
4128: 2846 -1
4129: 1536 -1
4130: 717 1469 4032 -1
4131: 1495 2097 -1
4132: 1536 -1
4133: 1536 -1
4134: 663 698 2937 -1
4135: -1
4136: 1536 2827 2829 -1
4137: 2094 2104 2109 4113 4119 -1
4138: 1536 -1
4139: 160 -1
4140: 160 -1
4141: -1
4142: -1
4143: -1
4144: -1
4145: -1
4146: -1
4147: -1
4148: 715 -1
4149: -1
4150: -1
4151: 4145 -1
4152: -1
4153: 2413 3772 -1
4154: -1
4155: -1
4156: 467 -1
4157: 162 253 1629 3410 4156 4158 4159 4160 4161 4162 4163 4164 4167 4168 4169 4170 -1
4158: -1
4159: -1
4160: -1
4161: -1
4162: -1
4163: -1
4164: -1
4165: 4172 -1
4166: -1
4167: -1
4168: 4175 -1
4169: -1
4170: -1
4171: -1
4172: -1
4173: -1
4174: -1
4175: -1
4176: 163 4180 4184 4186 4187 4189 -1
4177: 1845 1861 4176 4178 -1
4178: 163 1794 2217 3450 3897 4180 4184 4185 4186 4187 4189 -1
4179: 3062 -1
4180: -1
4181: 3062 -1
4182: 4099 -1
4183: -1
4184: -1
4185: -1
4186: -1
4187: -1
4188: 1629 3062 -1
4189: -1
4190: 3062 -1
4191: -1
4192: -1
4193: 164 2763 2764 4112 -1
4194: 164 1006 1221 1346 1749 1943 2761 2763 2764 2765 2766 2767 3123 4112 4196 4200 -1
4195: 164 291 404 982 1224 1352 1737 1743 1746 1749 1986 2016 2096 2721 2761 2763 2764 2765 2766 2785 2947 3000 3266 3269 3280 3482 4196 -1
4196: 2772 2780 2783 2794 2796 -1
4197: -1
4198: -1
4199: -1
4200: -1
4201: 176 1737 4198 4199 -1
4202: 165 636 698 707 812 1047 1065 1190 1948 3330 3752 4143 4183 -1
4203: 165 636 3752 -1
4204: -1
4205: -1
4206: 2563 -1
4207: -1
4208: -1
4209: -1
4210: -1
4211: -1
4212: 4223 -1
4213: 891 1661 4218 -1
4214: 4218 -1
4215: 4217 -1
4216: -1
4217: -1
4218: -1
4219: -1
4220: 4223 4224 -1
4221: 1661 4218 -1
4222: -1
4223: -1
4224: -1
4225: 168 4228 4229 4230 4231 4232 4233 4239 4240 4241 4242 4247 4248 -1
4226: 168 2743 4228 4229 4230 4231 4232 4233 4239 4240 4241 4242 4244 4247 4248 -1
4227: -1
4228: 4235 4237 -1
4229: -1
4230: -1
4231: -1
4232: -1
4233: 4235 -1
4234: -1
4235: -1
4236: -1
4237: -1
4238: -1
4239: -1
4240: -1
4241: -1
4242: -1
4243: 4227 -1
4244: -1
4245: -1
4246: -1
4247: -1
4248: -1
4249: -1
4250: -1
4251: 169 538 3940 4262 -1
4252: 169 3824 -1
4253: 169 -1
4254: 169 -1
4255: 169 -1
4256: 169 -1
4257: -1
4258: -1
4259: -1
4260: -1
4261: -1
4262: -1
4263: 3497 -1
4264: 3921 3935 4075 4078 -1
4265: -1
4266: -1
4267: 612 621 1267 1629 -1
4268: 945 1629 -1
4269: -1
4270: -1
4271: -1
4272: -1
4273: -1
4274: -1
4275: -1
4276: -1
4277: -1
4278: -1
4279: -1
4280: -1
4281: -1
4282: -1
4283: 1970 -1
4284: -1
4285: -1
4286: -1
4287: -1
4288: -1
4289: -1
4290: -1
4291: -1
4292: -1
4293: -1
4294: -1
4295: 2393 2398 2399 -1
4296: -1
4297: -1
4298: -1
4299: -1
4300: -1
4301: 1737 -1
4302: 2941 -1
4303: -1
4304: -1
4305: -1
4306: -1
4307: 173 -1
4308: 1104 1283 4310 -1
4309: 4311 -1
4310: -1
4311: -1
4312: 217 480 713 736 912 1737 1794 1858 -1
4313: 227 754 1467 1854 -1
4314: -1
4315: -1
4316: -1
4317: 174 1373 1731 1733 1757 1791 2092 2389 2393 2398 2399 2460 2553 3325 3330 4236 4312 4313 4314 4315 4316 -1
4318: 174 4312 4313 4314 4315 4316 -1
4319: 174 4312 4313 4314 4315 4316 -1
4320: 175 -1
4321: 4324 -1
4322: -1
4323: -1
4324: -1
4325: -1
